-4
-2
-3
0
3
0
-1
-4
-2
-1
-2
-4
-3
1
-2
-2
-3
0
3
2
3
1
1
1
-1
0
0
0
3
1
0
0
-1
-1
-3
-1
-1
-2
0
-2
-3
-2
-1
-5
-3
0
-1
-2
0
1
3
3
3
0
0
-1
-2
-1
1
2
-2
1
0
1
3
1
-1
0
0
-3
-2
0
-3
-4
-2
0
-1
1
1
0
1
0
-3
-2
0
-1
-1
-2
-1
-4
-4
-7
-6
-2
-6
-6
-5
-4
-8
-6
-4
-5
-4
-6
-4
-4
-7
-5
-7
-4
-6
-5
-4
-6
-9
-5
-4
-6
-5
-5
-5
-6
-3
-3
-3
-3
-4
-7
-4
-5
-5
-6
-7
-5
-4
-2
-1
-5
-4
-1
-4
-3
-3
-3
-4
-5
-5
-9
-7
-8
-6
-6
-8
-7
-5
-6
-6
-6
-8
-5
-8
-4
0
-4
-3
-4
-4
-6
-4
-4
-4
-3
-3
-2
-4
-3
-4
-3
-3
-4
-1
-3
1
-2
-3
-3
-4
-1
-2
-1
-2
-1
2
-1
-2
-1
-4
-1
-2
-2
-1
-4
0
-1
-3
-2
-4
-2
0
-3
1
2
-1
1
3
1
-1
0
1
-1
2
3
1
4
3
1
4
3
4
4
2
6
6
3
3
3
7
5
1
6
7
3
8
9
8
7
8
8
6
6
4
5
2
4
6
5
4
4
5
6
0
3
7
6
3
2
6
3
2
-1
1
4
0
1
1
1
3
1
2
1
1
3
5
2
3
2
3
3
1
3
1
-1
1
-2
0
2
0
0
0
0
0
0
0
-1
0
1
-1
-1
-1
1
-1
-2
2
0
0
1
-2
-2
0
-1
-2
0
-1
-1
-6
-1
0
-3
-1
-4
-3
-3
1
2
2
0
1
2
2
2
3
3
-2
1
2
-1
2
4
3
5
0
1
0
1
1
-1
4
3
2
0
2
3
0
1
-1
3
6
1
1
1
3
3
1
1
3
2
0
1
0
2
2
2
1
1
-1
-2
-2
0
-1
-1
-2
-1
1
-2
0
0
0
3
3
4
5
3
3
2
2
4
4
6
6
4
5
3
0
1
1
1
-1
-3
0
3
-1
1
1
-2
0
-1
-1
-2
-2
-2
-1
-1
-4
1
2
-1
-1
-3
-4
-4
-5
-1
-1
-2
-2
0
0
1
1
-2
0
-1
1
-2
1
2
2
1
-2
0
0
-2
-1
1
-1
-1
-2
-1
-1
2
1
0
1
0
0
-1
2
1
1
3
1
3
1
-4
0
2
1
3
5
5
2
5
7
4
5
5
5
6
7
6
4
7
10
7
7
7
8
6
6
10
4
3
5
5
5
5
4
4
3
5
6
4
4
2
4
3
5
7
4
6
5
3
3
6
6
6
5
6
4
4
7
8
3
4
4
2
3
3
2
2
2
3
3
1
5
4
3
1
0
1
0
-2
-3
-2
-4
-1
1
-2
0
-1
1
-2
-1
-2
-2
-1
-3
-1
-1
2
-1
-2
0
-3
-2
0
-2
-3
0
-3
-1
-2
-5
-3
0
-1
-4
-5
-3
-3
-3
-3
-4
-4
-4
-2
-2
-5
-2
-1
-5
-4
-5
-4
-3
-4
-4
-3
-3
-5
-3
-3
-3
-3
-1
-2
-6
-2
-1
-1
-3
-2
1
0
-2
-5
-3
-1
-2
-5
-2
-5
-4
-6
-5
-4
-3
-1
-2
0
-4
-5
-1
-4
-5
-3
-4
-4
0
-2
-2
-2
-1
0
-2
-2
-1
-2
-1
1
-3
-1
-3
-1
1
-2
-2
-3
-2
0
-1
-1
1
-1
-1
4
0
-2
0
0
1
-1
-3
-2
-2
-1
-3
-2
-3
-2
0
-2
0
-1
-1
1
-1
-1
-2
-3
0
-5
-4
-1
-3
-4
-5
-2
-3
-3
-1
0
1
-1
-2
0
1
-1
-2
-2
-1
-2
0
1
0
-1
1
1
0
1
0
-1
4
2
1
3
2
2
4
3
4
4
3
2
2
4
0
0
2
2
0
1
4
0
2
1
0
1
0
0
1
0
-1
-1
-3
-1
0
-5
-2
-2
0
-1
-1
-1
-1
2
0
4
0
0
4
3
2
6
5
3
3
5
4
2
4
3
3
-2
-2
1
0
-1
1
1
3
2
3
2
1
4
0
2
-1
3
3
0
3
4
2
0
1
-1
1
0
-1
0
1
0
-3
-7
-3
0
-2
1
-1
2
1
-1
-1
-3
-2
-1
-2
-4
-3
-1
1
1
3
-1
2
4
2
-1
-1
-2
-3
-1
1
-2
-2
0
-2
-3
-4
-3
-3
-3
-2
-4
-4
-1
-1
0
-1
-3
-1
1
0
-1
1
-3
-1
-1
0
2
2
3
1
-1
3
6
3
2
3
3
0
1
2
1
3
2
0
1
3
1
-1
3
1
2
0
2
2
0
1
0
3
2
1
3
3
1
-1
2
4
2
2
4
4
4
4
4
4
3
3
1
3
1
0
2
0
-1
0
0
0
2
2
3
2
4
2
2
5
-1
3
3
2
3
4
5
7
9
5
4
3
3
1
3
4
4
4
5
5
5
4
4
7
4
6
7
2
3
6
6
6
7
7
8
6
6
4
3
4
3
4
5
5
3
2
0
3
3
3
2
1
1
3
2
-1
3
3
3
0
2
4
2
3
3
4
3
2
0
1
3
1
4
0
-2
0
-1
-1
-1
-2
-2
-1
2
1
4
1
0
2
1
2
3
2
2
1
-1
0
-1
-2
0
2
0
2
1
-4
-1
0
0
0
-2
-3
-1
0
0
-1
0
-1
-2
-3
-3
-1
-2
-2
-3
-6
-2
-2
-5
-3
-3
-2
-3
-2
-3
-6
-6
-4
-4
-4
-4
-3
-3
-2
-2
-3
0
-2
-3
-3
-4
-5
-6
-6
-3
-6
-6
-7
-7
-5
-5
-6
-5
-5
-6
-5
-5
-4
-5
-5
-7
-7
-6
-6
-5
-4
-6
-4
-4
-3
-3
-7
-4
-6
-4
0
-5
-6
-3
-1
-3
-5
-2
-2
-5
-3
-6
-6
-3
-5
-6
-6
-2
-3
-4
-4
-4
-4
-5
-2
-4
-5
-3
-3
-4
-3
-1
-4
0
-2
-1
-2
1
3
-2
0
-1
2
2
2
2
-1
1
2
-3
-1
-1
-1
-2
-4
-3
-2
1
4
0
-2
0
-1
-2
-3
-1
-2
-1
0
-1
-1
-4
-2
-3
-2
-2
-2
-2
-3
-3
-2
-2
0
0
0
-1
-4
-3
-4
-3
-5
-4
-3
-3
-4
-4
-4
-4
-3
-7
-4
-3
-6
-4
-4
-5
-5
-2
-4
-1
0
-4
-1
-3
-3
-5
-4
-5
-5
0
-2
1
-1
-1
-1
1
-1
-1
-3
-5
-2
4
0
-8
-5
0
1
-5
-5
-4
-5
-3
-1
-2
0
0
0
0
0
5
5
3
4
3
8
10
9
6
8
9
6
8
8
10
9
7
7
3
6
7
3
3
4
1
2
2
0
1
1
3
2
1
2
3
1
1
4
0
3
3
2
3
2
3
0
1
3
2
5
6
5
7
10
2
2
7
5
6
3
5
7
4
3
5
2
4
3
3
3
1
4
2
1
1
5
4
3
6
2
2
4
1
3
2
3
6
4
3
4
6
3
7
4
0
-2
-1
1
1
-2
2
1
-3
-1
-4
-2
-2
-6
-2
0
-3
-1
1
-1
-2
-1
0
0
-2
-2
0
-1
-1
-1
-2
-2
-1
0
-1
-3
-5
-3
-4
-4
-4
-6
-3
-3
-4
-4
-1
0
0
-1
-1
-1
-2
-1
-1
-1
-2
-4
0
0
-2
-3
-1
0
-3
-3
-4
-3
-3
-2
-1
0
0
-1
-1
-2
0
-2
0
-2
-2
1
-1
2
4
2
-1
0
-1
0
0
0
0
0
-2
-2
-1
-1
-1
-1
1
1
2
-2
2
1
1
4
3
3
0
1
4
0
0
4
1
1
1
2
2
1
4
3
0
1
1
-2
0
0
-1
1
0
1
0
0
0
1
4
1
0
2
-1
1
3
0
-1
-1
0
-1
-1
-2
-2
-1
-5
-2
-1
-3
-2
-3
-3
-4
-4
-5
-4
0
-4
-1
-2
-3
-2
-3
-3
-4
-5
-2
-4
-2
-2
-3
2
0
2
0
0
1
1
0
-1
2
1
4
4
3
5
3
1
3
5
3
4
2
2
4
4
6
1
1
3
-1
-1
-1
-1
-1
1
1
-2
2
0
1
3
3
2
2
0
-3
-3
-2
-2
-3
-1
-2
-1
1
-1
0
-1
-2
0
0
4
2
0
0
0
2
-2
0
2
2
4
1
2
1
-1
3
0
0
0
-1
1
-3
-3
-4
-2
-2
-5
-4
-5
-5
-8
-4
-7
-7
-7
-6
-7
-8
-6
-6
-5
-6
-6
-5
-4
-3
-3
-4
0
1
-1
-2
-2
-1
1
2
2
4
5
4
4
8
8
8
9
8
7
7
7
11
10
9
11
11
12
11
10
11
10
13
12
9
9
10
9
10
8
6
9
7
2
0
3
2
3
1
-2
1
3
2
0
0
-1
-1
-1
1
3
3
5
1
0
4
3
0
-1
-2
-5
-3
-3
-9
-8
-10
-10
-11
-14
-11
-11
-13
-16
-19
-17
-15
-20
-23
-22
-22
-24
-26
-29
-26
-29
-33
-34
-34
-36
-41
-42
-39
-40
-45
-46
-45
-44
-47
-45
-43
-34
-48
-75
-51
-20
-21
-55
-62
-31
-14
-27
-39
-20
-1
-4
-5
7
27
31
25
39
60
71
70
79
101
120
120
123
142
169
177
171
174
201
220
218
205
210
242
252
237
216
226
251
249
221
196
201
216
203
159
133
136
133
105
61
34
35
17
-29
-71
-89
-93
-122
-172
-211
-223
-234
-266
-311
-342
-348
-367
-402
-432
-446
-451
-474
-506
-512
-504
-514
-534
-545
-532
-512
-510
-515
-503
-468
-441
-428
-410
-374
-327
-291
-262
-221
-169
-114
-72
-31
27
88
149
191
238
296
361
421
455
492
545
597
635
658
697
747
765
754
756
808
847
803
711
708
793
814
686
546
549
623
593
427
308
322
336
229
82
27
42
6
-125
-257
-284
-251
-292
-422
-522
-518
-492
-543
-634
-666
-621
-608
-679
-735
-689
-604
-600
-657
-669
-596
-503
-479
-507
-481
-381
-306
-305
-304
-225
-119
-76
-98
-83
5
102
126
101
116
179
231
232
216
238
282
287
237
211
245
276
234
159
129
137
131
78
21
-9
-45
-101
-149
-167
-191
-248
-318
-354
-356
-373
-421
-464
-474
-469
-486
-517
-514
-472
-451
-465
-470
-426
-345
-291
-276
-255
-189
-98
-34
7
73
167
245
293
344
440
551
624
652
701
797
884
922
959
1044
1097
1064
1028
1100
1256
1286
1113
908
956
1185
1215
962
691
677
805
779
545
348
386
401
166
-99
-117
7
-56
-325
-598
-652
-509
-496
-707
-910
-919
-867
-950
-1081
-1107
-987
-921
-1115
-1328
-1217
-928
-857
-1024
-1121
-1029
-858
-750
-770
-761
-607
-479
-536
-598
-440
-172
-51
-149
-259
-152
115
238
180
175
265
306
256
263
365
462
428
269
156
185
298
317
181
0
-110
-123
-124
-156
-229
-341
-445
-534
-555
-509
-468
-520
-625
-632
-555
-444
-342
-321
-314
-269
-145
6
142
311
398
431
566
788
1046
1187
1245
1359
1535
1797
2049
2287
2282
1932
1848
2202
2774
2958
2463
1889
1751
2151
2333
2078
1807
1438
1158
934
745
654
613
508
-113
-756
-849
-678
-592
-897
-1387
-1728
-1801
-1766
-1917
-1902
-1783
-2022
-2404
-2589
-2455
-2166
-1894
-1959
-2428
-2566
-2198
-1862
-1734
-1665
-1591
-1603
-1586
-1431
-1173
-786
-569
-718
-868
-701
-306
39
217
197
72
113
320
528
751
924
857
608
434
540
843
1029
861
368
35
157
384
339
19
-282
-462
-631
-713
-734
-734
-849
-1211
-1543
-1536
-1213
-1049
-1234
-1445
-1500
-1329
-1051
-867
-802
-742
-636
-526
-325
13
369
567
655
736
973
1425
1746
1952
2127
2266
2535
2919
3260
3041
2594
2747
3315
3897
3699
2872
2394
2615
3121
2869
2312
2033
1788
1523
1043
778
751
613
218
-567
-1021
-1016
-924
-1016
-1547
-1991
-2099
-2091
-2194
-2406
-2265
-2129
-2403
-2725
-2793
-2466
-2124
-2070
-2296
-2495
-2231
-1884
-1776
-1652
-1456
-1291
-1281
-1284
-1156
-845
-380
-291
-587
-621
-234
186
301
266
276
299
422
543
644
832
918
777
466
372
660
827
639
286
75
100
70
-117
-313
-382
-469
-771
-1047
-1065
-970
-1033
-1324
-1592
-1626
-1422
-1244
-1310
-1414
-1363
-1187
-1066
-958
-694
-443
-293
-230
-63
345
795
1065
1100
1251
1613
2020
2348
2522
2765
2984
3214
3451
3740
4038
3751
3317
3320
4011
4733
4200
3083
2585
3172
3656
3041
2372
2052
1961
1575
875
621
605
549
-21
-973
-1408
-1393
-1188
-1365
-2104
-2578
-2613
-2503
-2748
-3080
-2845
-2643
-2959
-3531
-3573
-2939
-2546
-2652
-3043
-3136
-2713
-2316
-2088
-2008
-1879
-1690
-1637
-1594
-1477
-991
-430
-467
-810
-770
-191
283
341
342
417
555
665
736
955
1185
1214
1050
848
873
1069
1108
943
708
521
414
288
176
96
-32
-310
-729
-865
-726
-736
-969
-1272
-1423
-1419
-1323
-1231
-1229
-1192
-1221
-1209
-1042
-786
-514
-362
-212
-122
89
573
956
1111
1228
1455
1755
2103
2363
2622
2870
3053
3203
3441
3903
3616
3003
3005
3754
4647
4056
2804
2210
2842
3627
2940
2108
1790
1794
1511
690
425
517
562
1
-1137
-1600
-1388
-1095
-1275
-2080
-2649
-2634
-2384
-2552
-3002
-2844
-2484
-2724
-3390
-3512
-2781
-2224
-2388
-2845
-2970
-2520
-2000
-1819
-1807
-1742
-1559
-1443
-1426
-1304
-934
-396
-318
-786
-929
-331
333
347
102
158
361
454
483
638
902
949
685
408
417
641
741
532
171
-95
-201
-202
-294
-462
-635
-876
-1155
-1345
-1232
-1140
-1291
-1532
-1762
-1734
-1525
-1319
-1263
-1315
-1279
-1157
-931
-627
-329
-126
42
192
406
850
1331
1629
1753
1893
2100
2459
2928
3228
3357
3381
3592
3921
4329
4429
3800
3394
3659
4592
4896
3861
2826
2639
3443
3551
2639
2046
1912
1913
1168
393
416
560
311
-722
-1597
-1640
-1445
-1408
-1936
-2557
-2770
-2781
-2816
-3155
-3236
-2816
-2672
-3205
-3889
-3602
-2670
-2371
-2765
-3180
-2959
-2393
-2151
-2147
-2026
-1621
-1401
-1580
-1627
-1239
-617
-195
-357
-759
-594
108
578
507
403
581
745
762
795
1059
1426
1361
798
564
904
1238
1091
541
244
219
256
35
-374
-371
-410
-748
-1168
-1291
-1008
-951
-1205
-1677
-1870
-1484
-1234
-1300
-1392
-1255
-1031
-988
-879
-610
-205
136
165
113
446
1098
1499
1578
1584
1795
2115
2473
2788
2877
3104
3334
3552
3709
3919
4196
3784
3371
3458
4161
4750
4000
2856
2352
3052
3624
2772
1899
1681
1812
1262
235
114
405
373
-533
-1733
-1954
-1586
-1311
-1737
-2553
-2869
-2871
-2751
-2859
-3143
-2940
-2653
-2888
-3541
-3664
-2789
-2150
-2408
-2950
-2980
-2402
-2005
-1949
-1849
-1545
-1265
-1418
-1554
-1196
-533
-53
-224
-613
-599
-69
582
660
434
417
603
702
599
777
1144
1150
655
250
447
871
882
305
-202
-249
-101
-257
-648
-727
-735
-972
-1396
-1608
-1408
-1199
-1335
-1860
-2121
-1817
-1442
-1411
-1588
-1548
-1323
-1062
-876
-750
-379
70
206
124
367
1037
1509
1625
1630
1729
2140
2543
2778
2910
3034
3322
3420
3654
4032
4172
4175
3673
3288
3506
4242
4750
3861
2743
2412
2924
3366
2672
1957
1732
1638
1012
-5
-50
427
361
-613
-1872
-2229
-1855
-1529
-1810
-2542
-3009
-3112
-3109
-3137
-3172
-2972
-2796
-3191
-3838
-3863
-2997
-2258
-2451
-3011
-3129
-2663
-2200
-2025
-1879
-1607
-1403
-1583
-1745
-1338
-634
-245
-433
-815
-799
-269
360
544
393
374
459
478
473
743
1190
1281
851
278
276
826
1079
652
18
-208
-115
-108
-243
-402
-540
-765
-1142
-1353
-1161
-911
-1059
-1568
-1866
-1659
-1292
-1108
-1226
-1332
-1164
-939
-731
-458
-72
195
113
101
442
1018
1523
1604
1506
1561
1959
2436
2561
2713
2907
3056
3242
3400
3780
4054
4137
3777
3031
3095
3896
4747
4473
3111
2260
2416
3245
3234
2344
1954
1852
1397
349
-79
548
830
136
-1228
-2075
-1857
-1305
-1250
-1903
-2568
-2879
-2957
-2922
-2894
-2774
-2554
-2668
-3385
-3880
-3241
-2136
-1913
-2570
-3070
-2831
-2229
-1879
-1754
-1586
-1408
-1542
-1865
-1671
-964
-343
-301
-771
-1070
-782
-33
469
354
113
129
297
353
443
842
1154
927
375
120
501
1013
912
272
-184
-163
-97
-228
-327
-399
-597
-944
-1359
-1445
-1096
-870
-1251
-1801
-1822
-1492
-1218
-1164
-1299
-1324
-1121
-857
-708
-456
-48
151
117
152
558
1170
1520
1481
1426
1705
2103
2320
2408
2649
2880
2935
3038
3274
3644
3842
4020
3889
2879
2269
3427
5581
5502
2383
150
1490
4534
4965
2341
419
712
1511
1107
540
889
737
-571
-1771
-1758
-1089
-947
-1445
-2237
-3001
-3151
-2735
-2538
-3026
-3473
-2808
-1966
-2576
-4221
-4720
-3223
-1731
-1698
-2472
-3035
-3235
-3205
-2429
-1239
-750
-1473
-2608
-2766
-1752
-361
212
-497
-1627
-1886
-810
499
877
337
-216
-274
-76
373
1123
1595
1051
29
-245
483
1358
1388
584
-253
-380
21
224
132
-168
-629
-1068
-1208
-1010
-753
-713
-1200
-1815
-1817
-1323
-999
-1146
-1352
-1417
-1328
-956
-645
-427
-209
-66
-10
71
580
1098
1240
1241
1236
1538
1952
2202
2255
2240
2503
2716
2861
3104
3172
3264
3513
3821
3542
2601
2387
3357
4443
4195
2623
1640
2152
3078
2932
1934
1607
1784
1262
81
-392
448
1065
241
-1474
-2504
-2056
-1175
-1012
-1763
-2644
-2991
-2936
-2830
-2870
-2724
-2375
-2522
-3469
-4139
-3338
-1938
-1687
-2670
-3364
-2952
-2202
-1927
-1930
-1714
-1486
-1678
-2025
-1865
-1099
-340
-258
-861
-1332
-949
7
586
404
88
197
423
360
409
938
1456
1207
421
156
700
1325
1159
478
191
273
221
-121
-238
-15
-72
-622
-1306
-1274
-597
-444
-1074
-1703
-1669
-1279
-1079
-1082
-1195
-1159
-957
-888
-763
-331
187
338
124
154
655
1336
1690
1486
1357
1721
2229
2467
2497
2605
2743
2821
2996
3245
3499
3711
3867
4014
3503
2635
2574
3714
5025
4465
2598
1539
2279
3568
3268
2121
1683
1884
1459
175
-224
628
1205
413
-1335
-2398
-1973
-1072
-858
-1682
-2671
-2978
-2941
-2868
-2935
-2801
-2340
-2586
-3678
-4382
-3496
-1913
-1724
-2761
-3509
-3239
-2470
-2109
-1960
-1769
-1648
-1842
-2257
-2074
-1146
-265
-232
-927
-1397
-1006
-7
646
495
195
279
440
390
555
1228
1735
1440
631
267
842
1628
1650
879
208
36
95
261
311
100
-412
-1041
-1383
-1158
-685
-778
-1440
-1964
-2038
-1735
-1424
-1348
-1499
-1674
-1614
-1525
-1122
-462
-230
-357
-517
-236
343
910
1215
985
995
1385
1759
2006
2205
2351
2289
2343
2529
2972
3366
3494
3457
3488
3758
3037
2216
2768
4339
5050
3346
1558
1538
3014
3815
2510
1401
1545
1826
920
-405
-145
855
886
-506
-2200
-2438
-1487
-822
-1351
-2487
-3009
-2894
-2787
-2968
-3135
-2740
-2265
-2963
-4255
-4305
-2699
-1456
-2190
-3461
-3662
-2794
-2056
-2039
-2044
-1831
-1666
-2024
-2343
-1737
-643
-40
-527
-1414
-1517
-501
646
738
148
-16
337
507
479
839
1516
1647
975
312
455
1202
1570
1338
684
145
87
126
197
149
0
-477
-1176
-1286
-1033
-734
-831
-1491
-1994
-2027
-1569
-1346
-1429
-1422
-1594
-1629
-1380
-933
-535
-367
-298
-389
-197
452
1017
1250
1216
1079
1244
1730
2239
2473
2406
2439
2451
2607
3063
3451
3617
3569
3652
3977
3735
2871
2641
3816
5283
4682
2614
1646
2674
4127
3609
2040
1572
2066
1913
517
-112
741
1327
482
-1307
-2239
-1620
-714
-743
-1888
-2812
-2767
-2525
-2549
-2901
-2856
-2332
-2479
-3548
-4319
-3316
-1677
-1654
-2950
-3700
-3035
-2077
-1857
-2056
-2025
-1731
-1720
-2016
-1887
-996
-187
-172
-930
-1418
-778
460
1098
507
10
418
916
911
811
1381
1882
1593
896
609
1274
1984
1779
878
373
677
919
623
177
27
43
-256
-943
-1233
-765
-446
-1029
-1920
-1982
-1480
-1219
-1379
-1788
-1836
-1543
-1301
-1309
-1256
-727
-381
-526
-606
-180
597
972
807
596
836
1492
1893
1970
1996
2088
2150
2366
2679
2860
3133
3204
3272
3379
3924
4167
2971
2258
3073
4868
5060
3012
1619
2100
3694
3596
1970
1493
2065
2091
614
-436
299
1210
818
-952
-2307
-1969
-998
-717
-1604
-2665
-2936
-2743
-2618
-2962
-3151
-2668
-2481
-3369
-4385
-3871
-2229
-1755
-2955
-3923
-3483
-2383
-2038
-2348
-2360
-2025
-1837
-2143
-2270
-1543
-597
-326
-935
-1606
-1217
-51
730
444
-191
87
611
624
500
910
1687
1628
823
344
807
1734
1838
1010
300
313
699
676
277
37
-140
-408
-923
-1209
-913
-659
-993
-1826
-2231
-1889
-1464
-1459
-1864
-2097
-1950
-1710
-1524
-1375
-1049
-723
-738
-819
-513
225
781
744
595
734
1200
1682
1907
1887
1886
2030
2213
2470
2697
2973
3084
3157
3304
3467
3973
3672
2541
2202
3523
5294
4530
2241
1270
2436
4039
3311
1683
1402
2035
1677
7
-336
803
1315
281
-1528
-2367
-1759
-784
-762
-1867
-2886
-3012
-2754
-2705
-2938
-2917
-2405
-2652
-3923
-4559
-3390
-1749
-1939
-3270
-3806
-3146
-2279
-2188
-2336
-2190
-1943
-1960
-2272
-2099
-1271
-463
-348
-1017
-1475
-941
189
804
454
88
318
659
718
865
1459
1907
1625
898
641
1267
2020
2039
1383
815
524
490
858
1094
738
-119
-795
-900
-574
-171
-515
-1396
-1851
-1834
-1608
-1370
-1366
-1694
-2154
-2128
-1929
-1637
-982
-807
-1135
-1318
-942
-237
251
590
429
240
600
1026
1383
1703
1892
1761
1708
2031
2381
2695
2872
2851
2731
2953
3460
3815
4150
3527
2434
2395
3785
5183
4290
2471
1743
2631
3802
3136
2009
1924
2262
1655
94
-26
1112
1568
619
-1259
-2042
-1352
-435
-430
-1587
-2449
-2574
-2448
-2404
-2711
-2602
-2102
-2381
-3631
-4395
-3209
-1584
-1744
-3091
-3775
-3150
-2325
-2143
-2214
-2067
-1817
-2010
-2417
-2232
-1254
-385
-395
-1165
-1738
-1171
86
776
343
-104
182
541
542
662
1354
1951
1603
756
549
1311
2084
1975
1364
799
544
642
892
996
709
96
-602
-896
-602
-288
-545
-1150
-1753
-2055
-1775
-1381
-1332
-1764
-2109
-2251
-2208
-1667
-1220
-1133
-1261
-1332
-1117
-658
14
300
80
8
252
698
1178
1437
1477
1430
1529
1784
2033
2319
2521
2523
2569
2785
2972
3267
3512
3836
3476
2354
2139
3255
4939
4690
2554
1155
1778
3503
3538
2167
1572
1784
1519
328
-108
859
1465
664
-1067
-2185
-1761
-797
-479
-1315
-2528
-2993
-2766
-2506
-2682
-2827
-2414
-2405
-3525
-4468
-3660
-1882
-1529
-2827
-3753
-3379
-2478
-2082
-2078
-1967
-1821
-1919
-2268
-2198
-1379
-421
-210
-880
-1572
-1307
-93
904
723
63
67
578
770
704
1165
1787
1660
936
552
1057
1858
2110
1462
357
103
742
1267
935
46
-492
-591
-414
-611
-1091
-1116
-1093
-1684
-2495
-2312
-1575
-1529
-2100
-2668
-2719
-2176
-1551
-1587
-1960
-1763
-1300
-1158
-1047
-601
-126
50
61
-55
222
1004
1454
1280
1027
1394
1842
2099
2319
2302
2348
2449
2771
2953
3090
3524
3861
3976
3179
2238
2520
4171
5519
4309
2013
1306
2785
4189
3335
1929
1752
2150
1523
91
100
1303
1636
228
-1754
-2219
-1264
-397
-639
-1849
-2838
-2987
-2613
-2410
-2669
-2705
-2327
-2668
-3838
-4294
-3022
-1500
-1885
-3323
-3812
-3013
-2049
-1866
-1904
-1818
-1785
-1901
-2034
-1567
-610
21
-90
-854
-1254
-537
764
1408
759
203
598
1096
1167
1264
1866
2179
1587
915
971
1775
2439
2212
1403
790
809
1117
1234
1102
772
268
-255
-606
-619
-320
-286
-1008
-2021
-2296
-1660
-1213
-1507
-2078
-2474
-2435
-2170
-1883
-1713
-1639
-1604
-1786
-1766
-1178
-454
-165
-327
-509
-304
317
966
1129
977
1039
1285
1519
1806
2222
2441
2379
2234
2244
2580
3067
3457
3626
3677
3606
2940
2215
2633
4277
5430
4104
1600
902
2722
4459
3569
1621
1196
1864
1576
239
57
1172
1422
-32
-1897
-2322
-1279
-236
-474
-2094
-3438
-3249
-2278
-2001
-2790
-3137
-2544
-2534
-3718
-4440
-3053
-1348
-1780
-3500
-4091
-2925
-1747
-1646
-2034
-2188
-1967
-1841
-1880
-1626
-922
-173
-231
-1122
-1618
-720
843
1277
261
-499
80
952
1076
896
1282
1706
1278
633
689
1536
2241
2013
1117
261
316
1099
1610
1219
135
-532
-432
-135
-197
-541
-813
-1295
-1960
-2173
-1730
-1277
-1590
-2376
-2881
-2701
-2072
-1655
-1745
-2150
-2243
-1893
-1430
-1060
-842
-693
-668
-652
-363
244
834
950
638
551
967
1610
2064
2012
1796
1816
2137
2480
2489
2568
2835
2994
3058
3135
3603
3705
2754
1989
2722
4622
4994
2943
1098
1520
3522
4040
2400
1129
1392
1913
1047
-72
288
1104
798
-818
-2190
-1954
-860
-392
-1394
-2890
-3228
-2520
-1984
-2520
-3255
-2901
-2241
-2738
-3986
-3895
-2168
-1222
-2293
-3630
-3348
-2016
-1422
-1809
-2128
-1875
-1502
-1522
-1663
-1380
-671
-155
-481
-1255
-1304
-200
955
819
-114
-264
547
1110
879
809
1403
1725
1278
773
1069
1877
2193
1782
1021
543
676
1158
1510
1145
179
-564
-576
-134
-4
-432
-1124
-1727
-1903
-1714
-1508
-1564
-1911
-2372
-2639
-2437
-1917
-1555
-1684
-2065
-2170
-1761
-1080
-678
-649
-721
-623
-294
90
516
809
857
758
762
1198
1759
2050
1930
1672
1838
2253
2586
2683
2589
2693
2879
3152
3407
3566
3934
3682
2653
2221
3492
5440
5083
2617
1125
2285
4397
4185
2145
1208
1966
2382
1026
-23
686
1551
894
-1050
-2205
-1591
-406
-293
-1704
-3031
-3003
-2237
-2031
-2743
-3242
-2737
-2276
-3052
-4171
-3679
-1904
-1385
-2776
-3953
-3374
-1998
-1579
-2080
-2403
-2116
-1728
-1806
-1905
-1471
-673
-294
-824
-1484
-1177
124
1058
603
-247
-95
818
1228
985
1107
1650
1749
1159
738
1197
2017
2235
1515
575
343
852
1393
1255
419
-408
-548
-178
-30
-359
-784
-1137
-1514
-1771
-1727
-1492
-1430
-1779
-2333
-2507
-2045
-1513
-1490
-1838
-2094
-1980
-1513
-1004
-780
-826
-857
-725
-461
-88
287
492
492
485
643
1028
1465
1673
1659
1596
1687
1941
2233
2496
2576
2580
2644
2806
3145
3522
3868
3824
2969
2102
2585
4490
5458
3697
1178
1018
3276
4531
2893
826
934
2111
1603
-99
-246
1094
1324
-516
-2383
-2332
-979
-229
-1103
-2698
-3369
-2756
-2037
-2283
-3033
-3069
-2422
-2528
-3725
-4153
-2667
-1185
-1904
-3660
-3876
-2438
-1379
-1668
-2230
-2104
-1658
-1611
-1827
-1562
-746
-165
-438
-1221
-1420
-457
825
1056
142
-415
259
1112
1099
831
1213
1677
1285
580
669
1533
2130
1729
810
361
653
1096
1174
921
375
-251
-454
-210
-20
-132
-524
-1199
-1751
-1608
-1070
-991
-1512
-2110
-2371
-2160
-1714
-1514
-1677
-1900
-2020
-1973
-1532
-887
-636
-818
-955
-821
-421
178
631
610
389
444
806
1289
1703
1784
1550
1423
1659
2131
2534
2620
2393
2236
2497
2953
3250
3330
3412
3664
3667
2865
1995
2704
4796
5457
3192
593
999
3655
4658
2648
664
1124
2214
1409
-147
45
1350
1196
-807
-2442
-2052
-517
59
-1135
-2831
-3348
-2562
-1787
-2090
-2941
-3006
-2396
-2652
-3875
-3968
-2206
-991
-2165
-3995
-3862
-2121
-1106
-1656
-2443
-2310
-1721
-1565
-1701
-1389
-628
-204
-638
-1402
-1372
-141
1168
1079
-122
-617
301
1295
1255
926
1260
1675
1315
698
926
1894
2435
1864
809
463
1038
1547
1372
916
540
143
-227
-316
-137
25
-288
-1292
-2148
-1846
-1038
-1082
-1923
-2539
-2591
-2326
-1994
-1914
-2030
-2055
-2121
-2286
-2019
-1237
-772
-991
-1315
-1255
-765
-45
366
180
-43
197
595
845
1112
1349
1356
1288
1352
1594
2019
2377
2290
1974
2054
2528
2874
2973
3061
3255
3558
3684
3075
2149
2510
4424
5486
3746
1037
820
3290
4895
3337
855
669
2087
2009
230
-435
817
1432
-270
-2494
-2752
-1173
-56
-967
-2995
-3993
-3235
-2112
-2160
-3160
-3618
-3038
-2723
-3637
-4403
-3270
-1476
-1733
-3767
-4554
-2971
-1244
-1335
-2449
-2811
-2146
-1577
-1640
-1635
-1068
-474
-562
-1182
-1442
-653
704
1180
264
-587
-22
1208
1600
1188
1103
1529
1617
1122
938
1610
2330
2099
1175
647
995
1588
1532
839
324
392
408
-133
-646
-434
32
-370
-1648
-2379
-1649
-622
-1000
-2365
-2910
-2256
-1648
-1833
-2290
-2348
-2039
-1922
-2134
-2022
-1271
-750
-1146
-1711
-1389
-361
325
125
-438
-430
295
882
862
806
1098
1333
1264
1298
1714
2216
2314
1954
1719
2122
2801
2994
2690
2592
3045
3644
3947
3736
2950
2208
2650
4316
5225
3733
1287
907
2969
4436
3121
852
590
1889
1847
138
-516
693
1245
-424
-2424
-2463
-994
-191
-1127
-2750
-3391
-2793
-2039
-2060
-2691
-3048
-2744
-2558
-3266
-3873
-2898
-1325
-1547
-3346
-4018
-2589
-1107
-1266
-2201
-2331
-1673
-1337
-1513
-1368
-610
-31
-277
-915
-1015
-179
963
1288
535
-143
328
1367
1666
1262
1238
1708
1729
1142
975
1686
2372
2115
1186
644
1016
1669
1669
986
367
259
387
305
-57
-350
-343
-459
-1098
-1674
-1438
-886
-1083
-1960
-2483
-2194
-1668
-1631
-2034
-2252
-2076
-1915
-1964
-1837
-1400
-1111
-1248
-1454
-1253
-620
-45
-18
-359
-411
95
684
892
856
947
1200
1372
1423
1588
1960
2249
2159
1926
2019
2429
2764
2796
2694
2732
3020
3419
3707
3700
3206
2405
2231
3429
4847
4313
1908
555
2039
4125
3692
1328
303
1432
2066
695
-603
97
1184
284
-1871
-2702
-1607
-431
-767
-2262
-3374
-3166
-2242
-1972
-2688
-3298
-2985
-2488
-2970
-3886
-3538
-1955
-1375
-2762
-3984
-3154
-1498
-1163
-2006
-2391
-1836
-1293
-1367
-1500
-1019
-263
-128
-690
-1082
-619
440
1100
679
-136
-40
909
1406
1098
939
1324
1514
1095
733
1112
1840
1913
1168
537
672
1187
1432
1145
460
1
222
575
249
-455
-656
-380
-410
-1029
-1587
-1399
-874
-1091
-2032
-2448
-1891
-1370
-1656
-2279
-2460
-2120
-1822
-1951
-2124
-1800
-1296
-1288
-1567
-1400
-708
-143
-196
-574
-517
179
798
776
558
773
1266
1479
1368
1383
1727
2029
1893
1635
1828
2326
2471
2184
2068
2421
2842
2920
2911
3216
3527
3073
2047
1942
3501
5041
4235
1616
425
2223
4448
3889
1318
238
1520
2329
956
-458
209
1416
575
-1726
-2697
-1456
-29
-430
-2207
-3404
-3029
-2014
-1790
-2581
-3266
-2944
-2362
-2826
-3812
-3425
-1756
-1238
-2740
-4012
-3153
-1389
-946
-1884
-2513
-2005
-1274
-1234
-1461
-1139
-487
-313
-776
-1173
-758
340
1037
534
-405
-356
716
1447
1219
878
1115
1432
1260
998
1297
1957
2155
1567
869
913
1598
2076
1831
1113
433
259
670
1038
694
-105
-605
-694
-690
-735
-862
-1139
-1490
-1838
-2099
-2054
-1715
-1624
-2077
-2570
-2614
-2306
-1941
-1757
-1911
-2158
-2084
-1717
-1390
-1162
-966
-901
-917
-780
-445
-56
230
256
121
235
695
1041
1086
1138
1284
1328
1368
1630
1999
2228
2237
2150
2223
2576
2979
3186
3313
3560
3763
3463
2678
2465
3798
5441
4866
2151
707
2516
4939
4445
1720
470
1733
2590
1206
-226
457
1623
675
-1667
-2582
-1320
51
-418
-2252
-3489
-3175
-2223
-1998
-2707
-3364
-3180
-2777
-3261
-4106
-3650
-2057
-1605
-3101
-4368
-3494
-1644
-1143
-2124
-2781
-2250
-1531
-1510
-1642
-1181
-489
-353
-822
-1164
-688
483
1281
848
-100
-75
1019
1786
1596
1306
1578
1868
1635
1369
1776
2549
2687
1918
1153
1241
1885
2279
2037
1351
803
748
764
399
182
551
568
-582
-1889
-1837
-675
-160
-1286
-2913
-3147
-2068
-1500
-2142
-2869
-2906
-2750
-2873
-2991
-2672
-2108
-2082
-2820
-3243
-2460
-1269
-990
-1618
-2099
-1722
-782
-176
-282
-488
-219
232
441
602
1018
1472
1562
1321
1276
1844
2576
2702
2286
2127
2494
2949
3145
3159
3217
3469
3799
3931
3842
3652
3369
3087
3413
4404
4675
3224
1457
1660
3498
4209
2508
508
609
1833
1569
-60
-577
381
501
-1143
-2593
-2237
-1040
-836
-1998
-3281
-3489
-2763
-2234
-2561
-3236
-3389
-2961
-2781
-3287
-3564
-2700
-1669
-2071
-3348
-3426
-2020
-1004
-1429
-2181
-2012
-1275
-953
-1043
-828
-205
173
-47
-361
-130
650
1366
1401
867
594
1085
1794
1948
1680
1655
1888
1836
1495
1493
1986
2273
1807
1058
843
1208
1520
1384
973
652
520
316
-77
-244
66
156
-687
-1840
-2033
-1198
-661
-1426
-2730
-3030
-2230
-1740
-2244
-2820
-2738
-2516
-2739
-3052
-2804
-2137
-1932
-2526
-3016
-2479
-1433
-1067
-1515
-1875
-1494
-695
-243
-302
-285
135
543
593
633
1027
1578
1831
1654
1495
1826
2400
2560
2285
2173
2426
2688
2732
2666
2690
2870
3068
3141
3203
3407
3598
3480
3006
2453
2444
3408
4367
3733
1743
780
2036
3571
3067
1080
107
919
1525
455
-778
-328
679
-25
-1970
-2750
-1715
-607
-1018
-2498
-3379
-2933
-2123
-2135
-2774
-3051
-2704
-2390
-2731
-3308
-2947
-1641
-1065
-2065
-3048
-2405
-949
-429
-1056
-1590
-1188
-438
-276
-533
-336
337
620
212
-205
64
950
1579
1217
413
340
1101
1648
1433
1058
1124
1403
1282
853
846
1341
1534
1005
349
254
633
914
700
187
-156
-224
-237
-374
-646
-960
-1131
-1190
-1465
-1952
-2137
-1913
-1819
-2173
-2692
-2860
-2529
-2151
-2274
-2705
-2784
-2494
-2314
-2339
-2340
-2202
-2039
-1950
-1894
-1660
-1183
-861
-977
-1101
-780
-181
217
242
203
409
867
1231
1333
1436
1671
1862
1905
1913
2058
2294
2440
2350
2155
2200
2458
2589
2474
2336
2402
2616
2765
2793
2827
2990
3083
2855
2410
2071
2354
3317
3837
2810
1025
667
2141
3316
2410
430
-147
937
1346
112
-865
-209
515
-442
-2078
-2341
-1124
-279
-1066
-2495
-2909
-2197
-1541
-1644
-2115
-2340
-2064
-1751
-2035
-2445
-1919
-810
-694
-1820
-2487
-1620
-335
-198
-1112
-1577
-972
-304
-389
-679
-414
88
104
-292
-484
-62
709
991
443
-177
53
836
1123
748
438
579
794
637
348
457
857
858
250
-246
-131
260
420
170
-283
-542
-441
-289
-384
-576
-786
-1023
-1091
-1001
-1043
-1283
-1445
-1444
-1471
-1605
-1794
-1803
-1517
-1423
-1803
-2081
-1795
-1425
-1531
-1844
-1885
-1620
-1328
-1359
-1522
-1320
-891
-761
-895
-778
-358
-31
52
-6
74
476
880
948
885
1060
1395
1521
1454
1452
1639
1918
1967
1764
1658
1868
2132
2088
1921
2020
2276
2381
2313
2333
2599
2974
3119
2783
2379
2425
2734
3048
3411
3472
2756
1828
1858
2757
3259
2565
1306
885
1455
1609
781
221
593
628
-457
-1452
-1264
-470
-349
-1250
-2242
-2389
-1904
-1674
-1925
-2240
-2404
-2418
-2376
-2486
-2569
-2218
-1739
-1928
-2646
-2796
-2075
-1356
-1457
-2046
-2195
-1719
-1314
-1341
-1337
-986
-704
-834
-1040
-885
-343
111
86
-266
-408
-37
477
604
410
302
394
470
439
461
645
841
728
327
175
521
868
780
462
271
276
399
453
337
213
64
-336
-708
-514
-110
-347
-1136
-1608
-1381
-951
-1067
-1747
-2122
-1763
-1487
-1949
-2395
-2069
-1558
-1709
-2324
-2557
-2046
-1397
-1413
-1939
-2023
-1431
-941
-978
-1116
-884
-395
-90
-132
-140
289
881
1032
841
942
1416
1774
1746
1651
1819
2137
2259
2120
2048
2272
2539
2573
2479
2501
2674
2842
2910
2923
3056
3361
3607
3500
3221
3196
3372
3385
3339
3528
3612
3026
2102
1896
2650
3159
2273
789
407
1054
1085
86
-628
-454
-411
-1209
-2116
-2179
-1627
-1549
-2312
-3133
-3282
-2913
-2603
-2666
-3043
-3346
-3194
-2857
-2876
-3016
-2697
-2155
-2162
-2649
-2692
-1988
-1285
-1296
-1718
-1753
-1320
-967
-896
-829
-617
-435
-390
-386
-287
31
405
477
253
132
403
798
921
805
760
902
969
849
818
996
1121
969
704
594
635
689
650
461
228
85
71
54
-78
-225
-319
-441
-710
-1012
-1020
-749
-725
-1238
-1809
-1782
-1316
-1175
-1596
-2032
-1930
-1531
-1485
-1796
-1895
-1574
-1347
-1575
-1807
-1532
-988
-823
-1149
-1327
-887
-202
33
-226
-339
40
582
851
842
911
1225
1524
1550
1524
1827
2244
2291
2044
1931
2128
2405
2456
2264
2108
2177
2250
2200
2223
2323
2314
2200
2139
2246
2510
2773
2695
2320
2145
2153
2108
2268
2768
2835
1841
672
773
2001
2568
1350
-241
-216
751
623
-565
-961
-262
-136
-1252
-2284
-1972
-940
-809
-1834
-2766
-2716
-2106
-1797
-2027
-2447
-2580
-2292
-2132
-2410
-2522
-1971
-1337
-1537
-2248
-2305
-1481
-736
-895
-1472
-1486
-981
-662
-757
-806
-512
-248
-311
-548
-561
-143
300
310
-69
-319
-61
365
467
263
140
261
314
176
146
318
472
362
86
-54
59
298
363
157
-36
-46
50
101
55
16
20
17
-133
-296
-232
-199
-426
-549
-387
-397
-864
-1200
-902
-418
-498
-1190
-1596
-1096
-445
-614
-1260
-1354
-860
-621
-861
-1102
-940
-554
-470
-737
-808
-390
35
-39
-317
-243
215
650
634
339
357
795
1125
1022
902
1076
1287
1317
1172
1089
1271
1512
1435
1092
998
1282
1547
1556
1374
1277
1492
1808
1868
1773
1949
2336
2427
2239
2035
1880
2055
2705
3160
2503
1191
808
1844
2915
2354
630
-16
899
1384
365
-617
-219
402
-245
-1579
-1962
-1091
-425
-1030
-2155
-2558
-2104
-1625
-1682
-2122
-2457
-2289
-1962
-2107
-2477
-2281
-1587
-1401
-2051
-2533
-2060
-1162
-921
-1481
-1879
-1578
-1128
-1068
-1177
-1029
-751
-674
-824
-951
-699
-131
166
-109
-493
-367
163
496
419
228
251
445
496
427
534
806
864
580
360
461
732
936
874
597
436
528
661
678
671
663
568
463
418
408
449
447
266
50
46
127
-26
-274
-314
-212
-226
-473
-751
-736
-455
-407
-804
-1151
-1040
-753
-704
-947
-1223
-1224
-1024
-960
-1081
-1094
-927
-816
-866
-933
-818
-524
-337
-428
-525
-338
-21
132
103
69
180
417
564
563
616
770
847
827
875
1005
1146
1327
1449
1427
1465
1726
1988
2034
2001
2105
2431
2870
2960
2590
2368
2559
2759
2856
3046
3063
2518
1795
1683
2251
2678
2110
990
598
1010
1064
362
-136
14
10
-690
-1492
-1571
-1082
-987
-1645
-2381
-2565
-2332
-2165
-2247
-2518
-2792
-2813
-2680
-2699
-2769
-2595
-2310
-2324
-2605
-2693
-2324
-1766
-1585
-1858
-2007
-1724
-1326
-1122
-1044
-949
-811
-637
-519
-459
-221
166
358
264
180
367
718
961
967
850
879
1052
1137
1139
1187
1259
1232
1109
1036
1066
1196
1284
1147
930
835
854
884
851
763
614
497
442
377
315
230
69
-79
-142
-170
-301
-510
-619
-625
-643
-798
-1024
-1073
-998
-1050
-1264
-1396
-1305
-1237
-1325
-1436
-1467
-1394
-1350
-1408
-1433
-1349
-1237
-1206
-1194
-1106
-982
-808
-654
-614
-580
-450
-235
-28
97
153
178
308
511
627
720
820
872
898
944
1028
1103
1211
1301
1258
1244
1372
1512
1563
1561
1556
1617
1821
2034
2070
2123
2265
2269
2171
2090
2093
2332
2756
2759
1991
1273
1498
2314
2564
1691
595
518
1150
1153
282
-273
-12
109
-551
-1381
-1459
-909
-767
-1452
-2228
-2277
-1802
-1606
-1904
-2315
-2392
-2102
-1951
-2170
-2353
-2086
-1633
-1598
-1941
-2074
-1669
-1077
-1014
-1413
-1534
-1141
-712
-672
-795
-729
-471
-242
-301
-414
-175
228
350
164
39
227
563
741
612
457
623
881
921
818
838
1030
1156
1095
965
973
1193
1333
1190
992
1020
1220
1311
1194
1039
999
1077
1063
883
776
800
767
536
278
243
324
224
-121
-422
-424
-362
-536
-849
-998
-988
-1142
-1449
-1599
-1486
-1411
-1672
-2049
-2111
-1874
-1702
-1821
-2061
-2121
-1977
-1795
-1737
-1753
-1673
-1513
-1389
-1349
-1260
-1021
-758
-657
-693
-602
-291
-25
29
15
119
375
586
633
675
859
1089
1183
1224
1356
1551
1743
1864
1907
2006
2209
2438
2571
2584
2631
2842
3131
3156
2915
2922
3304
3420
2893
2465
2881
3479
3071
1859
1352
2091
2690
1901
599
316
910
933
-32
-831
-754
-432
-804
-1709
-2168
-1890
-1537
-1824
-2563
-2976
-2713
-2279
-2359
-2866
-3079
-2730
-2368
-2473
-2739
-2574
-2078
-1860
-2070
-2192
-1827
-1284
-1071
-1207
-1284
-1003
-576
-355
-364
-333
-66
258
367
315
419
787
1089
1048
873
923
1242
1494
1466
1331
1337
1488
1599
1579
1526
1514
1510
1446
1320
1239
1244
1261
1168
950
755
679
675
603
419
195
16
-121
-243
-380
-532
-705
-919
-1133
-1318
-1435
-1518
-1638
-1824
-2035
-2176
-2221
-2264
-2362
-2473
-2527
-2557
-2640
-2696
-2624
-2454
-2361
-2441
-2507
-2374
-2112
-1932
-1914
-1887
-1724
-1484
-1292
-1159
-991
-768
-578
-458
-323
-90
199
386
453
529
713
963
1126
1207
1295
1436
1582
1664
1735
1824
1930
2024
2072
2115
2168
2244
2311
2318
2313
2368
2484
2563
2545
2542
2611
2649
2539
2394
2438
2645
2680
2372
1975
1831
1990
2115
1906
1433
1016
905
953
840
470
74
-108
-208
-471
-834
-986
-910
-981
-1378
-1786
-1830
-1612
-1554
-1788
-2023
-2023
-1884
-1854
-1931
-1926
-1764
-1596
-1593
-1673
-1601
-1313
-1029
-981
-1082
-1026
-749
-460
-356
-367
-301
-140
10
98
199
344
457
484
476
527
662
792
835
783
716
723
786
837
820
751
685
634
598
556
527
495
415
288
153
70
58
43
-53
-214
-375
-442
-474
-533
-619
-719
-813
-929
-1047
-1131
-1148
-1169
-1284
-1475
-1620
-1615
-1503
-1489
-1677
-1892
-1924
-1767
-1666
-1760
-1886
-1860
-1734
-1695
-1741
-1697
-1503
-1341
-1347
-1406
-1290
-1009
-775
-706
-706
-595
-362
-158
-35
82
261
436
534
612
764
994
1162
1210
1233
1336
1499
1614
1665
1705
1761
1833
1898
1939
1981
2033
2076
2085
2063
2088
2180
2243
2213
2161
2191
2251
2255
2236
2274
2297
2177
2046
2112
2262
2190
1886
1705
1815
1873
1615
1281
1228
1300
1109
677
403
441
438
129
-305
-521
-535
-609
-878
-1168
-1305
-1343
-1447
-1656
-1822
-1832
-1792
-1865
-2045
-2129
-2016
-1869
-1860
-1945
-1948
-1827
-1692
-1609
-1540
-1452
-1355
-1271
-1175
-1053
-923
-794
-696
-633
-574
-471
-329
-221
-175
-129
-56
19
52
75
167
262
280
237
231
298
376
392
349
321
326
335
334
321
288
242
194
170
170
141
53
-72
-158
-149
-148
-246
-409
-522
-552
-586
-679
-808
-881
-916
-996
-1128
-1220
-1231
-1221
-1285
-1413
-1483
-1460
-1406
-1422
-1477
-1471
-1413
-1367
-1336
-1291
-1206
-1106
-1019
-940
-851
-742
-622
-470
-314
-187
-78
51
198
329
459
618
776
883
944
1049
1207
1339
1387
1419
1509
1622
1672
1666
1701
1774
1829
1801
1752
1767
1835
1867
1804
1726
1715
1757
1765
1722
1679
1662
1644
1608
1584
1588
1595
1553
1493
1435
1386
1365
1365
1339
1222
1057
958
948
916
778
578
424
332
221
56
-122
-269
-412
-575
-744
-902
-1020
-1130
-1267
-1426
-1538
-1587
-1636
-1729
-1820
-1849
-1823
-1814
-1851
-1854
-1798
-1720
-1666
-1623
-1550
-1444
-1337
-1237
-1155
-1056
-936
-796
-669
-578
-486
-373
-238
-136
-58
34
152
251
304
337
392
473
543
595
612
608
596
607
652
688
670
603
538
513
516
503
444
353
266
192
130
66
-6
-75
-159
-282
-443
-545
-540
-516
-624
-868
-1032
-980
-856
-911
-1130
-1275
-1187
-1058
-1083
-1210
-1244
-1115
-1020
-1044
-1083
-985
-803
-717
-753
-740
-557
-330
-226
-239
-184
5
210
313
349
447
606
741
796
859
965
1079
1142
1147
1168
1227
1302
1308
1268
1217
1231
1264
1239
1154
1068
1055
1044
990
899
843
823
780
702
624
595
590
568
506
435
393
402
413
397
350
310
313
325
329
320
317
312
300
292
313
351
354
324
293
307
352
384
363
302
275
289
321
305
250
196
167
143
95
49
18
-20
-104
-196
-268
-293
-312
-379
-484
-585
-626
-633
-662
-731
-801
-835
-845
-866
-878
-874
-860
-876
-902
-875
-799
-736
-734
-735
-679
-576
-502
-476
-453
-381
-292
-238
-212
-180
-120
-78
-63
-52
-21
3
-10
-45
-51
-35
-47
-101
-165
-185
-187
-208
-282
-345
-364
-369
-389
-446
-489
-490
-486
-513
-548
-556
-518
-506
-540
-567
-541
-477
-457
-474
-484
-445
-397
-376
-369
-344
-301
-271
-244
-223
-179
-139
-109
-73
-34
9
39
70
116
180
222
234
257
320
411
454
457
471
547
640
692
698
718
782
844
888
896
922
965
1004
1022
1012
1012
1033
1059
1067
1029
968
943
961
978
917
810
760
775
781
701
577
527
556
540
438
318
285
312
280
181
83
58
70
20
-74
-140
-153
-161
-217
-304
-359
-360
-369
-422
-496
-537
-534
-534
-563
-601
-632
-625
-602
-600
-604
-608
-591
-548
-515
-502
-485
-440
-378
-344
-326
-292
-234
-174
-146
-137
-92
-31
5
15
19
66
111
107
87
100
139
156
114
77
101
130
114
48
5
18
30
-14
-72
-115
-131
-143
-197
-244
-273
-304
-347
-399
-436
-454
-489
-529
-572
-608
-619
-635
-660
-677
-693
-700
-697
-700
-691
-675
-663
-636
-617
-599
-560
-516
-463
-420
-392
-347
-284
-217
-153
-105
-51
-1
51
134
213
261
290
336
417
499
543
561
599
671
732
758
773
800
849
884
896
896
894
917
949
956
916
880
875
893
888
839
774
738
727
711
665
593
545
514
486
443
378
339
318
283
231
178
155
153
118
63
30
19
26
8
-36
-66
-77
-64
-65
-92
-132
-147
-129
-105
-114
-152
-179
-163
-129
-120
-133
-158
-163
-160
-144
-133
-137
-155
-186
-204
-190
-170
-177
-233
-291
-299
-275
-270
-322
-385
-405
-394
-401
-425
-456
-466
-473
-485
-480
-462
-461
-482
-486
-456
-407
-395
-415
-414
-378
-332
-310
-324
-325
-304
-267
-240
-243
-254
-247
-221
-196
-197
-214
-202
-175
-144
-145
-168
-155
-121
-82
-77
-100
-108
-79
-37
-26
-52
-75
-69
-45
-35
-54
-86
-104
-101
-100
-114
-139
-163
-178
-171
-172
-183
-203
-208
-193
-183
-176
-181
-168
-148
-119
-89
-72
-45
-17
24
67
107
141
178
220
261
319
371
403
440
480
541
597
623
642
687
748
783
797
801
841
887
884
879
875
895
914
882
847
831
827
817
767
692
657
645
612
539
437
390
382
329
230
137
99
85
19
-82
-137
-159
-183
-252
-320
-329
-327
-371
-425
-444
-419
-407
-447
-469
-449
-420
-406
-424
-421
-387
-363
-347
-335
-318
-295
-275
-257
-222
-209
-199
-179
-155
-119
-117
-115
-89
-56
-45
-48
-46
-15
14
-3
-14
-18
0
21
-5
-34
-41
-38
-45
-77
-114
-122
-140
-175
-209
-244
-253
-283
-337
-373
-397
-411
-435
-482
-516
-535
-538
-546
-575
-604
-612
-593
-586
-600
-613
-607
-568
-548
-550
-542
-510
-473
-447
-428
-409
-370
-332
-283
-257
-237
-201
-150
-90
-64
-49
-11
59
107
129
150
201
268
302
317
355
421
479
502
512
550
618
676
698
703
725
773
821
849
844
840
858
876
885
876
851
835
815
789
758
723
687
637
575
520
482
441
378
305
234
182
147
94
33
-31
-81
-128
-168
-205
-243
-283
-325
-354
-375
-380
-402
-428
-456
-464
-458
-448
-446
-463
-467
-450
-421
-395
-385
-379
-348
-308
-279
-252
-226
-189
-158
-131
-98
-60
-25
-3
16
44
69
94
101
114
119
128
135
131
129
117
115
105
94
74
58
43
25
1
-24
-53
-74
-92
-114
-147
-192
-220
-236
-248
-282
-325
-366
-384
-392
-409
-438
-476
-503
-507
-497
-503
-529
-553
-546
-531
-513
-514
-516
-500
-479
-452
-426
-403
-379
-354
-319
-279
-244
-207
-170
-132
-93
-57
-12
31
70
103
134
172
207
242
273
296
317
335
364
400
416
427
437
453
483
507
523
533
535
549
578
610
621
617
623
643
673
690
686
678
670
676
683
677
653
623
606
594
574
534
493
457
428
390
349
303
259
219
179
133
78
28
-4
-36
-74
-124
-175
-201
-220
-241
-277
-318
-345
-358
-361
-367
-388
-408
-413
-399
-381
-380
-381
-372
-353
-334
-318
-294
-271
-255
-235
-211
-182
-154
-139
-125
-114
-89
-61
-39
-33
-35
-28
-8
17
19
8
-2
6
25
36
19
-3
-13
-11
-4
-12
-40
-67
-81
-83
-82
-102
-131
-156
-170
-169
-181
-202
-229
-250
-256
-255
-267
-286
-302
-309
-311
-315
-323
-334
-342
-352
-355
-354
-355
-364
-365
-358
-349
-344
-336
-328
-313
-291
-267
-243
-220
-191
-156
-118
-83
-50
-13
31
72
112
152
186
227
266
300
330
355
388
413
439
462
478
495
513
534
545
556
565
572
582
588
592
592
595
593
591
583
571
556
543
524
502
473
442
414
386
348
309
266
222
184
140
91
40
-8
-50
-94
-139
-186
-226
-266
-298
-332
-366
-394
-421
-436
-453
-469
-480
-493
-499
-495
-491
-490
-483
-471
-456
-436
-416
-401
-376
-353
-327
-297
-268
-242
-215
-181
-149
-115
-90
-62
-34
-6
21
49
67
96
115
132
149
163
177
183
193
194
195
192
191
186
170
153
143
127
108
87
61
43
14
-7
-29
-58
-83
-106
-132
-154
-177
-198
-216
-236
-246
-259
-273
-282
-287
-291
-294
-292
-291
-287
-277
-270
-255
-242
-226
-208
-183
-162
-137
-111
-86
-55
-26
7
31
67
92
124
152
173
202
225
248
268
289
307
323
331
341
347
358
362
364
368
362
363
364
356
348
344
333
328
317
303
290
276
260
252
234
215
201
184
167
148
130
108
90
69
54
33
11
-7
-28
-46
-59
-77
-96
-108
-122
-138
-152
-165
-180
-189
-196
-207
-211
-218
-224
-224
-229
-234
-234
-233
-235
-232
-230
-230
-225
-220
-213
-206
-195
-193
-188
-177
-166
-155
-144
-135
-127
-112
-101
-84
-74
-63
-47
-33
-17
0
16
27
45
61
77
92
107
119
132
147
159
172
182
189
199
202
207
212
211
213
213
209
203
197
189
182
171
157
141
128
115
97
79
59
41
23
2
-17
-38
-58
-76
-95
-112
-129
-146
-162
-174
-189
-200
-209
-220
-225
-232
-236
-242
-241
-244
-239
-236
-237
-230
-229
-220
-213
-203
-195
-188
-172
-163
-150
-128
-116
-97
-80
-64
-44
-23
-1
23
44
66
87
110
131
153
172
190
208
221
238
249
262
270
275
281
281
283
282
280
273
266
257
247
237
222
206
195
175
160
142
120
99
76
57
38
18
-5
-27
-48
-70
-93
-109
-130
-151
-174
-186
-201
-216
-224
-236
-241
-251
-253
-256
-258
-256
-252
-248
-243
-234
-228
-214
-203
-190
-174
-159
-142
-119
-101
-76
-56
-36
-15
9
35
54
83
106
133
156
185
205
226
248
265
284
300
314
325
334
344
349
348
349
345
338
328
316
300
284
265
241
219
191
163
132
98
67
33
1
-34
-68
-99
-135
-170
-201
-232
-263
-290
-320
-344
-365
-386
-400
-415
-426
-437
-443
-445
-451
-449
-443
-439
-430
-417
-406
-386
-369
-351
-326
-307
-280
-251
-228
-193
-163
-130
-98
-66
-33
0
35
68
105
135
170
201
230
257
283
308
329
348
364
380
392
402
409
414
415
411
404
397
387
373
357
342
322
304
280
255
234
205
177
152
123
95
69
44
17
-9
-32
-57
-80
-101
-120
-133
-148
-164
-174
-183
-192
-190
-196
-197
-194
-193
-186
-180
-169
-157
-145
-132
-120
-104
-86
-68
-50
-31
-11
10
31
54
72
93
113
129
149
169
183
200
212
224
236
243
253
256
260
261
260
259
250
243
234
223
211
197
179
160
142
121
99
76
52
25
1
-26
-56
-83
-110
-144
-169
-196
-225
-251
-276
-301
-326
-348
-373
-389
-408
-422
-433
-444
-454
-460
-461
-463
-463
-459
-455
-448
-437
-423
-407
-391
-371
-346
-326
-303
-276
-253
-223
-194
-164
-131
-102
-68
-36
-4
32
57
89
122
148
182
209
237
263
284
305
326
342
355
370
382
386
394
404
402
407
404
394
387
375
364
346
328
311
288
265
239
214
191
163
134
109
84
56
31
6
-17
-37
-61
-78
-92
-111
-119
-129
-138
-143
-146
-147
-148
-150
-146
-143
-141
-133
-129
-121
-114
-105
-93
-82
-70
-57
-42
-26
-10
8
28
45
64
81
102
121
140
159
171
188
203
212
222
227
229
234
228
226
218
208
201
186
173
157
140
121
98
78
57
35
17
-8
-28
-47
-68
-90
-111
-131
-152
-169
-193
-209
-227
-247
-264
-282
-297
-314
-325
-339
-351
-360
-370
-370
-376
-374
-369
-370
-364
-358
-353
-345
-332
-322
-309
-294
-281
-265
-251
-234
-217
-201
-182
-163
-142
-120
-103
-83
-59
-41
-21
6
26
49
73
95
120
143
165
184
207
223
239
253
265
278
292
300
307
316
319
322
326
329
329
328
324
322
318
313
307
295
287
274
260
248
235
218
199
183
163
144
123
102
84
61
42
26
7
-6
-24
-35
-48
-56
-66
-74
-80
-93
-93
-94
-98
-98
-101
-100
-101
-102
-94
-90
-86
-78
-71
-62
-49
-35
-24
-12
0
13
31
44
58
69
81
91
98
107
110
111
108
107
104
96
89
78
68
57
45
34
23
13
2
-7
-14
-23
-29
-38
-43
-45
-52
-59
-63
-72
-85
-91
-100
-110
-117
-132
-141
-152
-168
-179
-189
-199
-209
-217
-226
-228
-236
-239
-241
-241
-239
-238
-233
-229
-226
-220
-216
-210
-206
-202
-197
-192
-188
-185
-182
-175
-169
-165
-157
-148
-137
-134
-124
-112
-102
-89
-76
-53
-38
-18
-1
21
39
58
80
101
124
141
163
184
200
212
232
251
265
281
296
309
319
327
337
346
347
350
353
351
349
345
337
329
317
300
290
275
255
232
212
184
160
135
108
84
56
31
5
-23
-42
-64
-91
-106
-121
-140
-154
-164
-174
-184
-191
-192
-188
-190
-186
-180
-174
-165
-153
-138
-128
-121
-105
-89
-78
-61
-49
-34
-19
-6
8
20
32
43
51
60
63
71
76
81
86
86
85
86
89
82
79
73
68
60
54
44
27
18
2
-13
-28
-43
-60
-77
-96
-113
-131
-148
-163
-181
-195
-208
-219
-230
-240
-249
-257
-258
-261
-263
-258
-257
-252
-243
-235
-219
-210
-194
-177
-160
-137
-121
-95
-74
-56
-32
-9
10
35
55
73
94
112
132
151
166
180
195
206
219
228
235
243
249
253
261
264
263
267
264
264
264
259
256
251
248
240
232
224
209
201
191
178
170
156
143
128
117
106
89
80
66
49
38
28
16
4
-2
-12
-22
-28
-32
-41
-50
-57
-61
-66
-74
-77
-80
-87
-92
-95
-96
-105
-104
-105
-107
-110
-108
-102
-104
-101
-97
-96
-94
-89
-87
-83
-81
-78
-73
-69
-68
-62
-57
-55
-54
-49
-47
-44
-43
-42
-40
-41
-36
-37
-34
-33
-30
-26
-25
-23
-24
-22
-26
-27
-26
-28
-28
-30
-30
-30
-31
-30
-31
-31
-31
-33
-32
-32
-36
-31
-34
-34
-33
-33
-34
-38
-38
-45
-45
-52
-57
-57
-64
-68
-73
-79
-85
-89
-90
-95
-96
-94
-95
-90
-86
-84
-78
-74
-66
-61
-53
-44
-40
-32
-20
-11
-1
9
17
28
37
47
57
67
75
83
95
105
118
133
144
156
166
177
188
194
205
214
221
225
228
233
231
232
227
226
221
214
209
199
189
180
171
155
143
131
116
102
91
79
60
48
32
15
3
-12
-28
-44
-58
-77
-87
-100
-119
-131
-144
-158
-168
-180
-189
-200
-208
-213
-221
-224
-231
-233
-235
-238
-237
-234
-232
-229
-228
-221
-215
-206
-199
-189
-177
-166
-150
-136
-125
-109
-93
-78
-59
-39
-21
-6
11
28
48
70
85
97
113
122
134
149
159
167
175
185
189
191
196
197
196
193
193
191
188
180
173
166
152
141
129
116
101
85
66
51
33
16
-7
-26
-43
-64
-79
-96
-113
-129
-144
-153
-164
-172
-176
-183
-186
-190
-187
-183
-178
-170
-162
-152
-141
-130
-116
-101
-87
-70
-49
-28
-6
15
36
57
80
104
123
147
169
187
203
221
237
247
260
267
273
274
273
269
265
258
245
235
220
203
182
163
142
120
100
78
55
33
15
-6
-26
-44
-61
-79
-96
-111
-122
-133
-146
-157
-167
-175
-180
-187
-193
-195
-199
-205
-208
-204
-201
-199
-198
-192
-190
-185
-179
-174
-159
-151
-140
-130
-120
-110
-95
-87
-74
-62
-48
-35
-21
-7
6
20
32
39
51
58
71
83
91
99
103
109
114
122
125
130
124
125
130
126
126
128
126
121
119
111
109
104
96
91
86
85
81
76
73
64
59
53
45
41
40
31
27
23
15
10
3
-1
-9
-18
-24
-30
-35
-47
-50
-53
-60
-68
-72
-75
-86
-94
-94
-97
-102
-105
-108
-103
-102
-102
-96
-95
-91
-86
-81
-70
-63
-56
-51
-42
-33
-26
-14
-7
0
6
13
16
25
25
26
28
31
29
25
25
23
22
15
14
14
4
-6
-1
-8
-10
-15
-19
-23
-34
-34
-35
-33
-38
-41
-42
-41
-43
-43
-39
-36
-38
-38
-27
-25
-25
-21
-15
-15
-14
-8
-1
1
1
4
12
15
15
20
23
25
29
34
38
36
37
39
40
47
50
53
55
60
65
65
67
70
69
68
69
72
76
71
70
71
69
67
64
64
64
61
59
61
59
58
61
58
61
58
56
59
58
57
55
55
56
53
50
48
45
42
31
27
20
13
9
3
-5
-14
-23
-35
-41
-56
-64
-71
-84
-95
-105
-115
-126
-136
-143
-155
-162
-173
-182
-183
-189
-197
-198
-203
-207
-204
-202
-199
-190
-187
-181
-172
-163
-149
-139
-124
-110
-100
-83
-64
-48
-27
-10
8
26
38
54
73
88
105
122
139
150
165
176
189
198
200
209
215
218
225
228
228
226
222
213
203
201
190
181
171
155
142
128
117
102
90
74
58
46
34
17
8
-3
-17
-28
-41
-46
-54
-66
-70
-79
-83
-88
-93
-95
-100
-100
-100
-103
-100
-95
-90
-82
-74
-65
-58
-49
-39
-30
-16
-4
9
21
33
44
54
65
79
87
93
100
108
118
123
126
132
133
135
136
136
133
129
130
124
118
115
107
98
86
78
66
51
41
27
8
-3
-21
-39
-53
-68
-84
-99
-116
-130
-143
-157
-167
-178
-186
-196
-202
-211
-220
-222
-228
-228
-229
-232
-232
-236
-231
-232
-229
-227
-226
-219
-218
-210
-201
-196
-185
-178
-170
-163
-151
-137
-128
-117
-102
-91
-80
-67
-54
-39
-26
-11
0
14
25
37
51
60
71
83
94
104
113
124
128
136
143
145
153
158
162
162
170
170
170
170
166
168
165
165
162
155
151
147
140
135
129
124
119
111
106
98
91
81
72
64
57
51
43
36
27
19
7
-2
-7
-12
-17
-21
-28
-34
-37
-41
-44
-45
-46
-47
-45
-43
-44
-45
-41
-42
-40
-34
-29
-25
-24
-20
-12
-11
-11
-5
-1
0
7
13
17
19
24
26
28
30
31
33
31
31
31
32
33
32
29
25
23
21
16
8
4
-1
-11
-17
-22
-29
-34
-44
-51
-60
-66
-72
-80
-83
-90
-95
-104
-107
-114
-116
-115
-119
-117
-122
-120
-121
-124
-118
-119
-118
-114
-109
-103
-97
-93
-83
-75
-68
-58
-52
-40
-30
-20
-9
-5
8
19
29
40
49
61
68
78
88
95
103
106
115
121
127
133
137
144
147
150
151
152
151
154
154
151
151
148
145
144
140
135
128
124
115
112
106
94
90
79
74
62
53
45
35
26
18
7
-4
-14
-18
-31
-38
-43
-56
-60
-67
-73
-82
-82
-86
-94
-94
-96
-99
-100
-99
-98
-96
-94
-90
-89
-87
-83
-79
-74
-72
-64
-62
-55
-50
-42
-36
-31
-20
-17
-12
-3
0
6
11
17
22
25
30
29
32
32
29
32
28
30
25
18
17
12
8
4
-1
-6
-16
-19
-22
-33
-37
-42
-51
-54
-62
-66
-71
-77
-81
-85
-92
-95
-98
-103
-105
-111
-114
-112
-111
-112
-114
-112
-111
-108
-105
-104
-95
-98
-89
-84
-79
-67
-62
-53
-42
-29
-19
-5
8
18
29
42
55
68
79
90
106
115
126
134
144
157
162
171
174
179
182
183
184
183
183
182
180
176
168
165
160
150
140
135
124
117
112
98
92
83
74
65
57
51
37
30
23
16
6
-2
-8
-17
-25
-28
-40
-44
-49
-59
-64
-69
-72
-78
-85
-87
-94
-93
-96
-97
-97
-102
-99
-97
-95
-93
-89
-83
-80
-76
-69
-63
-56
-50
-39
-33
-27
-21
-13
-7
-3
6
7
15
15
22
25
27
33
30
33
31
27
27
27
21
20
20
17
16
16
13
10
10
7
5
-3
-7
-8
-9
-12
-17
-16
-22
-22
-24
-27
-27
-31
-33
-37
-42
-48
-48
-54
-60
-62
-67
-69
-77
-71
-72
-76
-71
-71
-69
-67
-62
-57
-50
-45
-39
-27
-20
-11
-4
7
18
27
40
51
60
70
79
85
93
98
102
110
117
124
125
126
127
123
123
118
110
112
105
96
91
85
78
75
69
60
57
49
43
37
28
27
20
17
9
5
0
-3
-6
-17
-14
-18
-24
-25
-26
-31
-30
-34
-39
-39
-45
-44
-47
-52
-55
-57
-61
-61
-62
-69
-63
-66
-68
-64
-66
-68
-70
-65
-68
-67
-63
-67
-68
-70
-64
-63
-63
-62
-58
-56
-57
-52
-55
-54
-51
-51
-47
-49
-47
-43
-46
-37
-33
-34
-25
-20
-21
-18
-11
-8
-2
4
10
16
20
25
31
34
37
41
44
45
48
54
51
51
55
49
51
48
44
39
34
32
26
22
16
12
7
1
-7
-10
-16
-22
-22
-28
-34
-40
-39
-39
-40
-37
-34
-31
-31
-22
-22
-20
-12
-10
-1
2
9
14
20
30
37
45
46
56
58
61
64
68
75
73
76
80
77
80
81
79
79
79
75
70
70
69
65
63
57
51
49
41
38
32
27
23
16
8
5
-2
-12
-16
-25
-32
-41
-48
-53
-63
-68
-74
-80
-87
-87
-93
-102
-100
-108
-113
-112
-117
-119
-120
-120
-122
-123
-120
-119
-119
-115
-114
-109
-109
-104
-99
-95
-88
-83
-77
-72
-62
-54
-47
-38
-28
-21
-13
-2
3
14
26
35
47
57
65
78
88
95
105
111
118
128
134
136
144
145
144
150
150
148
151
149
147
144
140
135
130
125
119
116
107
98
93
83
76
70
59
52
41
33
24
14
10
1
-7
-12
-18
-25
-29
-33
-40
-43
-47
-51
-55
-57
-61
-62
-66
-68
-70
-71
-73
-72
-72
-67
-65
-65
-64
-62
-58
-56
-54
-50
-46
-42
-37
-31
-27
-27
-19
-19
-14
-12
-9
-2
0
1
3
6
3
4
4
2
-1
-2
-2
-6
-11
-14
-15
-17
-22
-23
-26
-30
-31
-37
-38
-40
-39
-42
-43
-39
-43
-43
-47
-45
-49
-48
-48
-51
-49
-52
-50
-51
-45
-45
-44
-43
-42
-37
-39
-33
-35
-29
-25
-24
-19
-20
-16
-12
-8
-2
2
9
13
21
27
31
39
44
52
57
67
69
76
82
86
93
93
102
102
107
111
110
112
112
115
113
109
109
109
107
102
103
95
92
89
82
77
71
65
58
54
48
43
38
34
25
18
16
12
8
3
1
-6
-8
-11
-17
-22
-26
-32
-35
-37
-38
-44
-46
-49
-55
-56
-60
-66
-69
-68
-69
-72
-73
-70
-73
-78
-75
-70
-76
-72
-67
-70
-65
-62
-58
-56
-54
-49
-48
-43
-43
-39
-37
-36
-33
-31
-28
-27
-24
-27
-26
-23
-24
-26
-28
-23
-25
-21
-17
-20
-19
-17
-15
-15
-12
-7
-6
-6
1
0
2
4
6
6
8
8
8
12
11
11
15
13
10
11
12
8
5
4
3
-1
-6
-10
-11
-13
-12
-14
-15
-17
-17
-14
-16
-15
-12
-9
-7
-2
3
8
14
17
20
29
32
39
45
52
58
60
68
75
80
83
94
94
96
99
100
102
101
102
104
102
98
98
93
86
85
78
75
69
66
62
57
52
44
40
32
23
17
10
1
-9
-14
-24
-36
-41
-47
-60
-66
-72
-82
-92
-100
-106
-113
-123
-123
-131
-135
-136
-140
-147
-148
-147
-147
-147
-144
-138
-138
-131
-126
-120
-111
-104
-96
-85
-75
-65
-55
-41
-31
-21
-9
0
13
21
30
40
51
57
65
72
77
84
89
93
99
102
103
108
108
108
109
109
109
112
111
108
107
105
105
100
98
96
93
90
85
82
74
68
64
61
52
45
40
32
27
19
12
4
-2
-11
-16
-23
-30
-30
-41
-44
-48
-51
-54
-56
-59
-60
-60
-57
-55
-54
-48
-46
-39
-36
-30
-23
-13
-9
-2
8
15
20
28
32
37
44
49
57
57
60
62
65
68
67
66
64
63
63
59
53
51
46
43
38
33
27
23
17
13
4
0
-7
-12
-19
-26
-31
-40
-41
-51
-56
-63
-73
-74
-85
-88
-91
-95
-102
-106
-112
-117
-121
-128
-131
-133
-133
-133
-134
-129
-125
-122
-117
-116
-109
-102
-94
-88
-76
-64
-60
-50
-40
-29
-19
-9
1
13
20
29
41
45
47
57
66
69
77
83
85
85
91
89
87
92
89
92
89
88
88
82
83
79
81
79
75
75
72
66
60
60
57
49
46
44
36
33
26
23
17
10
4
1
-5
-10
-11
-15
-21
-24
-27
-25
-31
-35
-34
-38
-36
-37
-37
-38
-36
-32
-32
-29
-26
-23
-21
-14
-14
-6
-3
-2
5
7
9
9
16
17
15
20
20
19
18
22
21
15
20
19
15
16
18
13
15
13
12
13
6
5
6
4
3
0
0
-2
-3
-2
-3
-1
-6
-7
-7
-11
-11
-12
-19
-17
-18
-22
-21
-23
-27
-27
-25
-29
-30
-28
-30
-30
-32
-31
-32
-31
-30
-31
-29
-27
-23
-26
-25
-22
-20
-18
-17
-11
-10
-7
-3
-1
3
6
8
8
11
14
15
15
17
19
15
16
19
14
15
17
15
12
13
12
14
11
12
15
10
12
14
11
12
11
11
14
14
14
17
17
18
20
19
20
16
20
16
13
13
10
8
5
6
4
1
0
0
-5
-5
-7
-5
-4
-10
-7
-8
-7
-8
-12
-8
-8
-11
-9
-11
-9
-9
-8
-10
-11
-9
-13
-13
-15
-12
-12
-15
-11
-14
-15
-15
-15
-15
-16
-14
-14
-14
-14
-12
-12
-10
-8
-10
-8
-5
-2
-1
1
2
7
7
9
15
14
15
15
18
19
22
20
19
23
19
18
17
16
16
16
14
14
14
12
13
11
9
4
3
4
1
0
3
0
0
-3
-5
-3
-4
-5
-4
-5
-1
-1
-1
-4
-2
1
-2
-2
0
-1
-1
1
3
1
4
8
7
9
9
9
9
11
15
16
15
18
18
20
20
18
19
18
17
15
18
18
16
13
16
14
15
15
13
12
11
11
9
6
4
0
-1
-5
-11
-11
-16
-17
-22
-26
-26
-31
-31
-31
-39
-42
-41
-48
-51
-51
-51
-54
-56
-54
-56
-58
-56
-58
-59
-56
-52
-51
-50
-43
-43
-39
-35
-36
-29
-27
-23
-17
-14
-11
-8
0
0
6
14
17
21
24
27
31
33
37
45
46
48
51
52
54
56
59
60
55
63
65
58
57
57
56
51
51
49
46
46
42
36
33
30
25
17
16
11
9
5
-4
-4
-9
-10
-15
-17
-16
-21
-23
-25
-28
-30
-28
-34
-33
-34
-33
-33
-37
-34
-33
-31
-30
-26
-23
-23
-19
-13
-15
-11
-8
-5
-3
-1
3
6
7
9
12
17
17
16
19
21
25
26
25
28
27
33
32
32
33
30
31
27
30
27
23
24
18
19
19
17
10
9
9
5
2
-2
-3
-7
-10
-13
-18
-24
-28
-28
-31
-34
-34
-36
-41
-41
-42
-46
-49
-50
-49
-50
-54
-50
-49
-50
-49
-46
-43
-45
-40
-41
-38
-35
-33
-29
-26
-24
-22
-19
-18
-19
-14
-9
-7
-4
-1
1
4
6
9
17
17
18
20
24
26
25
30
33
38
39
42
45
42
46
48
44
48
49
47
48
45
44
44
40
40
38
33
33
31
29
28
23
21
16
13
14
8
10
3
3
0
-1
-2
-3
-5
-8
-7
-12
-12
-15
-16
-13
-16
-16
-15
-14
-16
-13
-16
-15
-12
-14
-9
-12
-11
-9
-9
-6
-8
-7
-4
-5
0
-2
-1
2
2
4
4
7
7
10
10
14
14
16
14
14
17
17
16
15
15
13
11
12
11
8
6
7
7
1
2
-1
-5
-4
-9
-12
-13
-18
-23
-24
-26
-29
-28
-29
-33
-36
-36
-37
-39
-42
-39
-40
-43
-40
-39
-38
-36
-37
-38
-40
-36
-36
-32
-30
-31
-29
-28
-24
-23
-18
-15
-16
-9
-6
-4
-3
1
3
6
8
13
16
17
18
21
24
23
29
31
36
34
37
39
39
40
41
40
39
39
38
37
37
39
37
34
31
31
31
29
30
27
24
22
22
21
15
14
13
11
8
6
6
5
0
3
-1
-3
0
-7
-5
-7
-10
-9
-7
-10
-8
-11
-12
-10
-8
-7
-6
-6
-7
-7
-4
-5
-3
-1
-5
2
2
2
9
5
8
11
9
12
10
10
6
10
12
11
14
11
12
13
13
12
11
11
10
10
10
9
7
5
5
6
2
-2
-5
-5
-11
-12
-12
-14
-18
-18
-20
-21
-24
-24
-25
-27
-29
-29
-29
-33
-31
-33
-33
-35
-34
-33
-35
-33
-32
-29
-28
-27
-24
-25
-25
-22
-19
-18
-12
-11
-13
-8
-8
-8
-4
-1
0
2
5
7
8
11
14
18
18
20
21
22
22
24
23
20
24
23
23
24
26
26
24
28
28
25
26
26
27
28
30
27
26
25
22
21
19
20
13
13
12
12
12
9
9
6
6
7
4
3
2
-1
2
-1
-1
-3
-2
-6
-3
-2
-4
-2
-4
-7
-8
-7
-9
-10
-11
-12
-12
-12
-11
-8
-9
-9
-12
-14
-13
-15
-14
-17
-19
-13
-17
-13
-14
-14
-11
-15
-10
-10
-12
-7
-9
-7
-5
-2
-1
-4
0
1
1
4
2
3
3
6
5
5
6
6
8
4
3
5
5
5
2
0
1
-1
2
1
1
2
-1
-3
-5
-5
-8
-6
-9
-5
-5
-8
-7
-7
-8
-10
-9
-12
-6
-8
-7
-5
-7
-6
-6
-6
-4
-6
-2
-3
-2
-1
1
-1
0
2
4
10
6
8
8
10
10
12
14
13
17
18
17
20
19
23
22
24
25
24
24
25
25
23
26
24
25
25
22
21
19
18
18
17
14
14
13
12
9
8
8
5
2
1
-2
-5
-6
-11
-7
-9
-14
-10
-15
-19
-18
-18
-19
-19
-23
-22
-22
-24
-21
-24
-25
-24
-23
-24
-22
-23
-22
-21
-21
-16
-15
-15
-12
-13
-8
-8
-9
-8
-8
-4
-4
-2
2
1
8
11
10
12
11
16
18
18
16
18
15
18
21
16
18
18
19
22
22
19
17
18
17
16
18
17
13
17
15
12
15
12
7
6
4
2
3
0
-2
-4
-3
-6
-5
-5
-10
-13
-12
-12
-14
-15
-13
-15
-17
-15
-16
-19
-21
-17
-19
-19
-20
-18
-15
-18
-13
-16
-14
-11
-11
-9
-8
-8
-7
-4
0
0
7
9
8
12
14
18
18
18
18
22
21
23
24
26
28
28
28
32
30
24
24
19
19
20
18
19
19
16
16
15
10
10
7
2
3
-1
-9
-8
-12
-16
-13
-18
-19
-22
-25
-27
-32
-33
-34
-34
-36
-36
-37
-42
-40
-38
-38
-36
-38
-39
-36
-36
-31
-31
-29
-29
-26
-22
-23
-18
-18
-14
-9
-2
0
-1
2
3
7
11
13
11
16
20
23
23
30
30
29
31
29
34
31
33
39
34
37
37
35
33
33
32
29
31
25
27
26
21
19
16
12
12
9
4
4
1
0
-2
-7
-11
-11
-15
-20
-17
-23
-26
-30
-34
-32
-36
-37
-37
-41
-41
-42
-41
-41
-45
-44
-42
-47
-45
-43
-42
-40
-37
-35
-36
-30
-29
-25
-25
-23
-16
-14
-10
-5
0
1
8
11
14
17
18
20
25
24
29
31
31
34
35
38
39
39
39
43
42
41
42
42
41
37
39
38
34
32
30
25
24
23
17
19
11
10
7
5
0
-4
-6
-9
-11
-10
-13
-18
-19
-25
-25
-28
-30
-30
-30
-29
-31
-30
-30
-29
-28
-28
-22
-26
-24
-19
-22
-14
-11
-11
-5
-1
0
1
6
8
10
12
17
17
19
25
24
26
29
29
32
34
37
38
39
39
38
38
39
37
38
35
36
35
32
31
29
27
21
19
15
13
10
3
2
-2
-6
-7
-11
-18
-16
-23
-29
-30
-32
-33
-38
-38
-42
-46
-46
-48
-47
-52
-52
-52
-54
-54
-53
-49
-50
-49
-49
-42
-46
-41
-38
-37
-28
-28
-21
-23
-20
-17
-12
-8
-6
-1
2
5
8
10
14
16
18
18
22
26
26
30
34
35
38
43
37
37
41
39
38
37
37
36
38
33
32
30
28
22
19
15
12
9
5
6
2
0
-4
-7
-9
-16
-18
-20
-22
-23
-26
-27
-26
-30
-25
-22
-25
-24
-25
-26
-29
-29
-26
-27
-26
-24
-22
-19
-13
-13
-7
-4
-2
1
1
4
8
9
13
16
15
23
23
28
32
34
35
37
41
36
38
40
40
37
38
38
35
38
36
34
29
28
25
21
18
15
13
9
6
1
2
-2
-8
-14
-15
-21
-24
-25
-35
-34
-34
-38
-42
-42
-42
-46
-45
-46
-47
-49
-50
-50
-45
-44
-43
-40
-41
-37
-34
-32
-34
-31
-26
-26
-21
-16
-16
-12
-6
-6
-3
2
5
8
11
13
16
17
19
17
21
22
22
27
28
32
32
34
33
31
34
32
32
31
32
31
30
27
28
28
24
24
25
17
18
18
12
14
13
13
8
7
8
7
3
3
2
1
1
-3
-4
-2
-2
-5
-2
-5
-6
-5
-3
-5
-4
1
-1
0
-4
-1
-1
0
3
-1
2
5
4
5
6
9
9
11
15
14
12
14
14
17
17
17
20
16
19
21
18
17
17
17
18
18
15
14
12
9
7
6
5
4
2
4
-1
-1
-6
-7
-7
-9
-7
-11
-11
-14
-16
-14
-15
-19
-17
-18
-18
-16
-17
-18
-22
-18
-18
-17
-16
-16
-18
-16
-17
-17
-17
-18
-17
-14
-12
-12
-10
-7
-6
-7
-5
-4
-1
1
1
1
2
0
5
1
2
6
4
7
9
9
8
6
9
7
5
7
5
7
6
4
4
3
2
0
-2
-3
-3
-3
-4
0
-1
-2
-1
-1
-3
-3
-3
-6
-3
-4
-7
-4
-7
-6
-5
-1
-2
-5
0
-1
0
0
1
-2
-3
2
-2
-1
1
1
0
-1
0
-1
-3
-4
-2
-3
0
-1
-2
-3
1
1
-2
0
-4
-1
2
-2
2
2
0
