-8
-9
-5
-6
-5
-7
-6
-5
-5
-7
-6
-4
-7
-5
-6
-5
-7
-8
-7
-8
-8
-6
-6
-6
-8
-8
-6
-9
-8
-6
-7
-5
-4
-6
-7
-8
-7
-6
-6
-4
-8
-5
-8
-7
-4
-9
-7
-6
-3
-5
-7
-1
-1
-3
-2
-4
-6
-8
-7
-6
-8
-3
-4
-4
-3
-6
-6
-6
-5
-5
-5
-7
-3
-4
-5
-4
-5
-6
-7
-2
-3
-2
1
-1
-1
-2
-1
-1
-5
-4
-4
-5
-4
-5
-4
0
-5
-1
0
-1
-1
-5
-1
-2
-1
-2
-1
-1
-1
-2
-2
-1
0
-1
-2
1
1
-2
2
2
0
1
1
2
5
4
4
3
5
4
3
6
6
8
7
8
6
9
9
8
10
7
7
7
9
7
7
7
9
12
6
6
10
12
12
14
11
10
11
8
11
13
12
11
11
9
6
9
7
7
9
7
9
9
9
6
6
8
6
9
11
8
7
8
3
7
8
9
8
8
10
7
7
6
6
7
9
7
6
7
5
7
5
5
4
6
6
7
9
7
7
8
6
5
8
7
6
3
5
4
4
6
3
3
3
2
2
4
6
5
5
7
5
8
5
7
5
4
8
4
4
4
1
4
2
2
2
2
2
-1
-1
1
-1
-2
-2
-3
-3
-1
-2
-2
-2
-3
-5
-6
0
0
-2
-2
-3
-1
0
2
0
0
4
-1
0
1
1
0
-2
-5
-6
-4
0
4
-2
-3
-2
-3
-4
-5
-4
-4
-7
-5
-4
-7
-9
-9
-9
-8
-8
-6
-7
-9
-6
-6
-5
-5
-6
-8
-6
-4
-4
-7
-7
-3
-6
-5
-1
-4
-9
-6
-4
-7
-4
-6
-6
-6
-6
-5
-3
-5
-5
-5
-6
-7
-9
-7
-7
-9
-12
-10
-9
-6
-10
-9
-8
-9
-7
-6
-9
-11
-8
-9
-9
-8
-9
-10
-9
-7
-8
-6
-7
-5
-6
-4
-5
-9
-7
-7
-8
-10
-7
-5
-6
-5
-7
-3
-6
-3
2
-3
-1
-4
-4
-6
-7
-6
-5
-2
-1
-4
-5
-2
-4
-3
-3
-3
-6
-5
-6
-5
-6
-6
-3
-5
-5
-4
-5
-6
-4
-4
-3
-5
-5
-4
-1
-2
-2
-4
-3
1
-1
-4
-4
-1
-1
-3
1
-3
-5
-2
-3
-3
0
0
1
0
-3
-2
-5
-2
-2
-1
3
2
1
0
0
-2
1
-1
-2
-1
0
-1
-2
0
0
-2
-2
0
0
-2
-3
-1
-2
0
-1
-1
1
3
-1
0
0
-3
-2
0
0
-1
0
0
1
1
2
2
2
3
2
3
-1
0
3
-2
3
2
1
2
1
-1
-3
-1
0
2
1
-1
-2
-5
-4
-2
-1
-2
-3
-5
-5
-3
-1
-1
0
0
-3
1
2
5
3
2
2
-1
1
1
3
6
2
5
2
1
7
1
4
7
5
5
4
6
5
4
5
1
4
2
3
4
4
2
1
5
7
4
7
7
3
3
5
5
5
3
4
3
3
1
0
2
1
1
0
-1
-3
-1
-3
-5
0
2
1
-2
0
-4
0
-1
-3
-1
-1
0
-1
-3
-1
1
1
-1
-3
-1
3
0
0
0
-4
-4
-6
-1
-5
-4
-3
-4
0
1
-2
-4
0
-3
0
2
1
1
2
4
3
0
4
3
4
3
1
4
2
3
2
2
-2
-1
0
1
3
0
-1
-1
-1
0
-2
-1
-1
0
-1
2
1
-2
1
0
-2
-1
2
4
1
1
0
-2
-1
-2
1
-3
-1
0
1
2
3
2
0
0
1
2
3
0
0
1
2
2
0
1
-2
-2
-1
-1
0
-3
-2
-2
-4
-6
-4
-6
-7
-5
-6
-6
-1
-1
0
-2
-2
-4
-4
-5
-4
-1
-3
-3
0
-1
1
1
-1
3
1
1
3
2
3
1
0
0
-1
3
1
2
2
-2
-1
-3
-3
-7
-6
-4
-4
-3
-3
-2
-1
-2
-5
-5
-1
-1
1
0
1
0
-3
-3
0
3
0
0
-2
-2
2
0
0
-1
-1
2
0
-6
-5
-2
0
0
-2
1
-1
-1
-3
0
0
-1
2
-2
0
1
-1
2
2
1
3
1
2
3
2
4
5
5
4
4
4
7
8
5
6
6
7
8
5
4
4
6
4
3
7
4
3
1
1
1
3
4
5
2
0
1
1
0
1
2
1
0
2
-1
-2
-1
-2
-2
-2
-1
-2
-4
-6
-1
-3
-3
0
0
3
2
1
0
0
0
2
0
-3
-1
0
1
-1
-2
-1
-2
-3
-2
-4
-4
-1
-1
-2
0
0
-4
1
2
1
2
1
0
-2
1
0
-1
0
1
1
1
4
4
4
3
-1
1
6
6
4
4
2
2
5
5
7
4
4
-1
1
1
-2
-2
-3
-2
-3
-4
-2
-2
0
-1
-3
-3
-1
-3
-2
1
1
-1
3
4
3
2
3
3
0
3
1
1
1
0
2
1
0
1
1
-1
0
4
2
-1
-2
-3
-1
1
0
1
2
1
1
0
3
3
3
2
2
5
3
-1
5
3
1
4
1
3
3
0
5
4
2
-1
2
2
-1
4
1
2
0
-2
0
0
-2
0
0
-1
0
-1
0
-1
1
0
-1
0
0
2
4
4
4
5
2
4
6
3
3
4
3
1
0
3
3
1
2
3
3
3
2
-1
-2
-3
-4
-3
-1
0
-5
-1
-2
-1
0
-1
3
-1
0
1
2
-2
-1
-3
-1
1
-1
2
-3
0
-1
0
-2
-1
1
0
-1
-1
2
2
0
0
-1
0
0
-1
1
1
3
4
3
2
-1
2
3
2
1
0
1
0
0
0
-2
0
0
-3
-3
-2
-3
-3
-4
-6
-5
-3
-1
-2
-2
-3
1
1
2
4
2
4
4
5
4
5
5
5
5
3
4
4
8
5
6
5
4
3
2
5
7
6
5
7
4
8
8
5
6
7
7
6
4
4
3
2
1
3
5
1
0
2
3
1
0
0
3
3
0
4
4
2
3
4
4
5
5
5
5
3
3
4
4
5
3
4
4
3
5
3
4
3
1
6
8
4
6
6
7
4
8
8
5
7
9
6
4
8
3
3
5
7
6
9
8
6
8
7
8
7
6
4
7
6
5
5
4
5
3
3
1
2
0
2
3
3
6
3
1
1
-1
-2
1
0
-3
-4
-6
-4
-2
-2
-3
-3
-5
-5
-5
-5
-5
-2
-2
-3
-4
-2
-1
-4
-5
-5
-5
-5
-5
-2
-1
-5
-6
-7
-9
-5
-5
-4
-3
-5
-3
-3
-5
-7
-4
-5
-5
-2
-5
-2
-2
-2
-2
-5
-2
-3
-6
-8
-7
-4
0
-1
-2
-4
-4
-3
-7
-3
-6
-4
-5
-6
-3
-4
-4
-5
-1
-4
1
2
0
-2
-5
-1
-2
0
0
1
-1
-2
2
0
0
-1
2
1
2
0
2
4
-1
1
2
1
-1
-1
-1
-2
-3
0
1
-2
0
1
0
-1
1
-3
-1
-1
-4
0
-1
0
-4
-2
-2
-4
-7
-6
-2
-3
-2
-5
-2
1
0
-3
-5
-5
-5
-1
0
-3
-3
-1
-4
-3
-1
-5
-4
-5
-6
-4
-5
-3
-4
-5
-7
-6
-6
-8
-5
-5
-1
-5
-6
-6
-8
-5
-3
-1
-2
-6
-7
-5
-1
-5
-4
-3
-4
-5
-3
-5
-5
-4
-5
-3
-7
-4
-2
-3
-5
-5
-3
-6
-5
-4
-7
-1
-3
-5
0
-2
-3
-4
1
-1
-2
1
-2
0
-1
0
1
2
1
0
-1
0
1
4
-2
0
0
-1
5
2
1
3
3
2
3
3
2
2
0
4
3
3
2
4
5
3
4
7
7
5
7
6
4
6
8
4
6
3
2
1
2
3
3
7
5
3
6
4
6
6
8
8
8
7
8
9
8
7
6
7
4
4
5
6
8
8
4
3
7
7
7
6
5
4
3
3
5
4
4
5
4
5
6
2
0
1
3
2
0
1
1
0
1
-2
-2
0
-2
-3
-3
-4
-1
-3
-3
-1
-5
-5
-4
-3
-1
-4
-5
-1
-2
-5
-4
-2
-2
0
-3
-6
-2
-1
-1
0
-1
-3
-3
-5
-5
-3
-4
-6
-2
-3
-1
-2
-4
0
1
1
-2
1
-1
-1
0
2
0
1
1
0
0
0
1
0
-1
-3
-1
3
3
2
4
4
4
5
1
1
3
3
5
3
-2
-2
0
-3
-5
-3
-3
-5
-5
-5
-6
-6
-8
-7
-4
-3
-4
-7
-10
-7
-7
-8
-8
-8
-11
-13
-12
-11
-8
-7
-8
-9
-8
-7
-4
0
0
0
-1
2
4
5
5
6
8
8
9
13
12
12
15
17
18
18
19
17
18
17
17
15
16
16
12
14
15
11
8
7
7
7
3
0
-2
-6
-3
-7
-9
-10
-15
-15
-16
-16
-20
-22
-22
-22
-24
-20
-21
-21
-20
-20
-15
-14
-14
-12
-9
-11
-10
-8
-6
-4
-4
-5
-7
-4
-1
-2
-2
0
2
4
0
-1
2
5
2
0
1
-1
-2
-4
-3
-4
-5
-6
-8
-7
-4
-8
-7
-9
-10
-5
-6
-7
-7
-9
-9
-5
-5
-5
-5
-11
-10
-9
-12
-12
-10
-14
-12
-10
-9
-6
-6
-2
-3
-3
-2
4
6
9
10
11
12
16
19
20
25
24
28
27
30
34
34
41
40
41
42
44
48
47
44
42
39
36
33
28
20
14
6
0
-4
-4
-11
-13
-21
-26
-26
-28
-28
-31
-33
-37
-37
-41
-43
-45
-47
-44
-45
-42
-40
-37
-34
-32
-27
-25
-17
-14
-7
-5
0
4
7
9
9
14
13
17
16
18
25
19
22
26
26
27
26
29
26
21
20
19
17
16
14
11
10
6
2
0
0
-3
-4
-6
-10
-7
-7
-8
-6
-8
-12
-16
-16
-17
-18
-19
-19
-20
-23
-22
-23
-26
-25
-21
-24
-23
-19
-23
-24
-22
-21
-21
-22
-22
-22
-21
-19
-15
-15
-15
-11
-7
-3
0
3
5
9
18
20
20
23
25
30
35
37
39
39
44
43
44
48
46
48
49
51
49
46
45
42
40
33
27
21
19
10
0
-4
-14
-23
-31
-38
-48
-54
-63
-69
-76
-87
-94
-102
-109
-114
-123
-129
-132
-140
-141
-143
-143
-137
-133
-124
-116
-105
-91
-83
-66
-49
-28
-8
12
30
46
68
84
106
122
138
154
168
180
192
203
212
216
219
225
227
226
226
223
216
208
194
179
163
147
125
101
78
51
20
-4
-32
-56
-79
-103
-125
-147
-162
-178
-190
-200
-208
-215
-218
-214
-210
-205
-200
-190
-178
-164
-149
-131
-109
-84
-61
-41
-14
12
41
64
87
108
126
145
160
170
183
186
188
189
185
181
171
159
147
131
115
98
77
57
32
7
-19
-46
-72
-97
-125
-154
-177
-201
-222
-240
-256
-268
-276
-282
-285
-283
-278
-271
-261
-249
-233
-209
-189
-166
-137
-115
-85
-53
-20
13
45
80
110
144
175
207
240
270
297
318
342
364
379
392
403
410
413
414
411
405
397
384
366
347
327
303
276
244
213
179
139
102
61
15
-28
-71
-116
-161
-209
-258
-302
-345
-390
-427
-466
-507
-544
-584
-621
-650
-681
-705
-725
-744
-754
-755
-756
-746
-724
-699
-664
-624
-568
-503
-439
-362
-282
-192
-100
-8
98
198
299
402
502
602
702
795
884
966
1043
1113
1170
1221
1262
1293
1306
1309
1299
1281
1251
1198
1139
1067
983
886
776
654
526
388
241
91
-58
-208
-363
-513
-652
-785
-909
-1020
-1121
-1209
-1277
-1336
-1376
-1397
-1404
-1385
-1359
-1318
-1255
-1180
-1090
-989
-873
-747
-613
-470
-322
-169
-12
142
297
451
599
740
867
983
1086
1181
1254
1311
1352
1373
1375
1356
1324
1274
1208
1124
1024
910
783
650
506
350
189
22
-149
-318
-486
-650
-813
-968
-1117
-1254
-1375
-1485
-1575
-1651
-1708
-1746
-1765
-1760
-1741
-1697
-1632
-1550
-1450
-1331
-1198
-1048
-888
-716
-535
-347
-151
46
244
444
639
830
1015
1191
1357
1508
1651
1774
1881
1972
2039
2087
2116
2130
2121
2085
2036
1966
1876
1771
1649
1504
1341
1167
981
782
571
346
112
-124
-356
-587
-814
-1028
-1230
-1419
-1590
-1729
-1848
-1945
-2017
-2062
-2080
-2080
-2056
-2010
-1943
-1862
-1771
-1659
-1532
-1390
-1236
-1077
-901
-720
-534
-333
-126
80
289
496
694
879
1057
1217
1354
1469
1557
1619
1662
1677
1660
1623
1564
1489
1393
1291
1187
1072
948
824
699
574
445
315
183
49
-83
-219
-351
-471
-589
-694
-793
-884
-953
-1010
-1054
-1085
-1111
-1129
-1150
-1166
-1177
-1194
-1214
-1239
-1256
-1274
-1292
-1300
-1300
-1285
-1267
-1231
-1180
-1108
-1024
-936
-832
-723
-610
-501
-386
-278
-182
-88
5
99
192
290
393
510
648
790
943
1108
1278
1450
1613
1768
1913
2031
2131
2222
2297
2359
2408
2451
2489
2522
2545
2562
2569
2544
2480
2382
2246
2057
1813
1527
1188
812
402
-24
-446
-864
-1264
-1641
-1971
-2243
-2471
-2643
-2757
-2822
-2838
-2823
-2773
-2695
-2596
-2488
-2378
-2257
-2123
-1988
-1835
-1663
-1476
-1268
-1040
-777
-490
-186
126
439
753
1043
1316
1555
1750
1890
1980
2029
2024
1971
1872
1736
1573
1378
1177
979
780
590
409
254
110
-15
-120
-216
-309
-422
-538
-669
-820
-1002
-1222
-1457
-1715
-1985
-2246
-2500
-2719
-2910
-3060
-3147
-3165
-3123
-3031
-2875
-2672
-2429
-2159
-1874
-1562
-1267
-993
-735
-489
-257
-57
132
315
497
678
874
1104
1350
1604
1870
2149
2437
2713
2968
3191
3380
3522
3609
3671
3709
3712
3680
3640
3603
3575
3559
3557
3562
3536
3464
3359
3218
3011
2698
2287
1806
1246
616
-48
-709
-1364
-2020
-2633
-3157
-3564
-3879
-4110
-4238
-4264
-4216
-4110
-3940
-3714
-3476
-3255
-3047
-2834
-2621
-2418
-2222
-2033
-1835
-1631
-1399
-1125
-803
-458
-88
308
716
1127
1532
1908
2219
2450
2605
2686
2692
2617
2465
2245
1967
1651
1334
1042
769
510
268
63
-88
-198
-278
-330
-375
-448
-540
-635
-735
-874
-1089
-1362
-1652
-1950
-2261
-2561
-2798
-2992
-3170
-3299
-3319
-3217
-3055
-2867
-2625
-2311
-1959
-1607
-1259
-900
-564
-304
-99
107
309
461
555
639
755
902
1069
1261
1491
1734
1993
2261
2545
2828
3072
3259
3380
3437
3446
3437
3403
3331
3214
3071
2940
2841
2804
2825
2877
2925
2942
2940
2936
2931
2870
2684
2364
1940
1463
958
413
-173
-764
-1336
-1884
-2390
-2796
-3086
-3318
-3512
-3615
-3587
-3472
-3337
-3208
-3044
-2867
-2719
-2616
-2506
-2389
-2325
-2301
-2259
-2146
-1975
-1755
-1493
-1197
-881
-559
-191
221
631
992
1299
1541
1698
1782
1849
1905
1856
1671
1424
1207
1016
813
602
421
263
91
-43
-82
-70
-124
-289
-497
-694
-912
-1196
-1559
-2006
-2503
-3001
-3423
-3752
-4038
-4271
-4410
-4431
-4343
-4135
-3792
-3360
-2929
-2507
-2023
-1475
-943
-494
-111
250
564
826
1095
1422
1746
1989
2191
2446
2790
3152
3491
3830
4185
4511
4779
4997
5198
5372
5449
5421
5343
5301
5312
5339
5381
5448
5487
5360
5035
4648
4307
3898
3217
2277
1304
419
-473
-1437
-2360
-3117
-3797
-4497
-5118
-5462
-5553
-5598
-5686
-5689
-5498
-5222
-4965
-4713
-4405
-4098
-3882
-3716
-3501
-3177
-2826
-2513
-2224
-1880
-1406
-824
-200
407
1010
1600
2142
2648
3158
3655
3993
4096
4045
3984
3916
3705
3333
2884
2415
1914
1400
976
648
298
-147
-564
-798
-878
-947
-1092
-1271
-1440
-1604
-1775
-1974
-2245
-2611
-3040
-3446
-3786
-4095
-4368
-4580
-4729
-4808
-4772
-4570
-4236
-3867
-3475
-2996
-2426
-1837
-1283
-744
-231
203
524
805
1112
1384
1562
1660
1725
1828
1979
2188
2426
2640
2827
3032
3299
3587
3840
4010
4091
4103
4070
4004
3874
3662
3395
3141
2949
2817
2747
2762
2864
3101
3497
4002
4383
4432
4252
4117
4080
3785
2997
1966
1056
231
-759
-1841
-2647
-3189
-3867
-4706
-5214
-5101
-4785
-4716
-4698
-4367
-3857
-3530
-3342
-2959
-2490
-2342
-2542
-2682
-2516
-2316
-2306
-2384
-2363
-2181
-1916
-1504
-907
-277
277
758
1277
1878
2499
3011
3235
3173
3025
2950
2849
2528
2013
1475
941
376
-97
-319
-409
-630
-971
-1131
-975
-752
-672
-744
-917
-1204
-1533
-1781
-2022
-2476
-3168
-3835
-4273
-4552
-4803
-4947
-4980
-4992
-4913
-4557
-3863
-3114
-2556
-2046
-1393
-665
-42
475
1003
1387
1501
1470
1553
1787
1919
1889
1848
1910
2070
2287
2621
3022
3324
3510
3694
3991
4297
4455
4445
4309
4119
3972
3935
3972
3950
3866
3870
4102
4487
4814
4926
4812
4584
4366
4135
3689
2938
1989
1030
57
-943
-1884
-2661
-3409
-4281
-5060
-5457
-5466
-5409
-5432
-5371
-5160
-4896
-4615
-4223
-3734
-3410
-3346
-3323
-3142
-2823
-2576
-2430
-2327
-2180
-1920
-1505
-904
-255
297
769
1277
1907
2604
3224
3622
3735
3703
3683
3691
3563
3204
2676
2067
1454
905
516
240
-76
-491
-857
-1002
-931
-799
-758
-902
-1214
-1557
-1772
-1900
-2194
-2798
-3521
-4073
-4425
-4719
-5001
-5144
-5175
-5181
-5065
-4620
-3849
-3116
-2587
-2035
-1265
-383
322
872
1404
1811
1987
1983
2053
2217
2256
2126
1961
1964
2120
2335
2595
2857
3085
3282
3539
3889
4208
4393
4418
4345
4245
4164
4147
4126
4024
3863
3799
3989
4377
4770
4974
4911
4695
4523
4452
4248
3637
2671
1670
783
-108
-1078
-1993
-2816
-3710
-4630
-5262
-5388
-5310
-5417
-5593
-5533
-5204
-4839
-4510
-4090
-3672
-3477
-3485
-3391
-3038
-2660
-2487
-2465
-2399
-2158
-1760
-1231
-631
-106
330
806
1409
2122
2795
3308
3588
3640
3626
3668
3703
3530
3055
2448
1882
1390
968
632
345
-43
-518
-823
-804
-616
-590
-849
-1250
-1566
-1725
-1882
-2233
-2810
-3438
-3995
-4467
-4854
-5097
-5187
-5293
-5440
-5375
-4887
-4145
-3513
-3004
-2413
-1645
-840
-145
523
1150
1622
1830
1908
2079
2248
2251
2064
1849
1792
1853
1973
2146
2389
2645
2854
3146
3575
4016
4258
4258
4178
4121
4061
3965
3830
3666
3490
3395
3493
3787
4184
4502
4570
4397
4221
4215
4223
3848
2996
1984
1096
241
-789
-1822
-2693
-3547
-4555
-5493
-5920
-5893
-5905
-6134
-6246
-5955
-5474
-5067
-4670
-4193
-3786
-3629
-3555
-3264
-2815
-2519
-2492
-2490
-2297
-1925
-1491
-1019
-497
10
502
1054
1758
2549
3249
3720
3942
4053
4195
4347
4322
3993
3470
2946
2453
1954
1516
1175
815
319
-154
-309
-196
-192
-518
-946
-1175
-1306
-1582
-2041
-2516
-2937
-3441
-4017
-4462
-4623
-4661
-4863
-5098
-5023
-4552
-3965
-3483
-2964
-2247
-1429
-722
-68
700
1466
1975
2162
2272
2469
2619
2591
2413
2247
2149
2111
2178
2371
2689
2999
3257
3564
3987
4443
4715
4745
4632
4494
4361
4150
3893
3649
3449
3323
3322
3510
3852
4200
4381
4349
4234
4221
4224
3960
3248
2243
1280
389
-615
-1733
-2800
-3740
-4732
-5728
-6352
-6465
-6397
-6517
-6638
-6385
-5813
-5241
-4802
-4311
-3753
-3381
-3221
-2997
-2573
-2210
-2141
-2210
-2126
-1844
-1510
-1161
-721
-198
281
787
1469
2269
2990
3467
3731
3883
3988
4063
3995
3669
3100
2445
1861
1286
686
165
-305
-845
-1434
-1826
-1909
-1972
-2314
-2770
-3013
-3106
-3399
-3918
-4335
-4590
-4961
-5551
-6023
-6101
-6054
-6190
-6342
-6135
-5564
-4997
-4522
-3882
-3000
-2103
-1382
-658
219
1057
1590
1836
2042
2273
2365
2244
2016
1825
1689
1581
1572
1730
2011
2334
2663
3035
3506
3977
4276
4326
4194
4034
3840
3540
3177
2868
2707
2620
2612
2800
3216
3673
3915
3935
3961
4083
4102
3784
3133
2360
1570
686
-335
-1383
-2354
-3311
-4322
-5210
-5752
-5931
-5997
-6110
-6091
-5783
-5275
-4768
-4324
-3847
-3373
-3027
-2819
-2601
-2280
-2002
-1916
-1935
-1872
-1643
-1314
-975
-596
-153
338
884
1530
2291
3019
3564
3912
4133
4330
4470
4425
4155
3686
3123
2540
1960
1443
967
467
-84
-598
-942
-1166
-1396
-1665
-1929
-2183
-2505
-2870
-3142
-3330
-3625
-4098
-4543
-4765
-4838
-4929
-5002
-4901
-4613
-4277
-3872
-3246
-2423
-1616
-922
-171
719
1605
2279
2745
3124
3403
3502
3428
3277
3109
2907
2706
2588
2633
2831
3118
3471
3874
4319
4767
5123
5304
5281
5120
4872
4539
4154
3776
3473
3269
3194
3281
3550
3927
4272
4478
4552
4576
4570
4438
4025
3323
2480
1589
627
-452
-1548
-2532
-3475
-4438
-5290
-5796
-5935
-5978
-6029
-5931
-5548
-5011
-4525
-4052
-3519
-3015
-2695
-2520
-2273
-1946
-1717
-1680
-1702
-1605
-1376
-1088
-759
-365
102
620
1194
1856
2589
3278
3826
4171
4359
4479
4535
4424
4072
3526
2905
2283
1647
997
401
-128
-640
-1153
-1626
-1970
-2175
-2351
-2625
-3019
-3411
-3701
-3920
-4196
-4569
-4919
-5153
-5307
-5434
-5446
-5261
-4950
-4633
-4245
-3619
-2754
-1864
-1074
-256
694
1637
2370
2894
3328
3641
3709
3551
3333
3147
2902
2597
2383
2384
2580
2853
3211
3678
4163
4555
4797
4947
4969
4807
4486
4079
3648
3211
2827
2584
2505
2564
2745
3050
3370
3566
3626
3690
3760
3628
3137
2393
1616
798
-191
-1310
-2376
-3334
-4346
-5387
-6176
-6532
-6647
-6799
-6896
-6685
-6193
-5646
-5159
-4582
-3926
-3420
-3155
-2916
-2503
-2089
-1936
-1992
-1975
-1780
-1542
-1312
-994
-565
-116
301
825
1543
2338
3002
3475
3830
4120
4330
4394
4267
3920
3389
2765
2119
1493
879
275
-321
-923
-1472
-1933
-2258
-2528
-2819
-3159
-3520
-3845
-4116
-4333
-4580
-4904
-5206
-5401
-5463
-5463
-5432
-5275
-4987
-4584
-4050
-3334
-2438
-1526
-672
190
1139
2063
2765
3210
3485
3632
3601
3421
3219
3042
2839
2616
2494
2615
2947
3346
3748
4170
4560
4839
4952
4921
4765
4453
4034
3585
3184
2846
2570
2404
2376
2511
2813
3257
3723
4020
4131
4188
4284
4254
3849
3093
2188
1224
120
-1084
-2207
-3181
-4167
-5235
-6080
-6448
-6461
-6436
-6413
-6159
-5677
-5144
-4658
-4090
-3415
-2922
-2733
-2648
-2405
-2093
-1986
-2057
-2116
-2050
-1921
-1729
-1350
-820
-287
188
746
1530
2413
3213
3816
4229
4501
4656
4722
4627
4290
3724
3040
2340
1653
1022
477
-25
-584
-1208
-1726
-2009
-2154
-2390
-2792
-3238
-3589
-3844
-4111
-4430
-4797
-5124
-5374
-5537
-5551
-5413
-5151
-4859
-4506
-3923
-3067
-2054
-1147
-340
534
1488
2375
2981
3410
3714
3807
3653
3356
3193
3129
2984
2753
2634
2859
3303
3803
4318
4834
5309
5536
5512
5337
5068
4696
4166
3606
3123
2775
2569
2487
2576
2818
3227
3748
4239
4575
4719
4828
4908
4773
4267
3427
2481
1450
249
-1066
-2301
-3335
-4371
-5437
-6283
-6664
-6664
-6631
-6572
-6294
-5749
-5127
-4604
-4057
-3443
-2956
-2744
-2690
-2545
-2316
-2237
-2345
-2489
-2494
-2344
-2107
-1735
-1248
-702
-129
524
1353
2279
3157
3843
4277
4554
4731
4826
4728
4331
3696
2959
2254
1585
955
387
-129
-633
-1158
-1597
-1857
-1969
-2120
-2440
-2848
-3206
-3434
-3678
-4046
-4519
-4971
-5299
-5574
-5778
-5842
-5706
-5434
-5118
-4607
-3791
-2719
-1640
-702
272
1335
2371
3123
3545
3799
3848
3681
3307
2943
2710
2454
2190
2012
2161
2645
3232
3825
4340
4798
5096
5160
5045
4752
4328
3761
3150
2647
2262
2029
1895
1902
2094
2449
2987
3558
4012
4243
4339
4441
4450
4144
3399
2417
1399
311
-918
-2227
-3389
-4424
-5466
-6425
-7027
-7137
-7039
-6980
-6866
-6449
-5750
-5072
-4503
-3951
-3422
-3052
-2916
-2822
-2612
-2438
-2480
-2682
-2792
-2683
-2448
-2147
-1746
-1223
-609
64
851
1768
2691
3458
3997
4352
4602
4756
4715
4396
3813
3104
2398
1729
1098
505
-32
-511
-945
-1308
-1558
-1687
-1812
-2038
-2353
-2707
-3027
-3349
-3739
-4216
-4761
-5250
-5650
-5945
-6103
-6106
-5904
-5560
-5064
-4361
-3421
-2297
-1194
-150
882
1889
2763
3330
3636
3742
3663
3421
3036
2668
2390
2224
2176
2286
2640
3154
3746
4316
4767
5070
5201
5162
4931
4506
3984
3447
2975
2570
2223
2000
1937
2043
2309
2770
3410
4027
4424
4600
4743
4905
4854
4357
3490
2512
1493
320
-1025
-2315
-3399
-4432
-5529
-6460
-6890
-6879
-6797
-6784
-6603
-6057
-5341
-4750
-4266
-3734
-3216
-2942
-2886
-2782
-2554
-2422
-2552
-2785
-2851
-2693
-2432
-2126
-1707
-1147
-516
159
961
1914
2846
3581
4054
4362
4616
4758
4684
4298
3668
2954
2231
1565
951
396
-114
-610
-1030
-1346
-1531
-1646
-1810
-2063
-2412
-2779
-3126
-3473
-3867
-4392
-4983
-5493
-5855
-6082
-6204
-6164
-5928
-5540
-4975
-4195
-3161
-2001
-912
100
1098
2076
2844
3267
3420
3386
3198
2854
2439
2131
1982
1966
2067
2345
2855
3482
4087
4570
4891
5070
5070
4869
4498
4027
3540
3070
2649
2294
2036
1940
2004
2248
2680
3290
3978
4539
4871
5048
5210
5309
5106
4452
3492
2449
1328
56
-1304
-2551
-3637
-4734
-5831
-6637
-6908
-6826
-6776
-6758
-6509
-5931
-5259
-4722
-4226
-3684
-3223
-3019
-2993
-2867
-2664
-2599
-2773
-2991
-3000
-2795
-2465
-2069
-1563
-934
-217
590
1499
2472
3359
4023
4437
4696
4876
4911
4687
4180
3508
2800
2096
1424
824
303
-177
-643
-1008
-1227
-1358
-1505
-1710
-1920
-2158
-2470
-2830
-3183
-3574
-4092
-4678
-5162
-5457
-5653
-5798
-5781
-5498
-5007
-4380
-3584
-2549
-1393
-301
725
1748
2730
3468
3851
4002
4037
3918
3602
3180
2846
2687
2658
2774
3124
3709
4395
5007
5436
5720
5880
5856
5615
5180
4682
4203
3732
3285
2908
2721
2752
2951
3313
3895
4722
5690
6598
7323
7962
8633
9254
9563
9399
8875
8159
7187
5836
4166
2447
776
-987
-2831
-4444
-5526
-6237
-6921
-7542
-7798
-7611
-7277
-7034
-6749
-6295
-5838
-5612
-5520
-5299
-4954
-4743
-4774
-4813
-4653
-4304
-3891
-3435
-2871
-2209
-1484
-683
239
1255
2214
2981
3508
3868
4140
4271
4146
3719
3085
2380
1654
931
268
-304
-839
-1400
-1879
-2156
-2288
-2446
-2680
-2879
-3035
-3266
-3621
-3975
-4273
-4652
-5174
-5685
-5981
-6110
-6218
-6268
-6057
-5543
-4864
-4055
-3055
-1864
-657
448
1477
2444
3224
3671
3801
3743
3540
3173
2689
2224
1902
1775
1890
2258
2810
3440
4048
4562
4936
5159
5246
5177
4911
4484
4018
3643
3376
3141
2955
2927
3130
3539
4122
4886
5764
6541
7020
7273
7517
7764
7713
7116
6134
5076
4010
2744
1254
-192
-1438
-2641
-3918
-5009
-5589
-5776
-5991
-6324
-6434
-6118
-5641
-5319
-5101
-4801
-4511
-4463
-4610
-4706
-4714
-4870
-5285
-5719
-5918
-5864
-5696
-5484
-5153
-4640
-3967
-3154
-2226
-1255
-332
440
994
1359
1615
1763
1673
1254
620
-35
-645
-1247
-1840
-2348
-2768
-3158
-3482
-3609
-3565
-3555
-3672
-3803
-3853
-3945
-4237
-4640
-4991
-5341
-5836
-6404
-6809
-7016
-7173
-7326
-7252
-6796
-6111
-5347
-4470
-3350
-2059
-802
330
1345
2220
2817
3072
3092
3008
2816
2458
2021
1675
1578
1759
2154
2687
3291
3921
4473
4876
5137
5296
5324
5090
4622
4108
3707
3409
3064
2695
2456
2475
2704
3057
3572
4278
5040
5589
5846
6029
6284
6400
6033
5175
4177
3245
2220
925
-469
-1656
-2663
-3746
-4819
-5469
-5543
-5435
-5510
-5545
-5148
-4391
-3716
-3281
-2832
-2288
-1890
-1787
-1757
-1593
-1474
-1611
-1923
-2107
-2014
-1797
-1536
-1180
-652
20
772
1622
2546
3486
4322
4937
5325
5561
5709
5672
5320
4677
3944
3279
2609
1896
1250
752
326
-117
-420
-453
-372
-469
-747
-935
-999
-1194
-1662
-2204
-2656
-3164
-3859
-4544
-4945
-5148
-5388
-5596
-5475
-4926
-4194
-3419
-2502
-1355
-104
1019
1971
2787
3418
3704
3632
3377
3070
2696
2220
1742
1415
1369
1626
2085
2670
3296
3886
4379
4694
4888
5002
4955
4612
4008
3412
2965
2612
2206
1787
1579
1621
1849
2202
2789
3628
4448
4990
5229
5469
5807
5919
5501
4585
3571
2636
1579
273
-1105
-2266
-3298
-4416
-5457
-6043
-6071
-6006
-6146
-6174
-5739
-4969
-4344
-3971
-3576
-3082
-2736
-2712
-2775
-2705
-2661
-2878
-3292
-3532
-3429
-3147
-2838
-2471
-1923
-1188
-343
573
1570
2593
3478
4080
4441
4702
4881
4824
4390
3694
2977
2330
1661
957
370
-47
-416
-778
-977
-900
-750
-798
-1014
-1158
-1197
-1380
-1830
-2392
-2911
-3457
-4136
-4779
-5174
-5401
-5618
-5788
-5648
-5109
-4351
-3524
-2579
-1432
-161
1012
1977
2780
3397
3724
3666
3346
2969
2569
2097
1557
1172
1155
1496
2034
2629
3276
3949
4561
4988
5220
5294
5168
4771
4166
3537
3026
2611
2189
1789
1552
1579
1829
2232
2785
3541
4400
5110
5532
5793
6084
6301
6079
5284
4210
3199
2192
899
-619
-1989
-3074
-4139
-5261
-6067
-6253
-6122
-6133
-6198
-5853
-5064
-4312
-3886
-3531
-2995
-2524
-2445
-2616
-2679
-2646
-2819
-3250
-3604
-3626
-3420
-3183
-2888
-2382
-1642
-785
115
1076
2079
3014
3723
4154
4375
4480
4413
4034
3337
2527
1808
1128
410
-262
-721
-1021
-1354
-1682
-1735
-1490
-1330
-1516
-1817
-1905
-1896
-2196
-2855
-3525
-4033
-4588
-5325
-6006
-6356
-6506
-6719
-6906
-6699
-5978
-5062
-4200
-3293
-2135
-820
339
1194
1823
2268
2394
2125
1655
1217
830
375
-118
-367
-185
330
936
1551
2242
2979
3564
3877
4005
4048
3919
3473
2820
2229
1813
1441
1017
671
596
794
1131
1597
2338
3364
4392
5080
5418
5707
6097
6290
5882
4915
3866
2968
1955
592
-870
-2027
-2954
-3991
-5045
-5626
-5587
-5407
-5477
-5493
-5011
-4177
-3542
-3242
-2924
-2437
-2122
-2229
-2493
-2587
-2611
-2878
-3331
-3597
-3506
-3233
-2953
-2554
-1877
-1006
-87
828
1811
2842
3754
4383
4724
4899
4963
4811
4336
3644
2941
2330
1707
1042
503
190
-44
-328
-517
-402
-113
-25
-229
-436
-469
-561
-993
-1671
-2311
-2869
-3537
-4334
-4969
-5294
-5514
-5813
-5990
-5701
-4967
-4128
-3334
-2415
-1234
8
1024
1775
2350
2722
2714
2301
1757
1307
910
427
-58
-254
-9
521
1135
1831
2656
3486
4051
4304
4415
4463
4305
3816
3138
2504
2003
1549
1111
787
676
781
1074
1569
2295
3220
4197
5014
5553
5886
6152
6336
6176
5507
4491
3441
2392
1158
-277
-1645
-2732
-3711
-4754
-5621
-5944
-5810
-5681
-5708
-5539
-4970
-4302
-3892
-3673
-3359
-3025
-2989
-3268
-3527
-3611
-3716
-4030
-4403
-4521
-4347
-4017
-3592
-3001
-2234
-1398
-520
428
1440
2396
3138
3610
3843
3932
3898
3669
3208
2589
1968
1403
849
350
-13
-256
-500
-738
-786
-572
-347
-373
-562
-667
-653
-802
-1284
-1901
-2428
-2928
-3586
-4300
-4778
-5003
-5216
-5485
-5503
-5046
-4292
-3521
-2766
-1842
-739
335
1207
1881
2361
2546
2400
2025
1658
1361
1048
645
284
216
540
1143
1854
2602
3351
4001
4430
4642
4716
4672
4395
3830
3152
2607
2226
1856
1486
1262
1307
1549
1910
2456
3260
4263
5244
6028
6568
6942
7229
7365
7150
6454
5435
4385
3348
2117
681
-636
-1655
-2582
-3597
-4400
-4618
-4440
-4361
-4441
-4267
-3689
-3102
-2831
-2681
-2388
-2104
-2137
-2406
-2593
-2627
-2743
-3064
-3353
-3399
-3227
-2942
-2546
-1997
-1334
-624
162
1046
1989
2858
3523
3907
4059
4119
4102
3879
3354
2673
2036
1481
933
432
80
-162
-433
-702
-745
-531
-336
-389
-581
-684
-707
-881
-1301
-1816
-2314
-2886
-3570
-4192
-4599
-4889
-5233
-5541
-5564
-5200
-4608
-3962
-3233
-2352
-1344
-382
433
1084
1514
1649
1483
1157
813
482
98
-302
-555
-527
-214
306
970
1709
2387
2909
3246
3406
3411
3219
2793
2176
1540
1017
591
206
-106
-242
-138
158
600
1191
1972
2922
3923
4762
5301
5605
5827
5961
5768
5060
4018
2984
1997
834
-540
-1796
-2745
-3610
-4584
-5399
-5673
-5539
-5467
-5553
-5421
-4888
-4306
-3999
-3809
-3461
-3096
-3040
-3239
-3349
-3271
-3261
-3474
-3716
-3730
-3498
-3148
-2711
-2145
-1446
-678
146
1048
1988
2880
3597
4041
4242
4323
4342
4182
3736
3089
2450
1886
1345
855
505
273
40
-164
-142
145
448
531
463
451
488
367
9
-474
-1028
-1707
-2479
-3173
-3680
-4117
-4614
-5036
-5144
-4878
-4392
-3807
-3097
-2221
-1246
-277
641
1445
2021
2248
2154
1891
1593
1276
892
487
197
138
356
812
1431
2135
2832
3423
3845
4089
4165
4062
3721
3174
2571
2051
1614
1188
809
616
673
926
1300
1821
2563
3504
4532
5490
6216
6657
6909
7093
7097
6656
5739
4644
3615
2525
1195
-215
-1381
-2319
-3296
-4286
-4882
-4912
-4766
-4788
-4807
-4467
-3865
-3418
-3198
-2934
-2574
-2406
-2565
-2808
-2890
-2916
-3130
-3500
-3757
-3750
-3543
-3217
-2755
-2147
-1430
-642
216
1145
2088
2920
3486
3767
3879
3924
3843
3493
2900
2236
1635
1098
618
277
97
-33
-168
-182
84
509
792
838
818
869
858
623
185
-350
-983
-1763
-2586
-3259
-3772
-4295
-4864
-5267
-5285
-4955
-4468
-3891
-3154
-2236
-1245
-285
610
1373
1843
1907
1687
1396
1104
750
293
-153
-418
-427
-197
229
807
1462
2096
2592
2918
3124
3180
3004
2566
1996
1481
1056
642
232
-38
-60
131
458
935
1601
2410
3296
4282
5312
6131
6537
6677
6824
6886
6470
5485
4321
3282
2179
762
-738
-1892
-2766
-3744
-4815
-5472
-5487
-5294
-5306
-5353
-5040
-4446
-3965
-3714
-3475
-3167
-3040
-3249
-3580
-3774
-3871
-4079
-4432
-4721
-4757
-4534
-4135
-3619
-3010
-2304
-1505
-619
314
1241
2068
2659
2944
3018
3035
2988
2723
2173
1530
1004
606
243
-36
-131
-106
-94
-54
206
668
1045
1135
1048
1002
967
739
269
-344
-1022
-1798
-2642
-3390
-3975
-4504
-5063
-5522
-5661
-5416
-4925
-4329
-3643
-2805
-1837
-825
140
937
1436
1578
1453
1209
940
629
229
-191
-492
-546
-321
125
715
1360
1983
2493
2863
3119
3254
3191
2859
2364
1913
1584
1282
943
678
626
817
1167
1630
2262
3050
3868
4695
5631
6621
7310
7506
7432
7371
7211
6565
5431
4189
3049
1813
333
-1101
-2127
-2888
-3778
-4716
-5203
-5067
-4764
-4685
-4656
-4337
-3791
-3396
-3252
-3134
-2963
-2967
-3287
-3683
-3874
-3912
-4063
-4389
-4657
-4611
-4265
-3792
-3281
-2694
-1983
-1190
-366
472
1306
2018
2464
2617
2647
2717
2733
2505
2045
1591
1295
1096
905
782
791
846
847
866
1090
1436
1619
1509
1270
1092
912
527
-99
-837
-1612
-2454
-3310
-4036
-4583
-5044
-5503
-5832
-5820
-5417
-4808
-4153
-3428
-2551
-1532
-525
341
1014
1446
1586
1457
1195
939
687
348
-46
-325
-337
-112
236
668
1172
1699
2155
2511
2781
2929
2884
2636
2303
2048
1887
1714
1522
1416
1497
1753
2102
2542
3097
3733
4404
5139
5997
6836
7338
7384
7212
7081
6860
6193
5078
3863
2762
1622
298
-970
-1887
-2611
-3452
-4310
-4731
-4590
-4330
-4314
-4372
-4139
-3681
-3363
-3273
-3197
-3043
-3027
-3279
-3582
-3679
-3652
-3766
-4063
-4303
-4252
-3933
-3510
-3088
-2622
-2044
-1342
-567
241
1057
1803
2348
2623
2774
2959
3111
3018
2635
2184
1888
1710
1517
1326
1203
1094
910
748
826
1090
1214
1027
723
541
422
123
-435
-1113
-1816
-2560
-3331
-4007
-4525
-4988
-5474
-5885
-5986
-5712
-5225
-4686
-4087
-3320
-2361
-1327
-380
397
981
1323
1391
1259
1058
828
509
65
-368
-582
-518
-283
47
494
1071
1695
2252
2703
3053
3267
3281
3148
3000
2913
2839
2696
2554
2529
2655
2866
3131
3518
4030
4582
5153
5849
6654
7307
7526
7406
7299
7272
6974
6148
5023
3986
3028
1883
602
-465
-1234
-2025
-2985
-3732
-3894
-3684
-3629
-3808
-3824
-3469
-3029
-2820
-2741
-2579
-2415
-2481
-2745
-2934
-2951
-2997
-3256
-3610
-3769
-3600
-3247
-2862
-2458
-1943
-1256
-434
437
1322
2212
2988
3513
3806
4049
4315
4439
4238
3796
3388
3105
2847
2531
2239
2018
1789
1534
1413
1567
1787
1775
1513
1275
1180
1047
652
10
-679
-1340
-2029
-2755
-3425
-3975
-4490
-5002
-5391
-5481
-5253
-4881
-4457
-3923
-3167
-2219
-1236
-370
333
863
1170
1228
1104
858
492
14
-488
-852
-979
-894
-676
-319
189
801
1433
2011
2501
2857
3028
3028
2942
2861
2789
2638
2395
2181
2118
2185
2293
2425
2679
3099
3583
4104
4748
5497
6093
6273
6153
6084
6100
5804
4945
3798
2759
1804
670
-609
-1693
-2516
-3382
-4372
-5094
-5238
-5064
-5063
-5247
-5190
-4745
-4245
-3968
-3818
-3631
-3500
-3605
-3878
-4056
-4105
-4253
-4616
-4994
-5099
-4887
-4524
-4151
-3722
-3136
-2362
-1469
-547
388
1294
2047
2533
2800
3030
3247
3266
2946
2424
1972
1663
1358
1001
711
528
337
99
-16
141
383
414
229
68
43
-30
-367
-936
-1547
-2155
-2850
-3601
-4299
-4885
-5408
-5916
-6320
-6457
-6323
-6027
-5645
-5145
-4441
-3563
-2651
-1838
-1120
-494
-44
147
90
-89
-326
-654
-1068
-1424
-1602
-1604
-1481
-1215
-729
-59
671
1367
2030
2631
3055
3256
3290
3273
3206
3030
2743
2443
2250
2180
2184
2245
2423
2753
3207
3737
4371
5159
5983
6530
6680
6658
6735
6770
6360
5400
4259
3279
2306
1098
-190
-1211
-1997
-2861
-3806
-4368
-4341
-4143
-4209
-4395
-4240
-3718
-3271
-3142
-3086
-2913
-2807
-2982
-3293
-3439
-3450
-3595
-3949
-4229
-4182
-3866
-3481
-3086
-2567
-1859
-1017
-130
793
1759
2664
3352
3779
4063
4338
4552
4509
4147
3670
3268
2946
2613
2250
1959
1726
1477
1239
1191
1353
1506
1443
1222
1064
1000
865
502
-56
-706
-1405
-2130
-2843
-3511
-4168
-4849
-5464
-5878
-6033
-5992
-5834
-5571
-5189
-4638
-3912
-3067
-2228
-1534
-1013
-620
-327
-170
-192
-390
-695
-1028
-1318
-1498
-1538
-1428
-1163
-727
-127
579
1329
2078
2750
3242
3495
3551
3505
3405
3210
2909
2573
2285
2079
1959
1941
2051
2305
2673
3127
3668
4344
5149
5906
6343
6424
6386
6409
6309
5724
4682
3593
2701
1785
619
-592
-1509
-2217
-3021
-3851
-4274
-4188
-4035
-4155
-4277
-3998
-3444
-3076
-3022
-2970
-2776
-2667
-2830
-3103
-3226
-3273
-3440
-3704
-3845
-3703
-3370
-2962
-2480
-1850
-1073
-185
748
1695
2632
3480
4132
4550
4833
5057
5166
4999
4551
4040
3617
3240
2831
2441
2161
1952
1729
1561
1601
1808
1931
1848
1699
1664
1663
1496
1111
601
12
-682
-1455
-2205
-2882
-3553
-4249
-4868
-5261
-5397
-5375
-5252
-4994
-4553
-3935
-3174
-2334
-1497
-750
-168
252
549
724
722
515
171
-164
-382
-479
-486
-399
-173
209
726
1339
2011
2669
3213
3575
3762
3833
3812
3685
3422
3046
2630
2242
1949
1778
1709
1711
1812
2086
2539
3108
3743
4466
5228
5799
6010
5996
6021
6031
5653
4735
3605
2632
1750
649
-636
-1750
-2580
-3395
-4292
-4924
-5023
-4886
-4946
-5145
-5060
-4598
-4161
-4031
-4031
-3919
-3784
-3866
-4118
-4300
-4356
-4444
-4644
-4812
-4750
-4457
-4035
-3538
-2955
-2249
-1428
-541
365
1275
2149
2871
3326
3570
3764
3937
3917
3588
3089
2659
2343
2021
1661
1386
1229
1071
892
851
1030
1253
1295
1189
1115
1117
1043
754
288
-273
-934
-1672
-2409
-3090
-3746
-4426
-5061
-5519
-5742
-5769
-5677
-5468
-5104
-4568
-3860
-3025
-2151
-1325
-624
-62
383
731
946
976
819
576
380
283
262
300
420
679
1076
1576
2146
2762
3359
3818
4065
4164
4221
4196
4006
3657
3271
2963
2701
2434
2222
2152
2222
2363
2602
3004
3544
4159
4825
5529
6101
6339
6327
6293
6241
5852
4958
3854
2898
2031
936
-361
-1485
-2310
-3104
-4006
-4712
-4922
-4858
-4924
-5114
-5051
-4647
-4237
-4094
-4083
-3958
-3796
-3816
-4026
-4216
-4275
-4314
-4444
-4601
-4619
-4432
-4109
-3710
-3232
-2638
-1925
-1147
-355
454
1258
1952
2404
2627
2788
2946
2964
2725
2311
1913
1582
1244
884
574
340
105
-140
-268
-208
-77
-50
-163
-297
-381
-499
-760
-1196
-1750
-2382
-3063
-3744
-4391
-5006
-5624
-6219
-6687
-6921
-6911
-6756
-6516
-6163
-5616
-4860
-3994
-3096
-2237
-1472
-852
-353
80
411
554
461
229
11
-123
-194
-230
-210
-79
177
577
1126
1769
2417
2948
3315
3544
3685
3742
3652
3398
3057
2731
2451
2211
2029
1971
2054
2230
2493
2901
3457
4093
4796
5572
6291
6703
6765
6751
6813
6685
6014
4914
3847
2970
1975
694
-570
-1500
-2254
-3118
-3930
-4279
-4170
-4063
-4173
-4199
-3843
-3305
-2973
-2870
-2757
-2564
-2502
-2692
-2969
-3148
-3254
-3425
-3676
-3856
-3814
-3540
-3128
-2656
-2097
-1386
-550
335
1207
2082
2923
3567
3909
4071
4240
4370
4254
3832
3313
2903
2558
2167
1757
1442
1213
974
766
743
911
1066
1032
884
801
773
633
256
-283
-883
-1532
-2251
-2991
-3658
-4256
-4847
-5397
-5758
-5819
-5665
-5431
-5128
-4634
-3916
-3086
-2250
-1434
-627
84
605
960
1237
1410
1375
1138
836
599
443
309
222
258
434
733
1126
1637
2230
2790
3218
3489
3648
3728
3693
3491
3164
2805
2483
2188
1919
1745
1714
1818
2020
2339
2800
3365
3989
4690
5464
6120
6397
6347
6282
6291
6036
5227
4084
3042
2170
1147
-127
-1292
-2108
-2783
-3575
-4274
-4494
-4325
-4224
-4347
-4356
-3993
-3484
-3205
-3177
-3127
-2993
-2991
-3247
-3578
-3766
-3847
-3999
-4244
-4380
-4231
-3831
-3358
-2866
-2273
-1494
-599
276
1122
1984
2777
3329
3590
3730
3885
3963
3767
3305
2792
2365
1981
1576
1215
949
719
481
347
452
703
854
798
688
679
703
559
182
-344
-935
-1584
-2273
-2942
-3557
-4151
-4755
-5280
-5565
-5564
-5399
-5171
-4873
-4396
-3703
-2880
-2040
-1247
-516
110
575
892
1111
1221
1162
920
591
318
165
97
56
66
217
537
971
1468
2019
2569
3016
3289
3420
3487
3461
3272
2945
2603
2298
2004
1718
1533
1532
1653
1831
2080
2495
3070
3696
4333
5018
5696
6112
6155
6060
6037
5912
5327
4293
3222
2345
1453
303
-905
-1806
-2452
-3154
-3897
-4309
-4256
-4097
-4144
-4220
-3981
-3495
-3146
-3075
-3049
-2897
-2810
-2991
-3342
-3591
-3681
-3774
-3976
-4174
-4147
-3835
-3360
-2856
-2313
-1644
-823
58
881
1660
2431
3077
3441
3564
3646
3760
3714
3345
2787
2318
1992
1664
1264
914
680
494
330
316
507
719
752
643
605
656
604
298
-191
-723
-1289
-1928
-2604
-3228
-3786
-4344
-4894
-5274
-5363
-5234
-5035
-4809
-4447
-3862
-3119
-2350
-1616
-903
-238
282
633
897
1112
1193
1029
683
361
190
117
40
-24
17
222
578
1048
1590
2115
2556
2903
3184
3409
3515
3443
3191
2871
2573
2307
2026
1729
1512
1463
1562
1722
1958
2363
2930
3523
4115
4808
5546
6057
6158
6051
6015
5937
5430
4423
3310
2394
1475
306
-919
-1826
-2453
-3148
-3930
-4393
-4319
-4049
-3997
-4072
-3905
-3454
-3068
-2955
-2957
-2889
-2878
-3117
-3529
-3850
-3976
-4087
-4346
-4627
-4657
-4335
-3816
-3291
-2746
-2065
-1227
-337
520
1361
2179
2820
3157
3295
3444
3604
3540
3133
2564
2099
1788
1471
1083
729
504
361
256
279
476
737
849
778
711
767
820
624
134
-464
-1006
-1537
-2178
-2882
-3516
-4047
-4553
-5010
-5249
-5174
-4907
-4659
-4408
-3950
-3224
-2419
-1751
-1206
-675
-169
209
410
507
541
450
189
-121
-318
-366
-395
-457
-447
-249
137
593
1057
1535
2022
2455
2785
3049
3260
3340
3198
2891
2559
2301
2071
1779
1455
1226
1196
1317
1532
1857
2345
2946
3558
4148
4813
5593
6243
6459
6293
6114
6049
5785
4998
3857
2817
1993
1081
-53
-1093
-1763
-2275
-2953
-3601
-3787
-3520
-3305
-3441
-3610
-3432
-3058
-2906
-3045
-3202
-3265
-3450
-3852
-4226
-4351
-4360
-4514
-4780
-4853
-4543
-3990
-3436
-2899
-2262
-1481
-640
176
989
1800
2499
2931
3091
3175
3324
3419
3221
2723
2182
1800
1538
1235
898
644
494
362
268
350
601
802
774
627
590
680
676
404
-93
-618
-1084
-1543
-2056
-2625
-3186
-3680
-4077
-4351
-4479
-4441
-4287
-4105
-3904
-3569
-3025
-2387
-1849
-1480
-1148
-753
-362
-98
6
21
-14
-111
-239
-315
-317
-313
-336
-290
-87
252
633
1012
1395
1781
2125
2398
2629
2805
2865
2768
2556
2319
2098
1892
1665
1427
1217
1090
1090
1217
1459
1800
2246
2765
3294
3813
4394
5080
5687
5948
5839
5649
5588
5454
4898
3907
2864
2019
1212
234
-792
-1585
-2186
-2852
-3560
-3968
-3936
-3810
-3943
-4207
-4221
-3942
-3727
-3783
-3948
-4011
-4063
-4276
-4586
-4759
-4734
-4702
-4799
-4870
-4680
-4195
-3582
-3010
-2446
-1776
-968
-146
585
1264
1909
2428
2679
2715
2746
2829
2782
2446
1947
1541
1299
1083
832
637
548
485
404
424
639
916
1024
931
815
803
846
767
471
-6
-549
-1034
-1446
-1869
-2384
-2936
-3414
-3764
-3993
-4078
-4004
-3868
-3760
-3625
-3306
-2762
-2200
-1795
-1513
-1199
-832
-509
-287
-138
-57
-74
-152
-168
-59
62
93
104
235
528
889
1236
1571
1905
2216
2496
2764
3012
3192
3247
3165
3010
2856
2721
2576
2372
2111
1881
1763
1779
1913
2133
2428
2823
3301
3821
4364
4946
5557
6092
6355
6289
6078
5936
5780
5283
4341
3249
2346
1584
689
-341
-1233
-1878
-2487
-3168
-3670
-3753
-3638
-3725
-4011
-4123
-3901
-3643
-3640
-3811
-3893
-3875
-3959
-4170
-4324
-4316
-4254
-4271
-4307
-4179
-3821
-3312
-2791
-2290
-1731
-1062
-330
355
963
1517
2005
2318
2412
2439
2512
2546
2352
1951
1582
1379
1253
1081
907
822
795
755
763
924
1180
1314
1244
1114
1085
1114
1029
746
310
-188
-683
-1134
-1541
-1969
-2467
-2989
-3420
-3672
-3770
-3798
-3808
-3796
-3710
-3501
-3160
-2747
-2375
-2090
-1838
-1539
-1195
-870
-622
-471
-382
-303
-185
-24
135
247
328
454
669
952
1233
1480
1711
1927
2132
2330
2520
2684
2775
2766
2690
2615
2553
2465
2339
2183
2045
1943
1892
1930
2072
2286
2533
2822
3204
3664
4132
4578
5050
5520
5810
5790
5592
5461
5339
4912
4043
3028
2200
1496
612
-461
-1392
-2031
-2604
-3286
-3868
-4073
-4016
-4070
-4301
-4391
-4175
-3897
-3839
-3940
-3938
-3810
-3766
-3896
-4053
-4061
-3984
-3962
-4010
-3980
-3762
-3398
-2983
-2564
-2083
-1491
-838
-212
373
980
1565
1989
2190
2303
2465
2610
2539
2230
1883
1648
1481
1271
1030
841
698
549
457
535
741
882
855
773
806
942
988
831
523
140
-275
-708
-1147
-1593
-2099
-2695
-3287
-3733
-3971
-4086
-4184
-4266
-4255
-4073
-3726
-3280
-2825
-2416
-2042
-1655
-1214
-765
-399
-168
-43
37
120
197
250
260
239
240
313
483
720
971
1222
1492
1781
2083
2382
2651
2838
2909
2889
2836
2773
2662
2469
2239
2043
1884
1733
1588
1533
1617
1797
2003
2241
2604
3096
3605
4071
4540
5016
5335
5338
5149
4991
4820
4339
3429
2405
1584
852
-80
-1157
-2016
-2547
-3038
-3677
-4190
-4264
-4067
-4014
-4162
-4168
-3880
-3547
-3455
-3518
-3504
-3426
-3484
-3727
-3949
-3999
-3968
-4024
-4138
-4122
-3857
-3410
-2918
-2438
-1912
-1280
-575
117
769
1390
1939
2315
2503
2631
2804
2917
2795
2445
2065
1827
1666
1450
1197
1002
891
814
795
920
1144
1300
1286
1212
1248
1368
1406
1213
843
446
71
-326
-777
-1272
-1786
-2316
-2836
-3254
-3486
-3571
-3634
-3723
-3739
-3543
-3155
-2725
-2357
-2017
-1638
-1237
-878
-558
-239
34
177
193
220
345
492
552
532
546
665
858
1078
1320
1586
1841
2072
2314
2588
2858
3029
3071
3040
3005
2962
2869
2700
2477
2265
2101
1961
1843
1776
1794
1921
2099
2325
2640
3038
3464
3855
4245
4695
5089
5233
5093
4879
4743
4509
3921
3005
2095
1369
654
-236
-1164
-1857
-2326
-2816
-3375
-3714
-3666
-3484
-3487
-3633
-3589
-3284
-3001
-2970
-3091
-3119
-3091
-3207
-3493
-3732
-3774
-3744
-3817
-3946
-3899
-3575
-3090
-2617
-2163
-1633
-1005
-360
241
832
1426
1908
2157
2230
2308
2441
2477
2266
1884
1555
1348
1174
962
798
748
754
750
804
1015
1319
1528
1554
1506
1525
1568
1469
1155
703
251
-162
-608
-1140
-1686
-2161
-2551
-2918
-3257
-3461
-3485
-3431
-3406
-3362
-3151
-2769
-2378
-2099
-1870
-1560
-1226
-994
-874
-754
-612
-552
-605
-668
-621
-498
-425
-405
-316
-95
196
473
729
1012
1319
1597
1830
2024
2188
2270
2246
2152
2047
1961
1838
1632
1388
1201
1112
1072
1025
994
1060
1226
1446
1689
1985
2383
2842
3250
3560
3860
4240
4635
4813
4660
4353
4132
3972
3585
2861
2028
1366
829
162
-613
-1214
-1552
-1878
-2375
-2811
-2885
-2717
-2711
-2975
-3190
-3119
-2959
-3022
-3252
-3406
-3446
-3556
-3806
-3998
-3978
-3847
-3803
-3833
-3728
-3381
-2886
-2405
-1973
-1522
-1007
-456
75
558
1017
1419
1670
1764
1818
1961
2123
2117
1905
1675
1607
1656
1653
1572
1525
1557
1581
1573
1617
1759
1865
1785
1578
1407
1343
1254
1005
626
234
-108
-424
-746
-1071
-1399
-1723
-2032
-2296
-2470
-2576
-2659
-2767
-2877
-2908
-2841
-2729
-2637
-2584
-2511
-2382
-2234
-2095
-1956
-1783
-1603
-1466
-1334
-1139
-874
-628
-457
-306
-112
126
335
494
629
757
860
937
1023
1126
1201
1214
1192
1190
1225
1272
1313
1336
1330
1300
1300
1369
1468
1546
1562
1565
1624
1743
1914
2116
2316
2523
2745
2996
3286
3604
3944
4230
4352
4288
4174
4128
4065
3747
3121
2427
1853
1311
628
-135
-780
-1287
-1837
-2465
-2910
-3019
-3019
-3206
-3510
-3621
-3452
-3258
-3249
-3338
-3344
-3274
-3290
-3410
-3484
-3429
-3375
-3446
-3542
-3502
-3249
-2890
-2571
-2299
-1950
-1462
-898
-358
140
630
1077
1418
1634
1843
2096
2295
2290
2118
1960
1924
1919
1834
1689
1572
1488
1415
1375
1410
1494
1503
1383
1218
1128
1104
1010
767
400
7
-339
-662
-1014
-1422
-1846
-2250
-2620
-2926
-3161
-3325
-3453
-3570
-3658
-3649
-3530
-3360
-3211
-3085
-2942
-2746
-2527
-2321
-2143
-1995
-1868
-1741
-1594
-1427
-1263
-1121
-997
-853
-676
-470
-252
-39
159
339
512
701
910
1104
1249
1322
1364
1416
1493
1545
1539
1496
1459
1443
1427
1406
1405
1442
1490
1505
1510
1566
1708
1892
2062
2200
2379
2635
2930
3200
3428
3674
3922
4065
4043
3924
3815
3683
3367
2829
2223
1702
1205
593
-86
-668
-1096
-1502
-1982
-2404
-2608
-2671
-2786
-2992
-3138
-3125
-3070
-3121
-3238
-3306
-3316
-3378
-3526
-3647
-3654
-3592
-3547
-3514
-3393
-3114
-2716
-2275
-1829
-1338
-767
-140
469
1019
1541
2036
2453
2735
2913
3081
3223
3253
3132
2939
2805
2730
2609
2425
2270
2194
2137
2058
1999
2007
2019
1938
1767
1592
1460
1279
977
595
208
-165
-575
-1002
-1403
-1759
-2109
-2461
-2758
-2959
-3071
-3165
-3252
-3285
-3233
-3112
-2968
-2827
-2674
-2505
-2332
-2161
-1995
-1815
-1634
-1489
-1362
-1215
-1002
-755
-516
-312
-115
121
395
653
883
1088
1265
1416
1526
1622
1716
1795
1821
1782
1703
1638
1605
1570
1513
1437
1382
1372
1396
1430
1476
1558
1655
1725
1759
1792
1855
1937
2002
2047
2107
2217
2376
2542
2734
2945
3165
3380
3532
3588
3558
3481
3367
3151
2770
2274
1749
1228
671
58
-546
-1074
-1561
-2075
-2558
-2887
-3048
-3170
-3341
-3493
-3533
-3472
-3388
-3340
-3290
-3216
-3162
-3135
-3091
-2975
-2828
-2696
-2575
-2418
-2184
-1882
-1515
-1119
-731
-335
87
555
1032
1463
1834
2153
2417
2622
2779
2878
2909
2853
2723
2583
2447
2294
2101
1895
1689
1487
1298
1133
1001
866
677
461
279
144
6
-185
-416
-662
-892
-1111
-1321
-1519
-1720
-1923
-2125
-2307
-2441
-2521
-2557
-2599
-2666
-2711
-2680
-2571
-2447
-2349
-2249
-2101
-1905
-1696
-1482
-1253
-1007
-774
-586
-406
-187
51
244
377
489
626
779
913
1013
1092
1165
1219
1256
1295
1343
1385
1388
1357
1350
1376
1411
1420
1403
1379
1365
1353
1329
1305
1281
1238
1169
1087
1035
1038
1058
1047
1017
1030
1124
1285
1471
1661
1891
2177
2490
2793
3095
3412
3699
3865
3863
3774
3676
3527
3192
2661
2059
1498
951
329
-328
-892
-1337
-1749
-2164
-2477
-2582
-2566
-2594
-2684
-2699
-2566
-2398
-2320
-2334
-2327
-2285
-2276
-2324
-2362
-2331
-2278
-2260
-2255
-2159
-1934
-1649
-1366
-1109
-813
-459
-70
313
653
950
1206
1394
1507
1578
1626
1623
1509
1295
1063
876
725
549
344
174
66
4
-40
-50
-1
60
64
14
-13
-6
-23
-145
-346
-548
-737
-934
-1181
-1441
-1667
-1870
-2072
-2264
-2397
-2454
-2478
-2502
-2510
-2458
-2338
-2194
-2058
-1933
-1799
-1642
-1490
-1354
-1229
-1115
-1004
-921
-847
-758
-638
-510
-407
-313
-198
-50
114
259
379
491
604
684
721
750
791
803
742
634
532
472
416
317
197
107
61
19
-31
-39
32
125
182
230
324
485
649
760
853
957
1069
1158
1250
1393
1561
1723
1886
2094
2371
2657
2915
3155
3393
3574
3616
3555
3476
3346
3059
2590
2063
1575
1101
554
-64
-607
-1014
-1383
-1779
-2123
-2305
-2366
-2437
-2557
-2618
-2552
-2436
-2385
-2417
-2448
-2425
-2417
-2486
-2589
-2673
-2721
-2779
-2845
-2868
-2798
-2637
-2440
-2221
-1961
-1618
-1208
-782
-379
-1
372
716
996
1203
1367
1496
1552
1504
1403
1314
1239
1136
988
853
789
754
713
692
726
800
842
827
806
818
814
725
552
350
165
-32
-283
-561
-827
-1049
-1250
-1449
-1624
-1729
-1769
-1791
-1813
-1811
-1738
-1606
-1484
-1402
-1336
-1224
-1086
-979
-917
-871
-813
-770
-765
-769
-740
-691
-667
-665
-640
-553
-417
-286
-162
-18
143
291
423
551
684
786
817
803
800
829
835
794
727
688
692
687
660
638
660
715
741
742
776
886
1012
1085
1124
1194
1330
1462
1539
1566
1619
1730
1861
1968
2065
2222
2443
2678
2883
3068
3278
3501
3649
3644
3535
3392
3225
2943
2491
1946
1422
928
385
-208
-771
-1219
-1598
-1987
-2359
-2607
-2715
-2783
-2888
-2984
-2981
-2896
-2829
-2812
-2811
-2774
-2726
-2714
-2727
-2706
-2637
-2554
-2475
-2372
-2182
-1918
-1613
-1300
-968
-590
-185
219
593
950
1287
1568
1782
1927
2048
2146
2173
2119
2009
1917
1838
1739
1614
1495
1432
1388
1329
1276
1259
1274
1247
1157
1038
928
820
650
400
120
-154
-425
-729
-1047
-1335
-1577
-1806
-2038
-2224
-2325
-2348
-2351
-2352
-2320
-2219
-2075
-1935
-1818
-1694
-1553
-1432
-1354
-1288
-1199
-1101
-1034
-997
-946
-839
-716
-610
-514
-390
-227
-64
79
215
380
547
667
758
846
941
1015
1022
988
951
930
893
819
738
668
623
584
549
539
559
592
614
636
679
748
818
863
885
907
939
968
983
991
1004
1022
1044
1072
1137
1245
1375
1515
1672
1862
2077
2294
2489
2651
2784
2865
2868
2786
2640
2435
2150
1784
1355
910
460
2
-461
-906
-1294
-1618
-1898
-2138
-2308
-2408
-2442
-2447
-2440
-2392
-2311
-2220
-2151
-2107
-2054
-1997
-1948
-1926
-1909
-1852
-1756
-1636
-1504
-1326
-1090
-805
-496
-184
145
484
810
1099
1331
1535
1702
1812
1853
1840
1789
1709
1592
1427
1252
1080
917
763
601
465
368
301
244
193
178
178
175
140
89
36
-35
-150
-314
-495
-678
-868
-1093
-1330
-1533
-1703
-1863
-2013
-2134
-2188
-2194
-2184
-2161
-2102
-1994
-1871
-1749
-1638
-1517
-1377
-1245
-1137
-1052
-957
-842
-733
-646
-549
-426
-286
-150
-23
115
264
422
546
646
742
827
892
915
903
885
853
790
701
610
530
459
384
313
269
261
278
305
349
424
518
617
713
815
921
1023
1104
1162
1220
1285
1345
1388
1417
1466
1541
1622
1704
1793
1907
2037
2163
2256
2334
2406
2450
2430
2322
2161
1966
1728
1422
1046
640
243
-141
-536
-921
-1248
-1509
-1721
-1899
-2039
-2090
-2069
-2028
-1989
-1940
-1847
-1736
-1654
-1609
-1582
-1556
-1542
-1563
-1601
-1613
-1594
-1570
-1546
-1489
-1369
-1194
-992
-779
-552
-294
-13
266
518
750
960
1138
1267
1348
1399
1426
1409
1331
1217
1101
987
873
738
602
488
391
309
235
176
123
70
-3
-88
-162
-240
-347
-490
-649
-810
-968
-1133
-1302
-1462
-1612
-1744
-1852
-1922
-1951
-1945
-1915
-1863
-1781
-1655
-1502
-1349
-1198
-1058
-920
-786
-666
-562
-476
-411
-363
-337
-303
-264
-224
-194
-175
-134
-78
3
91
174
275
382
492
597
694
791
870
918
938
945
948
938
897
836
770
720
685
641
597
554
538
525
512
510
523
541
548
547
549
567
592
613
618
625
650
699
747
798
861
941
1041
1147
1266
1393
1527
1662
1780
1893
2003
2107
2186
2225
2232
2217
2181
2104
1971
1800
1590
1364
1112
822
527
229
-59
-347
-616
-849
-1043
-1208
-1349
-1462
-1535
-1565
-1576
-1581
-1583
-1572
-1552
-1523
-1501
-1486
-1469
-1458
-1449
-1436
-1399
-1350
-1291
-1225
-1144
-1042
-909
-758
-603
-445
-291
-128
28
173
305
416
496
542
568
580
580
557
507
441
377
321
274
221
163
104
55
6
-46
-102
-173
-257
-364
-482
-601
-722
-847
-977
-1114
-1236
-1325
-1398
-1443
-1464
-1464
-1434
-1376
-1289
-1166
-1031
-888
-745
-601
-451
-300
-162
-53
40
114
176
229
269
295
310
322
323
329
341
355
365
363
354
347
343
335
312
276
236
192
146
103
58
21
-12
-49
-66
-60
-28
21
69
127
212
325
463
604
750
905
1080
1272
1458
1657
1865
2064
2244
2399
2536
2662
2751
2782
2738
2630
2489
2307
2068
1774
1431
1073
710
342
-16
-348
-644
-914
-1171
-1394
-1559
-1675
-1772
-1879
-1986
-2069
-2122
-2164
-2218
-2273
-2316
-2348
-2369
-2369
-2328
-2255
-2159
-2058
-1933
-1762
-1539
-1292
-1053
-824
-587
-339
-96
131
327
486
609
691
753
799
831
843
817
765
731
725
736
742
740
730
727
743
764
779
774
740
674
600
527
455
358
232
91
-51
-168
-265
-345
-422
-499
-556
-597
-599
-575
-550
-537
-545
-554
-555
-550
-559
-592
-652
-724
-782
-819
-843
-857
-873
-883
-882
-848
-775
-698
-623
-570
-515
-454
-389
-324
-285
-270
-275
-293
-311
-318
-325
-343
-362
-378
-377
-330
-259
-174
-90
4
115
242
386
515
635
724
793
847
894
926
944
936
905
872
847
837
830
825
819
817
842
879
920
970
1009
1048
1077
1101
1119
1129
1118
1081
1025
957
887
813
729
634
539
455
381
317
263
220
185
160
137
118
110
101
88
65
41
15
-11
-38
-74
-108
-138
-164
-182
-202
-203
-199
-184
-166
-147
-115
-79
-38
-7
19
35
44
49
42
18
-6
-39
-75
-124
-175
-217
-256
-294
-328
-361
-384
-387
-389
-388
-386
-369
-354
-340
-317
-293
-271
-252
-238
-234
-227
-220
-217
-221
-236
-251
-258
-263
-264
-262
-258
-247
-232
-207
-171
-135
-96
-58
-28
6
37
67
90
103
113
119
128
131
134
136
140
138
144
163
184
210
231
263
291
330
369
413
447
474
506
527
554
580
613
647
683
734
798
876
971
1070
1177
1283
1386
1481
1562
1620
1642
1626
1569
1469
1330
1156
938
686
412
132
-154
-431
-694
-940
-1148
-1330
-1476
-1579
-1651
-1698
-1720
-1725
-1719
-1710
-1693
-1682
-1678
-1676
-1682
-1677
-1667
-1651
-1615
-1564
-1486
-1382
-1243
-1077
-884
-676
-445
-212
22
254
469
660
822
956
1057
1124
1161
1170
1147
1107
1059
998
943
893
841
801
771
749
737
724
714
694
657
617
555
472
369
250
116
-33
-177
-324
-460
-586
-693
-771
-821
-844
-839
-802
-755
-688
-611
-532
-453
-388
-337
-310
-299
-309
-337
-375
-428
-490
-552
-599
-636
-654
-645
-619
-568
-499
-409
-303
-192
-80
31
128
213
284
340
374
391
387
378
361
332
307
288
268
252
252
257
272
291
309
334
354
368
375
372
355
328
286
238
179
114
50
-12
-70
-114
-142
-160
-158
-136
-102
-57
12
82
154
227
298
356
403
436
455
456
445
419
382
340
292
251
213
181
165
163
174
192
226
270
320
370
423
472
508
530
545
544
525
491
447
387
317
240
163
83
-6
-85
-164
-233
-304
-366
-424
-486
-536
-590
-639
-691
-745
-797
-854
-907
-957
-1009
-1053
-1090
-1127
-1148
-1158
-1154
-1142
-1120
-1086
-1043
-987
-927
-862
-799
-737
-676
-623
-571
-522
-484
-451
-425
-397
-373
-352
-322
-293
-258
-220
-178
-124
-62
-2
58
123
185
244
296
343
376
395
405
409
401
383
359
332
302
270
247
232
224
230
239
260
296
336
386
437
481
530
576
611
641
658
669
666
653
638
622
613
601
601
616
646
693
760
836
922
1009
1097
1176
1234
1270
1264
1223
1143
1019
856
662
438
190
-68
-326
-571
-804
-1010
-1186
-1328
-1440
-1512
-1550
-1564
-1549
-1522
-1481
-1432
-1383
-1334
-1291
-1255
-1226
-1201
-1167
-1131
-1087
-1029
-944
-842
-716
-562
-387
-195
10
225
439
643
835
1003
1145
1249
1320
1361
1362
1334
1280
1203
1108
1000
889
780
676
579
492
424
357
307
266
220
177
132
79
17
-56
-145
-242
-348
-461
-573
-678
-773
-852
-913
-952
-965
-959
-923
-863
-785
-691
-585
-472
-359
-240
-132
-28
64
151
224
287
342
390
435
476
519
562
614
663
715
768
822
867
909
943
959
964
951
924
878
813
742
661
566
468
367
270
171
76
-8
-98
-181
-254
-320
-388
-455
-508
-561
-616
-666
-708
-743
-776
-809
-830
-844
-853
-846
-829
-800
-758
-708
-642
-567
-490
-405
-314
-227
-145
-64
14
80
137
190
239
285
324
357
392
419
446
470
491
504
513
517
516
501
480
451
419
377
331
285
229
175
120
70
19
-33
-75
-111
-145
-172
-191
-213
-229
-245
-258
-268
-278
-286
-290
-289
-289
-285
-276
-265
-249
-230
-206
-182
-154
-126
-94
-60
-27
9
48
84
121
161
198
233
264
292
311
324
333
338
333
322
314
305
293
289
284
284
286
293
301
309
317
320
324
323
320
309
294
282
265
242
222
203
180
156
137
118
91
75
55
28
9
-17
-41
-68
-104
-132
-161
-203
-243
-283
-330
-375
-415
-459
-506
-545
-582
-609
-636
-652
-669
-677
-681
-684
-681
-679
-674
-673
-671
-670
-674
-678
-682
-690
-697
-699
-698
-694
-683
-667
-643
-609
-571
-535
-495
-447
-409
-368
-328
-297
-264
-233
-203
-170
-141
-104
-58
-21
27
81
133
189
246
297
347
398
439
482
515
540
569
586
602
619
626
634
643
648
658
669
675
689
698
708
721
732
735
739
739
735
730
723
724
724
726
736
753
775
796
823
841
849
839
808
759
671
558
412
237
40
-174
-392
-607
-815
-999
-1151
-1278
-1360
-1402
-1402
-1372
-1312
-1226
-1124
-1021
-919
-820
-736
-666
-607
-565
-531
-508
-480
-445
-408
-350
-272
-180
-69
54
187
323
455
579
682
765
820
843
839
806
741
652
549
429
306
194
78
-19
-95
-151
-186
-199
-191
-169
-132
-96
-56
-19
7
28
31
21
-1
-32
-65
-99
-126
-153
-161
-152
-133
-94
-44
20
90
162
234
299
355
403
433
444
441
421
394
349
301
249
189
137
87
50
15
-11
-29
-43
-48
-46
-41
-37
-38
-41
-53
-70
-91
-121
-152
-184
-217
-249
-273
-290
-300
-295
-281
-257
-223
-181
-134
-76
-24
19
63
99
131
149
154
154
138
127
112
90
76
59
42
37
36
44
57
69
89
108
131
157
175
186
192
190
191
184
179
164
142
122
96
78
60
41
24
8
-3
-8
-10
-8
-13
-18
-23
-27
-27
-25
-32
-40
-53
-71
-84
-99
-109
-127
-145
-163
-182
-196
-209
-219
-230
-247
-255
-260
-261
-258
-256
-253
-244
-231
-212
-190
-169
-145
-125
-96
-65
-37
-8
15
31
53
73
91
111
118
124
125
124
130
127
121
111
97
90
79
68
58
42
23
9
0
-8
-23
-34
-47
-68
-78
-89
-99
-110
-121
-129
-140
-143
-139
-141
-139
-134
-130
-114
-107
-95
-83
-84
-79
-76
-77
-78
-89
-108
-120
-139
-152
-163
-176
-178
-183
-177
-161
-140
-116
-86
-55
-19
19
60
100
132
154
174
193
207
216
221
215
207
201
201
202
198
199
191
190
199
203
211
207
198
194
187
185
179
157
138
119
100
97
85
71
57
41
36
41
44
41
36
27
26
28
29
20
-1
-24
-52
-68
-86
-112
-139
-176
-210
-230
-244
-262
-270
-286
-293
-291
-282
-261
-250
-241
-233
-217
-195
-167
-149
-132
-127
-115
-92
-67
-46
-33
-19
-3
24
55
90
120
138
166
199
235
277
308
331
353
371
390
411
413
409
398
382
371
355
332
305
267
236
212
189
169
142
114
91
72
53
32
3
-27
-60
-89
-121
-158
-200
-241
-286
-324
-356
-387
-410
-428
-438
-439
-430
-424
-401
-372
-342
-312
-278
-244
-208
-167
-131
-100
-75
-52
-28
3
38
64
92
115
143
183
227
267
302
331
360
397
431
457
467
456
452
443
436
423
389
351
314
282
258
227
190
147
112
91
69
45
16
-19
-50
-73
-97
-126
-155
-194
-225
-249
-274
-294
-311
-326
-331
-327
-318
-306
-294
-279
-255
-241
-226
-214
-209
-201
-200
-205
-212
-228
-238
-246
-252
-254
-259
-261
-256
-233
-210
-181
-149
-120
-86
-45
-2
36
68
85
104
122
141
154
160
153
156
160
167
183
193
205
215
229
252
275
292
305
313
316
323
320
314
300
276
254
227
199
173
137
103
73
43
15
-12
-42
-73
-101
-126
-149
-173
-201
-223
-241
-260
-272
-288
-298
-301
-305
-291
-288
-279
-265
-255
-234
-210
-196
-178
-162
-145
-116
-90
-59
-33
-3
33
78
123
171
209
250
295
338
381
416
439
456
471
476
480
474
457
442
424
400
377
349
322
296
268
243
218
191
163
138
107
75
41
7
-31
-72
-103
-141
-171
-196
-225
-245
-257
-264
-260
-254
-252
-238
-223
-206
-189
-179
-174
-164
-158
-156
-153
-161
-170
-178
-181
-183
-187
-197
-203
-203
-198
-188
-183
-175
-176
-167
-156
-147
-141
-139
-142
-136
-130
-127
-125
-127
-128
-126
-121
-113
-110
-106
-102
-99
-92
-87
-83
-86
-91
-95
-97
-105
-114
-122
-136
-145
-150
-157
-163
-161
-158
-154
-145
-132
-122
-109
-94
-77
-60
-49
-32
-19
-10
-5
4
11
15
22
23
32
36
38
46
53
62
76
89
98
114
126
142
163
178
196
217
228
249
265
280
297
309
323
337
353
371
385
393
408
424
433
450
454
459
464
453
449
438
420
405
378
348
321
283
250
217
175
140
109
70
43
14
-19
-38
-65
-88
-101
-127
-144
-154
-178
-199
-214
-236
-254
-273
-301
-315
-340
-358
-364
-382
-392
-397
-408
-407
-406
-405
-399
-397
-394
-389
-382
-375
-368
-366
-364
-362
-361
-356
-353
-351
-340
-328
-318
-305
-293
-278
-260
-241
-219
-201
-184
-164
-144
-129
-115
-104
-88
-74
-59
-43
-31
-13
5
27
50
77
101
124
156
183
215
245
275
302
327
353
377
396
410
425
435
445
451
460
470
476
478
482
491
495
505
508
509
511
511
513
507
499
489
468
446
430
401
368
340
305
273
240
206
177
148
116
90
69
49
35
21
4
-9
-29
-46
-63
-80
-98
-117
-139
-164
-185
-202
-217
-237
-248
-255
-254
-253
-246
-239
-227
-211
-199
-189
-179
-173
-169
-163
-167
-177
-183
-195
-208
-226
-236
-243
-251
-247
-247
-244
-234
-220
-211
-193
-177
-166
-152
-144
-139
-137
-141
-150
-161
-172
-186
-195
-202
-213
-212
-207
-203
-191
-172
-158
-139
-113
-92
-70
-48
-39
-22
-9
-5
-3
-6
-10
-16
-21
-24
-33
-34
-31
-26
-17
-7
9
30
46
64
81
93
106
112
117
117
119
121
116
114
107
104
106
106
106
115
122
132
145
157
171
182
198
211
219
224
224
225
217
210
199
185
168
151
140
123
110
96
88
79
71
62
51
45
36
25
13
2
-13
-32
-53
-79
-106
-126
-150
-172
-195
-217
-232
-247
-254
-258
-257
-251
-243
-229
-218
-206
-192
-184
-171
-161
-154
-141
-139
-138
-131
-120
-116
-113
-99
-84
-71
-51
-34
-13
9
30
48
66
80
93
106
117
119
121
117
111
104
93
86
76
69
57
57
61
57
57
59
58
59
65
67
67
67
67
60
59
50
48
44
34
32
32
30
27
25
19
27
30
32
39
46
54
58
66
69
71
75
71
70
70
66
67
64
55
54
52
49
52
50
52
54
56
54
52
49
48
49
47
46
44
42
39
42
39
36
32
30
27
25
24
17
12
7
3
3
-4
-8
-11
-14
-19
-25
-31
-37
-43
-49
-52
-55
-58
-65
-69
-74
-79
-83
-86
-91
-95
-97
-96
-96
-98
-91
-89
-87
-83
-84
-79
-78
-74
-71
-71
-68
-67
-69
-69
-64
-59
-59
-56
-54
-50
-42
-38
-34
-33
-28
-25
-16
-7
-5
7
10
17
23
23
28
33
36
40
48
56
58
63
70
80
88
93
103
106
113
117
119
122
120
119
120
118
121
117
112
107
98
94
87
81
72
65
60
51
44
39
29
20
16
8
-1
-5
-18
-26
-39
-49
-56
-70
-77
-85
-93
-98
-106
-109
-115
-120
-120
-126
-126
-125
-128
-125
-124
-122
-122
-120
-120
-118
-112
-109
-106
-100
-97
-94
-91
-86
-79
-76
-63
-56
-49
-40
-36
-30
-25
-20
-11
-4
6
12
19
26
30
33
38
40
42
49
51
54
59
62
64
72
73
77
81
82
88
92
95
95
98
97
96
99
93
94
95
95
91
91
91
81
78
72
69
65
61
54
48
41
31
25
17
7
-1
-8
-14
-24
-33
-41
-54
-60
-68
-76
-78
-86
-88
-88
-91
-90
-91
-89
-92
-88
-87
-85
-81
-80
-77
-73
-68
-60
-54
-50
-42
-39
-32
-26
-20
-9
0
7
18
25
30
38
40
45
52
57
65
67
70
67
68
69
65
69
66
66
68
69
65
61
59
57
53
50
47
44
44
40
36
29
25
18
7
6
0
-5
-6
-8
-17
-18
-18
-25
-23
-24
-24
-23
-24
-21
-30
-29
-33
-38
-35
-39
-34
-29
-30
-31
-31
-26
-31
-31
-26
-23
-14
-8
-7
-2
1
3
5
8
12
19
23
27
29
28
30
33
30
33
37
37
43
45
49
48
48
44
44
44
42
45
40
38
34
31
24
17
13
10
10
5
1
-6
-11
-15
-20
-24
-29
-29
-32
-34
-35
-37
-40
-48
-48
-52
-59
-60
-59
-54
-53
-54
-48
-47
-49
-48
-46
-42
-41
-37
-32
-27
-23
-23
-18
-16
-14
-11
-7
-1
5
8
8
12
11
11
17
17
21
29
32
35
38
35
32
32
32
31
33
34
33
33
29
22
23
19
18
17
10
7
6
1
1
-3
-7
-9
-12
-14
-21
-21
-27
-32
-36
-41
-44
-50
-54
-56
-56
-55
-56
-58
-57
-59
-61
-62
-62
-60
-56
-53
-53
-53
-47
-44
-44
-40
-37
-37
-29
-24
-21
-15
-14
-7
-1
10
14
21
27
30
36
41
44
44
53
60
61
61
63
68
67
70
71
68
70
68
69
68
59
59
57
53
53
50
47
43
40
36
27
25
18
13
9
4
0
-8
-11
-18
-25
-31
-37
-41
-40
-42
-47
-49
-54
-52
-53
-56
-55
-57
-57
-54
-56
-53
-54
-51
-47
-43
-38
-37
-31
-28
-23
-19
-15
-9
-7
-1
2
4
11
14
23
30
26
31
33
35
37
42
45
48
52
51
54
51
49
49
49
48
46
45
48
43
40
36
30
25
22
20
12
10
5
0
-2
-8
-9
-13
-17
-20
-27
-30
-35
-38
-37
-41
-43
-44
-45
-43
-42
-43
-44
-44
-47
-42
-45
-46
-38
-35
-30
-28
-23
-20
-18
-11
-9
-6
-1
1
7
13
18
20
24
28
28
35
34
31
34
34
37
34
35
39
39
42
43
42
40
35
35
30
30
26
23
22
13
15
11
6
0
-3
-3
-10
-11
-15
-15
-23
-31
-28
-31
-30
-31
-32
-31
-35
-35
-36
-39
-38
-41
-41
-38
-33
-31
-34
-29
-28
-24
-22
-20
-13
-13
-8
-4
-1
2
6
15
16
16
21
22
27
30
32
36
36
41
44
49
50
49
52
52
56
56
50
52
51
51
51
44
44
36
37
32
31
26
17
17
12
6
1
-3
-7
-14
-19
-24
-32
-38
-39
-43
-53
-53
-57
-60
-63
-67
-66
-68
-71
-72
-73
-78
-74
-74
-71
-66
-62
-57
-57
-50
-46
-45
-41
-34
-27
-21
-10
-5
-1
7
12
17
27
31
37
44
48
54
57
64
68
68
75
76
78
82
81
80
80
76
73
72
67
67
63
60
50
43
33
27
20
11
10
-1
-8
-13
-29
-31
-41
-51
-57
-63
-69
-76
-81
-90
-95
-101
-103
-106
-112
-112
-114
-113
-112
-112
-107
-107
-103
-100
-98
-90
-86
-78
-74
-71
-60
-50
-44
-39
-26
-20
-12
-3
5
15
23
33
40
51
59
69
79
87
96
102
107
112
114
119
127
125
132
130
134
134
134
136
131
129
125
126
122
117
112
108
104
97
91
82
73
65
56
51
39
28
20
11
2
-10
-20
-29
-40
-48
-54
-61
-69
-78
-82
-91
-99
-105
-105
-109
-115
-113
-120
-122
-124
-125
-119
-121
-121
-118
-118
-112
-111
-108
-102
-91
-89
-82
-75
-69
-62
-55
-48
-47
-40
-29
-20
-14
-10
-3
-1
4
12
18
21
26
34
36
46
45
48
51
54
60
61
65
63
63
66
62
63
62
61
60
57
56
53
52
46
47
42
39
36
31
33
30
27
24
20
13
9
6
2
-1
-3
-6
-11
-11
-13
-17
-22
-23
-26
-26
-27
-30
-26
-34
-34
-34
-34
-34
-37
-40
-43
-38
-36
-36
-35
-34
-33
-31
-23
-24
-23
-19
-16
-13
-11
-3
-1
1
9
11
12
14
20
24
32
33
38
40
37
40
43
48
50
57
57
57
59
60
62
62
63
59
60
57
59
61
57
54
50
53
48
46
44
42
39
34
33
27
22
17
13
11
7
3
-2
-7
-10
-14
-20
-22
-28
-28
-32
-38
-42
-42
-47
-51
-48
-51
-49
-52
-53
-53
-56
-52
-57
-53
-47
-44
-43
-42
-39
-40
-33
-34
-30
-26
-25
-18
-15
-12
-9
-5
-2
2
3
10
14
13
19
24
24
25
29
34
35
37
40
42
43
44
45
45
47
47
50
46
47
50
46
46
47
42
43
44
43
39
36
34
29
30
29
25
26
21
19
18
13
12
10
10
6
0
3
-1
-1
-2
-6
-6
-5
-10
-11
-8
-8
-8
-6
-5
-8
-6
-9
-8
-5
-6
-5
-4
1
-3
-3
-1
-2
-3
-4
-3
-3
-4
-4
-5
-5
-10
-14
-13
-16
-20
-23
-27
-31
-35
-37
-42
-49
-49
-54
-57
-63
-69
-69
-78
-83
-84
-86
-92
-97
-94
-98
-101
-98
-102
-102
-104
-102
-102
-101
-97
-96
-93
-89
-87
-82
-77
-74
-70
-63
-56
-50
-45
-39
-33
-31
-24
-14
-10
-3
5
9
18
20
25
31
32
38
42
49
50
53
58
61
62
68
67
70
74
75
73
72
74
74
71
74
72
72
71
66
69
64
62
60
60
62
58
58
57
56
54
54
53
53
50
50
51
51
51
49
46
50
49
48
51
51
55
60
59
61
64
64
68
66
69
71
74
76
74
74
74
77
72
77
69
68
63
58
59
50
48
42
34
26
20
9
-3
-12
-20
-37
-44
-58
-71
-85
-97
-109
-123
-139
-151
-162
-178
-187
-198
-210
-224
-232
-244
-248
-256
-261
-266
-270
-272
-276
-277
-275
-274
-271
-266
-259
-252
-244
-233
-223
-210
-196
-183
-169
-155
-140
-123
-104
-87
-69
-47
-33
-12
5
21
44
62
76
94
111
127
147
159
175
189
199
207
222
232
240
246
253
259
260
270
266
270
268
268
265
258
257
254
246
237
227
221
215
201
191
181
168
154
144
133
116
102
85
77
67
50
39
28
13
2
-8
-19
-28
-36
-46
-54
-61
-71
-77
-83
-86
-94
-96
-101
-100
-104
-104
-100
-101
-98
-102
-98
-92
-87
-84
-76
-68
-62
-55
-51
-42
-37
-29
-22
-9
-1
8
17
25
35
39
51
57
65
72
79
86
92
98
106
115
120
122
127
128
130
134
134
136
138
136
136
137
138
134
135
130
125
124
118
117
111
106
102
93
91
85
74
70
66
57
53
48
41
33
30
22
17
14
9
5
-1
-2
-4
-7
-12
-14
-17
-15
-19
-19
-16
-21
-20
-21
-16
-18
-18
-20
-21
-19
-12
-9
-10
-7
-10
-9
-8
-7
-9
-7
-5
-2
-3
-4
-6
-8
-7
-5
-8
-9
-9
-13
-16
-18
-23
-23
-27
-36
-40
-44
-48
-54
-60
-66
-71
-77
-84
-89
-100
-107
-115
-125
-125
-134
-141
-149
-158
-165
-168
-176
-184
-193
-201
-203
-213
-212
-215
-223
-223
-229
-230
-230
-233
-233
-235
-232
-230
-226
-221
-219
-212
-208
-203
-199
-189
-184
-178
-169
-163
-151
-141
-133
-122
-115
-105
-94
-89
-76
-67
-59
-50
-42
-34
-27
-13
-8
-6
2
5
11
13
17
23
24
26
30
31
31
33
34
37
36
33
34
33
31
30
28
28
26
22
21
21
20
19
17
17
13
11
13
13
13
12
14
14
17
18
23
26
25
29
30
34
36
45
52
54
59
66
72
80
86
92
98
102
108
116
124
130
142
149
153
160
170
175
179
187
190
192
196
199
201
204
204
205
205
205
203
197
195
192
184
179
173
163
155
145
136
126
116
104
92
81
67
53
44
29
16
2
-10
-20
-37
-47
-58
-75
-85
-97
-106
-114
-125
-131
-141
-146
-153
-158
-160
-171
-172
-175
-177
-177
-179
-175
-175
-174
-169
-165
-161
-158
-153
-146
-138
-129
-122
-114
-106
-96
-86
-77
-65
-59
-46
-41
-31
-20
-12
0
7
18
27
35
46
55
63
66
68
80
88
95
102
108
112
113
115
123
126
127
128
128
131
132
135
135
137
135
136
136
134
134
133
130
128
126
125
127
121
119
121
120
118
114
112
111
108
105
103
104
103
101
106
105
102
95
96
98
98
97
95
92
94
92
91
92
93
92
91
91
84
88
83
79
77
71
70
67
66
62
55
51
48
40
37
32
26
19
18
14
6
1
-3
-11
-17
-22
-27
-30
-38
-44
-47
-54
-60
-61
-68
-74
-78
-76
-81
-88
-88
-88
-90
-95
-99
-101
-106
-103
-102
-104
-101
-105
-104
-104
-105
-105
-106
-106
-104
-100
-99
-98
-100
-99
-96
-95
-94
-93
-91
-88
-85
-88
-86
-86
-83
-80
-77
-74
-73
-70
-70
-67
-63
-64
-63
-62
-62
-58
-59
-60
-58
-55
-53
-52
-49
-47
-47
-37
-38
-40
-35
-39
-36
-30
-31
-28
-30
-26
-20
-20
-15
-16
-14
-13
-12
-6
-3
1
8
10
10
13
16
19
23
25
30
33
34
40
44
43
49
49
53
54
59
61
64
67
69
72
70
75
76
79
78
81
79
76
80
81
78
79
79
78
75
71
68
63
57
56
52
48
45
36
35
28
21
17
12
6
-1
-9
-15
-21
-25
-33
-42
-46
-51
-58
-65
-68
-80
-84
-90
-96
-98
-104
-107
-111
-111
-115
-116
-118
-121
-125
-124
-124
-123
-120
-116
-114
-112
-107
-105
-100
-99
-92
-82
-81
-76
-66
-58
-57
-48
-42
-40
-30
-26
-18
-7
0
8
10
16
21
20
30
35
43
49
53
58
58
58
58
58
59
61
65
61
63
61
56
52
50
45
39
38
33
31
28
25
19
11
8
2
-7
-10
-16
-22
-26
-33
-33
-36
-38
-43
-47
-49
-51
-52
-55
-58
-58
-55
-57
-56
-51
-50
-46
-42
-39
-36
-28
-25
-23
-14
-5
0
8
12
17
22
25
34
43
48
54
61
69
75
79
83
87
87
87
88
91
94
96
97
97
94
93
92
83
82
77
74
69
61
57
50
45
38
32
27
17
10
0
-8
-13
-26
-35
-41
-51
-58
-64
-71
-79
-88
-95
-103
-105
-108
-117
-118
-121
-125
-126
-126
-127
-130
-130
-131
-130
-129
-124
-119
-113
-107
-104
-103
-92
-85
-84
-77
-68
-61
-55
-50
-41
-34
-26
-15
-7
0
3
12
20
24
33
38
45
50
55
62
66
70
71
68
73
71
75
72
75
72
71
74
69
64
60
59
54
49
45
42
34
32
23
20
18
7
4
-3
-4
-14
-19
-16
-27
-31
-34
-41
-43
-48
-47
-50
-54
-56
-57
-55
-62
-56
-57
-59
-58
-57
-55
-54
-51
-46
-43
-42
-37
-36
-32
-26
-24
-20
-10
-5
-1
4
8
15
22
29
29
34
38
43
50
60
68
66
72
77
78
84
88
91
96
95
99
102
104
107
107
107
109
112
112
112
108
106
107
106
103
103
103
99
98
95
88
85
83
77
76
72
68
67
63
60
54
44
42
40
34
30
24
20
18
10
8
5
-2
-8
-8
-14
-15
-16
-21
-25
-28
-26
-29
-31
-37
-36
-36
-37
-36
-41
-41
-39
-38
-36
-31
-33
-34
-31
-30
-29
-27
-25
-23
-17
-15
-14
-9
-8
-6
-2
-2
-1
4
11
14
15
21
23
25
27
26
32
31
32
34
33
39
38
41
37
39
40
39
37
37
38
36
36
32
29
27
27
24
21
21
18
17
12
12
10
10
7
1
-1
-4
-6
-4
-5
-10
-16
-17
-20
-18
-19
-19
-21
-22
-20
-24
-26
-26
-27
-23
-21
-22
-21
-20
-20
-21
-18
-21
-20
-16
-18
-17
-13
-16
-16
-13
-11
-12
-14
-15
-13
-16
-15
-16
-17
-17
-20
-20
-20
-22
-26
-24
-28
-28
-32
-35
-33
-37
-41
-41
-41
-44
-44
-49
-48
-53
-54
-56
-58
-56
-58
-60
-60
-64
-65
-61
-65
-63
-61
-65
-63
-61
-66
-68
-63
-56
-58
-59
-54
-53
-54
-49
-47
-46
-41
-36
-35
-32
-27
-24
-19
-16
-14
-10
-9
-3
-1
2
5
8
13
12
13
16
19
19
16
19
23
23
21
20
22
19
20
16
20
16
18
15
12
13
8
8
7
5
6
0
-3
-3
-9
-9
-10
-12
-13
-12
-8
-12
-8
-13
-15
-11
-13
-11
-8
-6
-4
-3
-3
1
-2
0
4
5
9
12
14
16
23
26
30
29
29
35
36
40
43
44
47
46
46
50
49
44
49
50
49
50
49
47
46
40
33
32
30
29
23
17
17
12
8
6
-5
-7
-12
-20
-23
-28
-32
-37
-46
-48
-54
-59
-61
-62
-69
-75
-76
-81
-83
-82
-80
-82
-84
-82
-81
-83
-81
-78
-76
-73
-71
-69
-62
-60
-52
-44
-42
-35
-29
-27
-16
-7
-3
4
10
18
25
32
37
47
52
59
65
68
76
79
84
84
89
96
95
98
99
104
105
106
104
103
102
102
94
91
90
82
82
80
77
69
64
60
55
44
43
34
27
22
13
10
4
1
-6
-11
-14
-24
-26
-33
-37
-41
-47
-44
-53
-53
-56
-59
-55
-60
-58
-60
-61
-58
-57
-53
-51
-52
-51
-47
-40
-36
-38
-29
-25
-21
-18
-12
-7
-7
1
7
11
15
18
20
24
28
31
38
41
46
44
47
49
48
48
49
49
49
49
48
44
44
43
39
40
36
36
30
24
23
17
12
6
4
-1
-4
-9
-15
-20
-23
-27
-32
-35
-43
-44
-46
-50
-47
-50
-54
-55
-56
-58
-60
-59
-59
-60
-60
-57
-55
-57
-54
-50
-49
-46
-42
-43
-38
-34
-32
-31
-27
-22
-18
-15
-12
-7
-7
-3
0
3
6
7
9
11
11
14
17
22
21
23
23
23
23
22
24
21
19
19
19
16
16
15
13
9
8
8
5
6
3
1
0
-2
-3
0
-1
-3
-5
-9
-9
-10
-11
-6
-10
-10
-7
-10
-10
-7
-6
-5
-5
1
3
1
4
2
4
10
11
17
17
19
22
25
30
30
34
34
36
36
37
41
42
46
45
46
45
44
47
50
51
51
52
49
48
43
41
44
39
40
40
36
36
35
30
28
27
23
19
18
14
10
11
10
5
-2
-2
-5
-9
-10
-11
-14
-19
-17
-21
-25
-28
-30
-31
-29
-32
-32
-36
-39
-36
-37
-35
-35
-37
-37
-35
-34
-35
-33
-31
-28
-32
-29
-26
-26
-25
-21
-19
-21
-17
-12
-13
-13
-12
-9
-8
-8
-7
-5
0
-2
-1
-1
-3
-1
-2
0
2
-2
-1
-4
-2
-1
-2
-2
0
0
-3
-3
-5
-1
-2
-6
-7
-5
-7
-7
-6
-8
-9
-10
-8
-6
-4
-7
-9
-7
-8
-8
-4
-5
-4
-2
-4
0
4
3
3
2
3
10
12
11
11
11
13
14
15
19
20
19
24
28
26
27
32
29
27
28
31
33
37
34
36
33
30
32
34
35
34
35
32
34
30
30
26
25
21
18
19
20
21
18
18
12
14
8
7
5
0
2
1
-1
-2
-12
-14
-14
-15
-15
-18
-16
-18
-23
-24
-23
-22
-23
-23
-24
-26
-26
-26
-29
-29
-28
-27
-26
-22
-22
-27
-27
-28
-26
-25
-24
-23
-21
-21
-18
-16
-16
-15
-13
-12
-12
-14
-11
-8
-9
-8
-5
-3
-3
-2
-1
1
1
1
1
0
3
3
5
5
2
3
3
5
7
8
8
5
7
8
3
6
7
8
10
10
11
10
8
9
7
8
12
8
6
7
8
7
7
5
4
4
4
5
7
4
4
6
2
3
4
0
2
1
2
5
3
-2
-1
1
4
5
2
5
2
2
2
-1
2
0
1
5
4
7
4
1
4
2
1
4
7
6
3
-2
0
-3
-3
-2
-2
-1
-1
-1
-1
-1
-4
-3
-3
-8
-6
-6
-7
-7
-8
-11
-13
-15
-14
-14
-13
-13
-16
-15
-15
-16
-17
-15
-18
-15
-11
-15
-13
-15
-14
-14
-13
-13
-13
-11
-11
-8
-9
-6
-4
-6
-2
-2
-2
-1
-1
0
2
2
7
7
10
10
6
10
10
11
9
9
12
14
12
15
18
17
14
15
17
14
14
16
13
18
16
13
13
11
13
10
7
8
5
4
1
0
0
4
3
-1
-3
-5
-5
-8
-5
-6
-12
-12
-11
-11
-12
-14
-11
-9
-8
-9
-10
-12
-11
-11
-13
-10
-9
-4
-7
-8
-5
-6
-6
-3
-5
-6
-3
-1
-2
0
6
5
3
4
5
7
8
8
10
8
9
11
12
15
15
15
8
14
18
14
17
16
12
13
11
9
10
10
9
10
6
7
5
1
2
-1
-2
-1
0
-4
-1
-3
-6
-6
-10
-7
-4
-5
-7
-11
-12
-8
-7
-9
-8
-8
-10
-12
-6
-9
-10
-10
-9
-6
-9
-5
-3
-6
-3
-2
-5
-5
-2
-4
-2
-3
1
5
3
3
-1
2
1
0
2
4
2
3
0
1
4
1
2
1
2
2
-3
-3
-4
-4
-4
-4
-6
-6
-2
-4
-4
-5
-6
-9
-11
-10
-9
-10
-10
-13
-11
-12
-13
-11
-13
-15
-12
-12
-13
-11
-14
-15
-12
-14
-13
-12
-12
-10
-11
-8
-8
-10
-9
-8
-12
-5
-1
-2
0
2
4
2
2
1
4
5
7
10
8
8
10
11
10
12
15
14
15
18
18
15
15
16
16
16
18
18
20
19
16
15
12
13
13
11
14
12
13
11
9
9
7
6
4
6
8
10
7
1
0
-2
-1
0
-2
-2
-4
-7
-4
-5
-7
-6
-8
-8
-10
-9
-6
-5
-6
-4
-4
-9
-10
-8
-6
-6
-7
-8
-7
-6
-3
-6
-4
-3
-5
-4
-4
-1
-3
0
1
1
1
1
0
2
1
2
2
2
2
4
5
6
8
10
9
10
9
8
8
10
13
10
9
13
9
7
8
11
9
8
6
3
4
5
5
3
2
3
2
2
-2
0
-1
-2
0
-5
-6
-1
-6
-7
-8
-7
-5
-6
-6
-10
-9
-9
-8
-12
-10
-9
-8
-7
-6
-3
-5
-4
-4
-6
-5
-3
-2
-1
0
1
3
1
-1
3
1
6
5
2
10
7
7
9
9
9
6
10
7
6
12
10
7
6
9
8
10
11
12
9
5
6
9
7
7
11
5
6
4
-2
-3
-1
-2
0
-2
-8
-5
-7
-5
-13
-6
-5
-9
-8
-10
-9
-15
-14
-12
-17
-16
-17
-16
-12
-14
-14
-16
-13
-11
-14
-16
-17
-13
-11
-11
-10
-10
-7
-10
-8
-6
-4
-6
-2
1
3
-1
-2
-1
2
2
2
3
0
0
1
6
3
6
5
6
4
4
3
1
4
4
6
3
5
4
3
3
4
5
1
3
3
3
1
2
-2
-2
0
-4
0
-3
-3
-4
-5
-2
-1
-5
-6
-6
-6
-5
-8
-9
-9
-6
-5
-5
-2
-4
-4
-8
-8
-5
-5
-1
-1
-3
-2
-3
1
0
-1
1
-1
3
4
6
6
5
4
3
2
5
8
5
6
8
6
7
10
10
9
12
14
12
11
11
8
7
6
4
8
9
11
9
6
5
5
4
4
6
1
1
0
1
0
-1
1
-2
-2
0
-2
-3
-1
-4
-5
-6
-6
-1
-6
-6
-7
-8
-4
-4
-5
-1
-2
-4
-3
-2
-1
-1
0
-2
-1
-2
-1
1
-1
2
-3
1
2
1
1
-1
1
4
3
3
6
5
3
1
2
3
2
3
-1
-1
0
-2
4
5
3
3
2
1
0
0
-1
-2
0
1
0
-1
1
2
-1
-4
-1
0
-5
-5
-2
-2
-1
-2
-3
1
3
2
-3
-2
1
-1
1
5
1
2
-1
3
3
-1
-2
-1
0
4
2
4
1
-3
-1
-3
1
3
0
0
4
3
1
-1
-1
-1
-3
2
1
3
4
3
3
2
0
1
3
4
5
3
1
1
6
1
1
4
2
1
3
4
4
3
-2
0
0
3
5
2
0
0
-1
-1
-3
2
0
-1
-2
-2
-1
-5
-4
-4
-5
-7
-4
-5
-1
1
-5
-5
-7
-7
-3
-6
-4
-6
-4
-2
-3
0
-3
-2
-3
-4
-3
2
-3
-2
0
1
-1
0
1
1
1
-2
1
1
-3
-5
-6
-6
-6
-5
-5
-5
-4
-3
-7
-7
-6
-7
-5
-7
-7
-4
-5
-5
-6
-7
-2
-2
-1
-2
-1
-2
-6
-5
-5
-3
1
-3
-4
-5
-2
1
-2
1
0
2
1
1
-1
3
4
2
4
-1
3
6
5
7
4
3
3
7
5
2
6
2
3
5
6
6
5
6
4
5
-2
3
5
4
3
2
3
2
7
6
3
1
0
1
4
2
3
1
-1
-1
-1
-4
-1
1
3
4
1
1
-2
-1
-1
1
0
0
-1
1
-1
-2
-3
-4
0
-2
-2
0
0
3
3
4
3
3
3
4
4
7
5
1
5
5
5
