-5
-7
-6
-5
-6
-5
-6
-5
-6
0
0
0
-1
-3
-1
3
1
0
1
2
5
2
2
2
2
3
2
3
2
3
1
4
2
4
4
4
6
5
7
4
4
6
6
6
10
2
2
4
3
5
4
6
3
4
3
2
3
1
2
2
0
3
2
0
2
0
-1
-2
-1
-2
-2
0
0
1
-1
1
2
2
3
2
0
0
-1
0
3
2
-2
-1
1
3
4
4
2
2
1
1
2
1
0
-1
0
0
0
1
-1
0
-2
1
3
2
3
3
1
0
-3
0
-1
0
1
-1
0
4
3
0
1
0
3
3
5
2
2
4
2
3
0
-1
0
3
4
0
6
5
3
5
2
3
3
4
3
2
5
0
0
-1
4
2
5
4
3
5
1
2
4
3
4
5
3
4
2
2
4
6
7
3
6
7
3
3
3
4
1
-1
-1
1
3
6
5
4
7
5
2
3
4
3
4
4
5
5
2
1
4
4
4
2
2
2
0
1
-3
0
-2
-4
0
-4
-5
0
-3
-5
-3
-5
-3
0
-3
-5
-2
-3
3
3
-2
-1
-2
-2
1
-2
0
-2
-1
-1
-1
0
-2
0
-1
0
0
-1
-3
-3
-4
-7
-5
-2
-2
-6
-6
-3
-2
-5
-2
-4
-3
-3
-3
-2
-6
-2
-6
-5
-1
-4
-2
-1
2
1
-1
-2
-3
-2
1
3
-2
0
-1
-3
-2
-3
-6
-4
-1
-2
-2
-6
-3
-3
-2
-2
0
0
-4
0
-2
-4
-2
-2
-1
-1
-1
-2
0
0
-1
-2
-5
-4
-5
-2
-4
-6
-3
0
0
-2
-1
-2
-4
-2
-3
-3
-2
-6
-1
-4
-5
-5
-6
-5
-5
-4
-7
-5
-4
-7
-3
-2
-1
-2
-2
-8
-4
-2
-3
-5
-5
-2
-4
-1
-2
-2
-1
-2
-1
-2
-2
-1
-3
-2
-1
-1
-2
1
-3
-3
0
-1
-2
-3
-3
-2
-4
0
-1
-1
0
-2
2
4
0
-2
-1
-2
-3
-1
-1
0
2
1
1
-1
-3
-2
-1
-1
-1
3
4
1
-1
1
4
4
2
2
2
1
3
-2
-1
-2
2
2
1
3
-1
0
0
0
2
1
0
0
-1
-1
1
1
1
3
1
4
3
3
3
2
4
4
4
4
5
1
2
5
4
9
3
3
2
4
3
1
2
1
4
2
2
4
4
6
4
2
1
2
5
2
4
5
2
2
1
1
0
1
2
2
2
2
0
-1
-1
-1
2
3
-2
2
-3
-4
-3
-5
-4
-4
-1
-4
-3
-2
-3
2
1
1
1
2
0
0
-1
1
2
1
6
4
1
1
3
7
7
2
3
3
5
3
6
5
2
4
1
3
3
1
1
4
0
1
1
1
0
-2
-4
-3
-1
-3
-1
0
-3
-7
-3
-2
-3
-3
-1
-3
-5
-4
-3
-1
0
-1
-1
-3
-1
1
-3
0
2
1
-2
-3
-3
-7
-5
-6
-4
-1
-2
-1
-1
-2
0
-1
0
-2
-1
-1
-1
-2
-3
-4
-4
-3
-2
0
-1
0
-2
-2
-3
-7
-3
-5
-4
-1
-2
-1
-6
-6
-3
-7
-5
-5
-8
-5
-4
-3
-5
-8
-3
-4
-2
-1
-1
-5
-6
-2
-1
0
-1
-1
-2
-2
-1
-1
3
0
-2
-2
-3
-2
0
2
0
-3
-4
0
2
-1
0
5
-1
-1
3
-4
0
-2
-3
-2
-5
-3
-5
-5
-6
-7
-3
-7
-3
-3
-3
-1
-2
0
-3
-4
-1
-1
-2
1
-2
-4
-6
-5
-3
-3
-4
-5
-4
-2
-1
-4
-4
-2
-3
-3
-2
-2
1
-3
-1
-2
-4
0
-4
-4
-4
0
-1
-1
-2
-6
-3
-4
-3
-4
-6
-3
-1
-1
-3
0
0
-5
-4
0
-1
-3
-2
-1
2
-1
-2
0
3
1
-1
0
1
2
3
0
-1
-3
-3
1
-3
-3
-2
0
0
1
1
-2
0
2
1
0
1
4
3
4
6
5
6
7
7
5
5
4
2
2
3
3
5
5
7
4
3
5
3
1
5
7
2
2
2
2
2
5
6
6
4
5
5
3
5
6
3
5
5
6
4
4
6
6
6
5
5
3
4
2
7
6
4
7
5
4
4
3
1
2
6
5
3
3
7
5
3
4
2
2
5
3
0
2
3
2
1
2
3
2
0
-1
2
-3
-1
0
0
0
1
0
-2
1
-2
-1
1
1
-2
-2
-1
-1
-1
2
2
-1
1
-1
-3
1
2
0
0
-2
0
-1
-2
-2
-3
-3
-1
0
1
1
2
3
1
6
5
8
12
7
8
10
10
9
10
11
13
16
18
14
14
16
15
13
11
11
6
1
-2
-7
-11
-17
-21
-31
-33
-33
-39
-40
-42
-43
-40
-38
-35
-31
-27
-22
-18
-15
-8
-2
1
4
7
7
8
9
13
13
17
21
22
24
29
35
40
43
45
50
55
58
57
57
55
52
45
38
34
20
10
3
-5
-13
-22
-26
-29
-26
-23
-19
-10
-3
8
13
22
29
30
30
24
13
-6
-26
-53
-88
-125
-159
-199
-237
-271
-301
-322
-333
-338
-334
-319
-296
-264
-230
-184
-132
-87
-33
19
62
106
141
174
208
229
245
258
267
276
280
276
274
272
262
250
235
217
189
156
120
84
47
6
-34
-74
-104
-129
-146
-159
-155
-141
-117
-87
-52
0
52
104
155
203
245
285
317
339
351
348
336
324
302
274
250
218
186
156
131
106
83
65
41
17
0
-21
-43
-69
-101
-131
-165
-201
-236
-273
-307
-331
-359
-379
-391
-395
-391
-381
-370
-353
-333
-311
-289
-267
-251
-241
-233
-236
-239
-250
-267
-283
-298
-314
-326
-332
-328
-318
-303
-272
-232
-178
-115
-46
31
113
193
274
349
419
483
530
567
593
605
611
604
589
566
540
517
494
477
465
457
452
459
468
479
497
509
517
520
510
485
447
400
337
259
176
83
-7
-94
-182
-255
-314
-357
-377
-384
-371
-340
-296
-242
-188
-128
-69
-27
7
23
23
7
-26
-68
-121
-178
-235
-288
-332
-362
-381
-384
-366
-339
-299
-251
-204
-164
-137
-122
-134
-175
-241
-338
-455
-598
-758
-927
-1097
-1262
-1411
-1532
-1622
-1677
-1692
-1667
-1596
-1486
-1343
-1169
-976
-764
-545
-328
-116
82
264
428
575
704
818
924
1026
1129
1240
1362
1500
1656
1838
2042
2257
2488
2721
2949
3167
3353
3505
3606
3638
3599
3480
3279
2987
2603
2141
1619
1050
434
-204
-836
-1436
-1994
-2503
-2943
-3293
-3558
-3740
-3832
-3840
-3780
-3672
-3515
-3325
-3119
-2907
-2698
-2493
-2293
-2111
-1943
-1771
-1583
-1384
-1164
-909
-615
-283
80
478
903
1343
1779
2198
2584
2916
3191
3384
3492
3507
3429
3273
3036
2735
2385
2001
1604
1214
840
503
207
-45
-239
-392
-504
-591
-664
-738
-827
-946
-1111
-1327
-1584
-1888
-2236
-2605
-2987
-3359
-3704
-4000
-4218
-4352
-4390
-4323
-4153
-3883
-3529
-3103
-2615
-2091
-1561
-1043
-552
-102
293
626
899
1108
1266
1386
1482
1565
1655
1756
1879
2038
2225
2443
2687
2950
3215
3470
3707
3919
4095
4218
4296
4320
4300
4240
4136
4007
3853
3670
3461
3234
2987
2724
2431
2108
1753
1361
936
473
-23
-543
-1075
-1615
-2156
-2676
-3154
-3585
-3956
-4252
-4465
-4600
-4647
-4602
-4480
-4280
-4025
-3727
-3382
-3005
-2619
-2224
-1830
-1446
-1071
-716
-377
-44
274
576
860
1131
1396
1648
1888
2108
2295
2456
2580
2673
2724
2731
2693
2613
2485
2315
2108
1873
1614
1326
1012
679
329
-37
-416
-815
-1230
-1648
-2071
-2489
-2902
-3302
-3672
-4008
-4294
-4529
-4699
-4793
-4816
-4768
-4642
-4430
-4148
-3807
-3417
-2981
-2505
-2006
-1489
-959
-423
102
599
1070
1533
1971
2374
2743
3078
3365
3604
3814
4016
4194
4315
4384
4429
4482
4525
4546
4555
4562
4580
4617
4651
4703
4778
4837
4876
4871
4819
4677
4381
3939
3413
2847
2165
1307
331
-644
-1573
-2495
-3401
-4207
-4894
-5491
-5986
-6282
-6357
-6311
-6180
-5953
-5622
-5261
-4894
-4444
-3933
-3516
-3255
-3026
-2695
-2316
-2014
-1765
-1470
-1107
-758
-386
106
697
1285
1793
2273
2775
3277
3729
4087
4316
4376
4305
4143
3895
3534
3065
2537
1966
1337
707
165
-274
-670
-1074
-1424
-1702
-1932
-2152
-2363
-2555
-2798
-3103
-3450
-3762
-4064
-4435
-4828
-5159
-5380
-5540
-5638
-5611
-5429
-5141
-4769
-4274
-3616
-2865
-2119
-1367
-555
314
1117
1804
2397
2949
3408
3707
3891
4029
4153
4203
4186
4157
4160
4200
4252
4323
4426
4530
4629
4723
4801
4869
4931
4973
4956
4885
4790
4744
4732
4675
4574
4447
4226
3795
3214
2681
2276
1774
966
5
-826
-1513
-2231
-2977
-3602
-4122
-4702
-5277
-5610
-5643
-5586
-5589
-5517
-5325
-5137
-4967
-4619
-4062
-3607
-3424
-3264
-2836
-2255
-1815
-1518
-1161
-733
-371
-29
454
1072
1603
1959
2255
2598
2956
3272
3514
3624
3568
3377
3188
3030
2803
2450
1966
1403
836
345
-30
-374
-775
-1189
-1566
-1939
-2337
-2668
-2875
-3098
-3520
-4072
-4456
-4630
-4796
-5116
-5451
-5614
-5650
-5643
-5535
-5236
-4821
-4431
-4022
-3447
-2731
-1993
-1279
-514
273
955
1533
2125
2740
3223
3507
3659
3778
3852
3854
3840
3821
3769
3698
3666
3735
3892
4080
4255
4343
4380
4478
4655
4807
4828
4808
4867
4983
5140
5421
5775
5859
5442
4820
4471
4343
3903
2930
1793
834
-67
-1111
-2121
-2881
-3577
-4480
-5447
-6074
-6249
-6227
-6181
-6102
-6055
-6088
-5957
-5416
-4669
-4221
-4226
-4266
-3962
-3435
-3008
-2699
-2385
-2060
-1791
-1475
-908
-119
646
1175
1525
1925
2531
3287
3945
4299
4354
4313
4294
4269
4109
3800
3354
2730
1981
1259
731
328
-120
-689
-1258
-1729
-2068
-2305
-2499
-2727
-3107
-3565
-3944
-4191
-4428
-4748
-5140
-5515
-5801
-5958
-5958
-5829
-5641
-5460
-5187
-4692
-3973
-3151
-2332
-1524
-683
220
1127
1980
2734
3359
3809
4048
4091
4048
3976
3827
3558
3214
2929
2791
2807
2940
3169
3453
3736
4017
4319
4644
4922
5080
5088
5043
5018
5047
5138
5249
5360
5445
5437
5258
4923
4567
4272
3892
3248
2332
1371
533
-271
-1144
-2096
-3023
-3912
-4735
-5390
-5841
-6149
-6416
-6608
-6673
-6642
-6532
-6269
-5824
-5405
-5187
-5036
-4686
-4118
-3584
-3226
-2905
-2482
-2002
-1536
-1013
-379
244
747
1170
1656
2240
2840
3361
3720
3897
3929
3962
4036
4045
3848
3439
2929
2410
1911
1419
921
391
-167
-737
-1304
-1858
-2307
-2605
-2909
-3406
-4054
-4547
-4764
-4920
-5246
-5659
-5906
-5969
-5988
-5961
-5783
-5459
-5127
-4797
-4303
-3618
-2860
-2130
-1362
-517
290
1029
1765
2509
3101
3413
3545
3646
3695
3582
3339
3112
2973
2883
2818
2870
3118
3477
3827
4115
4351
4561
4727
4826
4832
4752
4620
4482
4394
4407
4565
4820
5088
5330
5484
5470
5296
5115
4988
4716
4064
3072
2039
1139
194
-933
-2127
-3217
-4214
-5190
-6000
-6506
-6733
-6871
-6961
-6893
-6673
-6339
-5850
-5214
-4616
-4250
-4007
-3614
-3040
-2535
-2262
-2046
-1762
-1479
-1228
-904
-432
89
510
877
1342
1951
2631
3272
3782
4089
4284
4490
4679
4695
4445
4025
3544
2993
2334
1655
1054
470
-204
-997
-1758
-2343
-2740
-3071
-3493
-4036
-4552
-4839
-4930
-5064
-5333
-5585
-5700
-5706
-5680
-5575
-5336
-5020
-4705
-4358
-3840
-3144
-2359
-1537
-705
99
884
1721
2607
3355
3778
3957
4043
4040
3879
3605
3352
3174
3025
2927
3012
3300
3649
3917
4066
4164
4244
4311
4331
4280
4153
3977
3843
3812
3891
4061
4317
4665
5108
5552
5808
5753
5576
5513
5445
4994
4024
2904
1932
983
-222
-1600
-2830
-3875
-4935
-5979
-6720
-7079
-7280
-7409
-7329
-7045
-6740
-6428
-5874
-5092
-4481
-4270
-4114
-3628
-2999
-2647
-2546
-2376
-2084
-1850
-1680
-1317
-718
-164
208
613
1255
2058
2846
3524
4047
4387
4621
4860
5055
5010
4647
4114
3539
2898
2171
1461
829
159
-674
-1563
-2275
-2765
-3175
-3663
-4259
-4873
-5341
-5598
-5734
-5890
-6101
-6258
-6270
-6151
-5969
-5686
-5264
-4795
-4354
-3836
-3131
-2246
-1309
-441
372
1172
1969
2725
3363
3813
4030
4036
3891
3619
3284
3028
2967
3066
3213
3407
3742
4179
4521
4634
4587
4532
4508
4408
4167
3874
3628
3426
3275
3241
3387
3711
4207
4826
5346
5535
5432
5371
5535
5609
5109
4037
2885
1917
911
-387
-1830
-3135
-4319
-5541
-6664
-7377
-7676
-7778
-7803
-7678
-7421
-7068
-6505
-5627
-4659
-4043
-3812
-3517
-2876
-2207
-1888
-1824
-1743
-1626
-1571
-1470
-1136
-652
-252
27
386
1017
1868
2776
3564
4113
4479
4837
5248
5511
5426
5037
4505
3882
3146
2360
1653
967
173
-726
-1612
-2354
-2908
-3298
-3685
-4228
-4873
-5329
-5456
-5462
-5613
-5885
-6050
-6063
-6018
-5895
-5589
-5157
-4763
-4392
-3829
-2977
-1989
-999
-32
907
1761
2536
3274
3890
4199
4132
3862
3537
3223
2964
2883
3096
3477
3853
4192
4583
4986
5236
5223
5009
4729
4473
4238
3948
3590
3219
2946
2827
2900
3129
3454
3922
4558
5142
5367
5316
5357
5601
5614
4941
3755
2613
1672
587
-836
-2337
-3672
-4955
-6225
-7217
-7736
-7995
-8216
-8274
-8025
-7607
-7174
-6536
-5577
-4648
-4146
-3911
-3455
-2710
-2134
-1970
-1963
-1860
-1738
-1691
-1535
-1166
-742
-437
-130
368
1088
1963
2869
3631
4137
4506
4900
5288
5438
5230
4796
4264
3616
2855
2101
1406
681
-137
-919
-1554
-2112
-2656
-3048
-3267
-3584
-4126
-4620
-4809
-4845
-5071
-5532
-5936
-6096
-6140
-6200
-6178
-5973
-5678
-5349
-4811
-3933
-2861
-1836
-842
246
1374
2333
3064
3628
4003
4112
3910
3482
2972
2517
2203
2128
2305
2635
3043
3515
4024
4453
4663
4635
4453
4224
4014
3804
3481
3050
2690
2522
2514
2578
2697
2971
3530
4371
5232
5744
5830
5822
6041
6260
5930
4920
3709
2667
1576
161
-1374
-2683
-3896
-5264
-6570
-7397
-7743
-7935
-8013
-7828
-7478
-7167
-6727
-5807
-4613
-3821
-3596
-3361
-2720
-2037
-1764
-1745
-1635
-1526
-1620
-1693
-1437
-932
-512
-241
140
813
1744
2778
3771
4553
5042
5413
5837
6148
6080
5677
5137
4508
3723
2852
2078
1332
469
-437
-1221
-1867
-2447
-2921
-3236
-3514
-3965
-4535
-4902
-4986
-5108
-5479
-5882
-6067
-6099
-6139
-6108
-5870
-5509
-5148
-4685
-3916
-2888
-1834
-855
123
1139
2051
2752
3276
3666
3791
3526
3027
2501
2110
1932
1981
2187
2431
2724
3151
3620
3944
4027
3918
3704
3402
3035
2690
2382
2052
1692
1415
1342
1430
1590
1905
2495
3348
4309
5128
5580
5690
5796
6079
6173
5601
4446
3216
2121
874
-646
-2129
-3372
-4595
-5933
-7039
-7586
-7769
-7908
-7883
-7536
-7077
-6713
-6139
-5054
-3929
-3418
-3369
-3088
-2445
-1978
-1975
-2099
-2068
-2065
-2218
-2236
-1891
-1378
-978
-611
4
879
1882
2936
3898
4579
4977
5346
5754
5923
5666
5135
4531
3819
2943
2055
1299
555
-283
-1073
-1650
-2093
-2538
-2903
-3100
-3319
-3725
-4155
-4331
-4343
-4571
-5040
-5412
-5536
-5581
-5650
-5609
-5349
-5012
-4663
-4108
-3201
-2088
-1028
-49
969
1983
2800
3359
3730
3906
3789
3418
2964
2551
2250
2117
2176
2393
2678
2999
3371
3732
3979
4053
3957
3752
3482
3199
2938
2663
2339
2043
1905
1960
2132
2393
2788
3349
4133
5143
6140
6706
6755
6714
6933
7059
6504
5283
3965
2838
1596
59
-1447
-2678
-3879
-5264
-6472
-7090
-7295
-7423
-7421
-7121
-6705
-6397
-5928
-4961
-3869
-3325
-3325
-3196
-2646
-2163
-2138
-2326
-2389
-2438
-2621
-2675
-2301
-1676
-1160
-720
-78
849
1956
3103
4144
4867
5233
5504
5839
6019
5787
5199
4491
3723
2857
1989
1236
523
-283
-1076
-1662
-2087
-2488
-2776
-2875
-2987
-3372
-3888
-4150
-4164
-4297
-4727
-5206
-5503
-5675
-5808
-5798
-5582
-5310
-5066
-4634
-3792
-2671
-1561
-547
455
1396
2145
2680
3038
3187
3020
2597
2118
1729
1461
1356
1465
1743
2081
2414
2787
3147
3369
3412
3356
3233
3011
2707
2415
2167
1865
1547
1382
1468
1708
1992
2347
2871
3633
4636
5733
6533
6779
6688
6784
7062
6880
5870
4474
3265
2145
754
-788
-2082
-3225
-4560
-5909
-6737
-6986
-7096
-7197
-7036
-6592
-6201
-5860
-5136
-4026
-3213
-3107
-3226
-2950
-2459
-2309
-2506
-2685
-2748
-2855
-2921
-2677
-2104
-1454
-884
-276
512
1526
2691
3829
4665
5084
5305
5568
5783
5667
5186
4497
3722
2856
1995
1257
600
-107
-818
-1331
-1613
-1802
-1974
-2062
-2124
-2351
-2777
-3147
-3324
-3531
-4019
-4708
-5275
-5642
-5894
-6058
-6045
-5873
-5626
-5211
-4432
-3279
-2002
-802
302
1363
2285
2938
3314
3434
3243
2736
2079
1488
1069
819
777
958
1306
1718
2175
2658
3110
3416
3560
3555
3434
3226
2978
2720
2355
1931
1612
1555
1660
1810
2053
2505
3134
3900
4905
6080
7003
7255
7146
7272
7647
7531
6522
5092
3818
2617
1114
-508
-1884
-3104
-4506
-5907
-6804
-7105
-7222
-7293
-7087
-6605
-6157
-5798
-5086
-3963
-3041
-2827
-2954
-2779
-2313
-2087
-2251
-2496
-2668
-2831
-2935
-2732
-2206
-1597
-1066
-480
335
1372
2521
3648
4536
5017
5240
5476
5703
5617
5097
4345
3530
2643
1755
1016
381
-326
-1086
-1639
-1913
-2111
-2329
-2441
-2428
-2560
-2938
-3277
-3347
-3385
-3778
-4442
-5000
-5328
-5593
-5835
-5895
-5797
-5655
-5394
-4786
-3807
-2696
-1623
-570
469
1375
2052
2488
2675
2541
2107
1557
1074
700
430
369
552
885
1290
1761
2248
2606
2791
2893
2947
2865
2632
2352
2101
1831
1487
1195
1114
1211
1341
1520
1916
2571
3347
4227
5309
6425
7093
7156
7087
7313
7548
7120
5912
4461
3199
1978
553
-920
-2236
-3531
-4959
-6177
-6784
-6909
-6968
-6987
-6734
-6290
-5900
-5475
-4670
-3652
-3048
-3089
-3230
-2952
-2481
-2348
-2565
-2764
-2844
-2903
-2875
-2496
-1824
-1162
-629
-20
832
1907
3062
4071
4747
5041
5197
5407
5565
5402
4867
4140
3351
2561
1828
1231
665
22
-607
-1002
-1194
-1375
-1560
-1624
-1647
-1892
-2324
-2615
-2657
-2783
-3248
-3878
-4339
-4610
-4851
-5051
-5107
-5021
-4867
-4528
-3838
-2849
-1814
-853
94
1042
1863
2414
2719
2784
2611
2232
1800
1412
1063
791
679
794
1115
1589
2101
2548
2850
3029
3135
3152
3026
2737
2388
2053
1732
1393
1158
1141
1304
1519
1783
2226
2864
3646
4598
5766
6888
7528
7587
7557
7830
8057
7562
6268
4815
3595
2381
921
-563
-1840
-3100
-4485
-5656
-6240
-6395
-6493
-6530
-6292
-5880
-5568
-5212
-4452
-3461
-2934
-3063
-3240
-2983
-2562
-2479
-2689
-2887
-3011
-3123
-3061
-2645
-2007
-1446
-1003
-443
378
1420
2515
3469
4068
4315
4468
4720
4900
4709
4156
3451
2700
1889
1152
587
64
-575
-1237
-1684
-1930
-2119
-2285
-2372
-2499
-2808
-3190
-3384
-3379
-3532
-3992
-4514
-4805
-4943
-5118
-5262
-5211
-5014
-4795
-4441
-3786
-2847
-1889
-1081
-400
241
821
1238
1429
1378
1134
811
565
471
475
509
630
890
1278
1713
2126
2441
2592
2588
2466
2287
2089
1910
1725
1471
1171
941
915
1101
1390
1689
2078
2665
3431
4321
5398
6653
7671
8029
7911
7950
8275
8268
7384
5908
4524
3357
2070
586
-762
-1914
-3190
-4565
-5502
-5765
-5798
-5942
-5982
-5688
-5310
-5040
-4611
-3784
-2990
-2823
-3116
-3151
-2715
-2351
-2419
-2682
-2806
-2830
-2819
-2588
-2045
-1409
-894
-421
241
1180
2284
3350
4150
4575
4773
4983
5238
5272
4901
4245
3506
2730
1963
1327
821
257
-406
-941
-1225
-1373
-1517
-1609
-1650
-1825
-2202
-2545
-2627
-2640
-2954
-3584
-4139
-4405
-4543
-4731
-4880
-4886
-4792
-4599
-4147
-3384
-2488
-1668
-970
-327
250
741
1103
1309
1288
1036
742
582
584
619
646
762
998
1299
1628
1955
2163
2158
1988
1765
1534
1282
1010
729
442
164
2
86
406
794
1158
1629
2317
3157
4076
5162
6351
7220
7427
7279
7350
7642
7516
6539
5099
3805
2709
1471
68
-1213
-2367
-3650
-4945
-5763
-5987
-6019
-6138
-6122
-5813
-5444
-5158
-4695
-3879
-3147
-3016
-3268
-3231
-2759
-2407
-2520
-2825
-2982
-3007
-2985
-2765
-2261
-1665
-1177
-712
-38
932
2031
3039
3749
4107
4282
4476
4672
4623
4195
3527
2780
2013
1304
767
346
-160
-756
-1197
-1373
-1476
-1623
-1700
-1694
-1823
-2192
-2512
-2555
-2565
-2917
-3565
-4104
-4363
-4532
-4731
-4848
-4804
-4693
-4488
-3999
-3181
-2267
-1494
-843
-232
344
823
1164
1351
1336
1138
912
824
885
985
1066
1215
1467
1775
2068
2296
2387
2310
2148
1962
1747
1482
1235
1043
850
634
511
614
941
1339
1749
2284
3027
3925
4907
6052
7257
8093
8265
8109
8168
8386
8144
7100
5668
4374
3238
1952
536
-753
-1942
-3263
-4573
-5391
-5638
-5702
-5822
-5789
-5493
-5135
-4824
-4319
-3518
-2844
-2714
-2909
-2880
-2543
-2318
-2454
-2708
-2859
-2935
-2936
-2690
-2145
-1527
-1022
-542
137
1085
2191
3188
3858
4169
4334
4541
4697
4577
4106
3429
2677
1921
1254
802
469
46
-458
-787
-840
-846
-936
-1005
-1024
-1220
-1645
-2017
-2144
-2270
-2768
-3513
-4111
-4416
-4644
-4938
-5140
-5142
-5018
-4770
-4230
-3355
-2379
-1552
-874
-240
348
814
1087
1150
1005
724
458
336
374
474
568
692
921
1278
1670
1965
2049
1917
1703
1497
1272
999
720
467
223
13
-30
187
574
990
1420
2003
2805
3734
4715
5820
7044
8005
8343
8254
8300
8558
8446
7499
6003
4601
3438
2169
662
-789
-2058
-3342
-4657
-5595
-5919
-5965
-6071
-6105
-5831
-5397
-5016
-4561
-3829
-3111
-2899
-3142
-3269
-3001
-2703
-2780
-3116
-3370
-3436
-3378
-3163
-2694
-2098
-1538
-995
-309
616
1686
2723
3481
3866
4038
4234
4448
4464
4132
3573
2963
2359
1788
1347
1033
663
190
-177
-239
-165
-223
-399
-511
-648
-994
-1443
-1759
-1988
-2458
-3223
-3951
-4372
-4628
-4958
-5285
-5390
-5242
-4949
-4465
-3680
-2681
-1736
-974
-301
367
928
1248
1293
1154
930
692
513
423
405
422
507
717
1043
1403
1674
1766
1685
1509
1327
1123
852
548
276
70
-103
-174
-40
319
772
1214
1760
2517
3451
4390
5361
6473
7561
8204
8223
8071
8144
8224
7662
6350
4868
3638
2503
1114
-363
-1636
-2775
-3988
-5083
-5661
-5779
-5844
-5976
-5860
-5436
-5016
-4709
-4235
-3524
-3032
-3103
-3387
-3344
-3021
-2903
-3158
-3436
-3514
-3479
-3385
-3090
-2529
-1917
-1396
-856
-95
878
1900
2771
3342
3643
3846
4109
4312
4249
3873
3370
2877
2408
1962
1579
1221
801
381
94
-27
-144
-332
-527
-720
-1053
-1504
-1878
-2108
-2424
-3015
-3708
-4243
-4546
-4782
-4998
-5116
-5062
-4845
-4474
-3848
-3016
-2121
-1341
-669
-74
443
861
1130
1209
1048
797
625
628
711
768
802
868
1056
1318
1601
1759
1722
1548
1338
1210
1093
948
786
649
543
457
524
820
1296
1799
2286
2909
3690
4601
5519
6502
7528
8303
8568
8381
8252
8285
8056
7113
5652
4268
3095
1917
536
-786
-1936
-3042
-4130
-4944
-5245
-5302
-5399
-5490
-5312
-4967
-4710
-4441
-3926
-3347
-3183
-3436
-3606
-3368
-3053
-3089
-3378
-3564
-3530
-3401
-3186
-2750
-2126
-1531
-1034
-454
378
1361
2291
2985
3380
3598
3841
4127
4244
4071
3664
3197
2744
2333
2003
1721
1391
969
597
407
351
197
-120
-445
-728
-1090
-1550
-1958
-2312
-2784
-3453
-4112
-4546
-4807
-5062
-5314
-5412
-5257
-4905
-4419
-3746
-2897
-2013
-1250
-578
54
589
937
1062
1002
805
604
472
413
370
342
359
461
698
998
1272
1381
1349
1241
1147
1102
1019
888
725
636
611
689
930
1307
1772
2251
2813
3509
4312
5165
6021
6939
7864
8552
8728
8491
8301
8254
7922
6896
5417
4044
2913
1774
426
-910
-2036
-3075
-4103
-4896
-5227
-5323
-5442
-5521
-5353
-5047
-4846
-4621
-4157
-3652
-3552
-3826
-4013
-3844
-3618
-3723
-4017
-4168
-4120
-4039
-3896
-3495
-2875
-2258
-1761
-1194
-385
606
1607
2370
2800
3038
3326
3646
3774
3611
3212
2767
2342
1905
1496
1142
811
395
-18
-308
-473
-609
-777
-930
-1176
-1576
-2023
-2321
-2558
-2991
-3609
-4215
-4597
-4814
-4984
-5110
-5082
-4883
-4574
-4114
-3455
-2642
-1836
-1119
-498
17
396
645
774
727
516
304
223
235
248
241
286
441
671
917
1124
1228
1205
1088
981
953
976
993
1016
1051
1105
1254
1553
1995
2471
2922
3400
3996
4712
5450
6200
7028
7892
8470
8475
8115
7911
7909
7559
6493
5040
3756
2715
1598
289
-938
-1972
-2998
-4026
-4748
-4998
-5053
-5140
-5171
-4968
-4697
-4524
-4260
-3752
-3248
-3175
-3424
-3532
-3286
-3002
-3068
-3295
-3393
-3296
-3143
-2914
-2446
-1834
-1219
-709
-105
741
1762
2741
3421
3815
4087
4424
4695
4727
4490
4069
3629
3131
2609
2134
1759
1397
935
489
186
46
-86
-267
-500
-826
-1241
-1679
-1997
-2320
-2825
-3485
-4094
-4472
-4721
-4975
-5210
-5264
-5143
-4908
-4493
-3839
-3021
-2240
-1533
-890
-299
160
427
529
428
215
-21
-174
-259
-327
-359
-330
-188
11
261
524
737
820
782
752
771
835
879
889
865
845
941
1199
1578
1976
2390
2862
3463
4180
4913
5630
6379
7224
8003
8403
8314
7997
7797
7621
7035
5861
4478
3325
2311
1122
-212
-1363
-2282
-3191
-4112
-4765
-4998
-5065
-5154
-5142
-4910
-4639
-4484
-4246
-3741
-3256
-3213
-3463
-3501
-3231
-3093
-3304
-3576
-3620
-3501
-3394
-3166
-2655
-1971
-1392
-896
-222
709
1720
2550
3131
3498
3754
3983
4156
4147
3870
3430
2943
2457
1989
1594
1262
890
458
82
-118
-216
-365
-588
-853
-1183
-1613
-2054
-2394
-2738
-3282
-3978
-4540
-4870
-5122
-5403
-5613
-5612
-5440
-5149
-4682
-3952
-3070
-2251
-1554
-941
-395
2
189
212
106
-116
-377
-551
-614
-625
-626
-583
-429
-189
60
256
398
477
512
535
566
619
681
726
761
852
1047
1374
1789
2216
2637
3108
3681
4342
5036
5710
6408
7191
7925
8310
8235
7962
7810
7689
7170
6076
4798
3711
2729
1593
354
-726
-1638
-2589
-3537
-4151
-4343
-4397
-4492
-4490
-4299
-4098
-3989
-3758
-3252
-2826
-2855
-3140
-3206
-2973
-2831
-2984
-3189
-3213
-3127
-3019
-2753
-2229
-1605
-1074
-577
98
1015
2007
2856
3452
3798
4032
4294
4530
4554
4279
3845
3417
3006
2601
2238
1917
1530
1062
666
448
302
68
-221
-498
-824
-1278
-1751
-2085
-2404
-2939
-3622
-4177
-4501
-4754
-5064
-5297
-5310
-5168
-4921
-4469
-3745
-2900
-2137
-1483
-848
-234
213
434
484
390
167
-83
-249
-338
-420
-512
-506
-346
-107
138
394
653
869
997
1051
1072
1085
1083
1083
1107
1149
1247
1443
1722
2024
2355
2753
3235
3799
4382
4958
5577
6284
7016
7559
7688
7473
7249
7127
6800
5938
4699
3526
2555
1511
258
-939
-1880
-2737
-3668
-4442
-4807
-4894
-5001
-5099
-4997
-4752
-4578
-4404
-3969
-3428
-3257
-3526
-3734
-3544
-3278
-3361
-3663
-3796
-3716
-3629
-3524
-3179
-2577
-1986
-1498
-903
-42
1004
1991
2766
3305
3678
4021
4360
4550
4439
4078
3680
3318
2919
2484
2072
1690
1268
827
520
351
172
-63
-314
-551
-857
-1264
-1619
-1906
-2290
-2866
-3501
-3971
-4297
-4642
-4982
-5163
-5146
-4986
-4695
-4183
-3472
-2719
-2024
-1357
-700
-147
196
328
318
185
-37
-259
-421
-530
-632
-681
-593
-383
-92
231
548
836
1053
1237
1416
1567
1666
1741
1816
1892
1962
2079
2302
2569
2814
3053
3385
3865
4410
4947
5456
5993
6648
7344
7849
7943
7710
7517
7448
7143
6290
5088
4003
3099
2051
787
-374
-1275
-2146
-3150
-4005
-4387
-4504
-4675
-4852
-4812
-4597
-4460
-4323
-3925
-3441
-3307
-3563
-3742
-3561
-3355
-3469
-3750
-3868
-3814
-3763
-3647
-3255
-2653
-2110
-1642
-1041
-170
847
1809
2608
3186
3568
3915
4283
4514
4416
4027
3564
3103
2608
2086
1605
1165
672
185
-135
-300
-441
-627
-781
-908
-1159
-1531
-1850
-2075
-2403
-2957
-3593
-4093
-4488
-4902
-5301
-5576
-5690
-5687
-5538
-5128
-4470
-3729
-2982
-2221
-1423
-681
-125
201
286
175
-15
-205
-379
-595
-828
-931
-844
-603
-277
99
490
840
1127
1420
1737
1954
2017
2001
2035
2098
2099
2096
2163
2276
2363
2456
2681
3045
3463
3902
4404
4978
5580
6229
6893
7336
7361
7133
6969
6862
6420
5462
4317
3289
2280
1109
-87
-1064
-1926
-2936
-3950
-4581
-4788
-4891
-5067
-5116
-4931
-4736
-4615
-4345
-3821
-3416
-3470
-3747
-3792
-3586
-3503
-3696
-3929
-3996
-3964
-3881
-3610
-3087
-2455
-1873
-1264
-448
577
1643
2576
3279
3780
4174
4536
4805
4809
4518
4067
3554
3006
2432
1920
1492
1032
531
121
-91
-164
-252
-376
-494
-658
-927
-1222
-1467
-1737
-2207
-2882
-3521
-4018
-4459
-4955
-5447
-5768
-5890
-5839
-5585
-5088
-4381
-3601
-2823
-2001
-1151
-398
93
274
248
135
3
-143
-321
-494
-593
-567
-393
-111
244
658
1078
1461
1796
2095
2359
2528
2588
2605
2629
2630
2581
2529
2553
2639
2732
2855
3066
3395
3807
4266
4782
5354
6016
6783
7478
7811
7717
7517
7475
7378
6794
5728
4595
3636
2643
1450
284
-667
-1571
-2632
-3640
-4204
-4379
-4518
-4684
-4688
-4522
-4397
-4301
-3978
-3470
-3219
-3409
-3684
-3649
-3441
-3440
-3658
-3837
-3860
-3824
-3712
-3369
-2791
-2185
-1625
-966
-98
910
1885
2736
3395
3839
4178
4490
4711
4677
4336
3853
3328
2773
2211
1721
1305
852
338
-68
-224
-238
-288
-428
-610
-842
-1151
-1462
-1726
-2067
-2626
-3348
-4027
-4545
-5013
-5521
-5998
-6331
-6479
-6454
-6179
-5606
-4846
-4055
-3262
-2422
-1529
-742
-217
30
51
-66
-236
-390
-512
-638
-765
-806
-692
-417
-36
376
762
1074
1337
1628
1927
2126
2162
2107
2061
2019
1942
1879
1876
1934
2022
2169
2454
2842
3278
3752
4290
4924
5629
6360
6974
7252
7191
7038
6990
6847
6246
5214
4132
3172
2168
1019
-78
-981
-1881
-2919
-3835
-4325
-4477
-4607
-4775
-4781
-4644
-4533
-4400
-4049
-3562
-3340
-3516
-3703
-3589
-3350
-3296
-3429
-3497
-3448
-3386
-3233
-2825
-2201
-1589
-1071
-474
357
1337
2288
3091
3680
4092
4401
4692
4893
4828
4505
4043
3551
3060
2562
2134
1736
1270
777
402
253
208
109
-61
-268
-523
-848
-1196
-1529
-1944
-2557
-3289
-3966
-4521
-5007
-5482
-5901
-6200
-6341
-6256
-5888
-5282
-4566
-3832
-3028
-2103
-1142
-298
277
540
563
465
369
288
137
-96
-300
-337
-185
87
446
868
1284
1597
1830
2069
2330
2503
2494
2358
2195
2060
1959
1902
1902
1910
1919
2023
2277
2660
3088
3540
4051
4603
5226
5969
6727
7213
7239
7026
6929
6905
6540
5653
4543
3538
2572
1465
341
-599
-1457
-2458
-3495
-4173
-4417
-4542
-4729
-4833
-4732
-4579
-4464
-4194
-3685
-3261
-3253
-3467
-3475
-3209
-3003
-3066
-3218
-3258
-3181
-3045
-2763
-2276
-1712
-1192
-682
-23
857
1842
2757
3454
3913
4288
4663
4966
5047
4855
4509
4073
3562
3038
2586
2202
1754
1177
644
315
156
22
-158
-367
-619
-918
-1199
-1416
-1680
-2144
-2811
-3486
-4034
-4516
-5021
-5560
-6010
-6293
-6396
-6267
-5893
-5306
-4600
-3844
-2987
-2033
-1083
-289
214
414
431
393
336
215
-31
-345
-604
-691
-579
-355
-85
196
476
755
1056
1356
1623
1782
1811
1748
1634
1550
1516
1498
1451
1365
1319
1431
1710
2067
2430
2828
3302
3869
4545
5306
5965
6286
6238
6093
6079
5998
5517
4610
3580
2626
1635
527
-545
-1468
-2408
-3485
-4466
-5035
-5255
-5445
-5650
-5692
-5527
-5325
-5131
-4739
-4180
-3803
-3796
-3901
-3774
-3487
-3357
-3453
-3585
-3608
-3551
-3410
-3085
-2595
-2096
-1640
-1097
-334
621
1613
2503
3197
3705
4137
4549
4871
4952
4764
4398
3928
3401
2887
2444
2002
1440
790
270
13
-82
-178
-311
-443
-593
-765
-907
-1041
-1321
-1833
-2469
-3054
-3568
-4101
-4662
-5177
-5590
-5923
-6094
-5971
-5549
-4947
-4280
-3526
-2624
-1598
-573
313
929
1208
1249
1206
1145
990
671
301
27
-79
-48
79
323
626
909
1179
1496
1882
2236
2429
2468
2443
2414
2406
2399
2355
2243
2100
2036
2125
2343
2606
2886
3243
3716
4264
4896
5636
6389
6898
6991
6865
6827
6838
6555
5775
4712
3681
2711
1656
519
-556
-1564
-2611
-3627
-4341
-4666
-4823
-4988
-5077
-4975
-4760
-4516
-4163
-3663
-3238
-3118
-3194
-3129
-2860
-2662
-2725
-2935
-3057
-3042
-2953
-2732
-2343
-1875
-1418
-913
-215
703
1719
2674
3427
3962
4391
4811
5176
5311
5110
4685
4186
3674
3168
2666
2160
1583
938
382
72
-32
-108
-253
-405
-559
-729
-865
-963
-1142
-1554
-2166
-2791
-3311
-3809
-4363
-4929
-5430
-5844
-6131
-6148
-5829
-5297
-4707
-4058
-3249
-2271
-1256
-326
396
814
938
895
843
765
547
192
-179
-427
-500
-415
-192
106
388
644
943
1333
1735
2006
2121
2114
2051
1988
1957
1950
1897
1772
1652
1658
1808
2049
2327
2671
3100
3588
4161
4860
5666
6361
6667
6618
6524
6553
6506
6024
5103
4042
3048
2054
950
-167
-1183
-2192
-3281
-4243
-4781
-4957
-5079
-5248
-5278
-5110
-4882
-4632
-4224
-3669
-3284
-3271
-3373
-3258
-2979
-2862
-3018
-3221
-3313
-3306
-3196
-2905
-2442
-1956
-1495
-910
-90
889
1886
2775
3478
3985
4391
4805
5146
5203
4930
4477
4006
3516
2957
2387
1824
1227
624
147
-101
-221
-344
-459
-532
-609
-732
-855
-935
-1117
-1545
-2141
-2733
-3251
-3778
-4351
-4908
-5404
-5817
-6052
-5990
-5651
-5148
-4567
-3849
-2966
-1960
-900
93
853
1257
1380
1420
1436
1302
945
475
71
-203
-360
-354
-197
39
280
541
905
1343
1744
2044
2210
2245
2198
2151
2167
2173
2050
1818
1636
1611
1737
1922
2147
2449
2829
3293
3844
4539
5366
6125
6549
6557
6408
6409
6466
6154
5271
4072
2958
1983
932
-228
-1362
-2415
-3468
-4459
-5138
-5434
-5557
-5671
-5710
-5569
-5315
-5022
-4585
-3992
-3527
-3439
-3605
-3619
-3389
-3227
-3361
-3667
-3880
-3916
-3832
-3605
-3190
-2688
-2194
-1648
-897
106
1219
2230
3005
3560
4034
4508
4902
5062
4895
4501
4022
3504
2955
2397
1851
1284
679
157
-150
-260
-275
-273
-270
-297
-365
-392
-368
-441
-794
-1404
-2042
-2547
-3018
-3594
-4258
-4877
-5366
-5718
-5852
-5696
-5300
-4789
-4195
-3448
-2495
-1400
-299
657
1341
1719
1880
1945
1935
1763
1349
825
369
82
-43
-44
57
215
427
739
1180
1672
2085
2345
2490
2576
2611
2600
2549
2454
2283
2063
1909
1909
2030
2181
2344
2582
2943
3401
3943
4596
5359
6059
6464
6531
6507
6603
6673
6352
5484
4374
3347
2430
1416
272
-854
-1919
-2957
-3922
-4597
-4914
-5057
-5213
-5275
-5128
-4825
-4466
-4056
-3542
-3120
-3018
-3158
-3195
-3024
-2896
-3053
-3380
-3616
-3687
-3634
-3491
-3189
-2747
-2270
-1746
-1034
-54
1062
2062
2816
3385
3893
4407
4812
4935
4732
4311
3797
3253
2685
2112
1537
921
319
-165
-422
-482
-495
-508
-503
-485
-483
-480
-444
-434
-661
-1179
-1817
-2373
-2829
-3384
-4102
-4859
-5480
-5896
-6095
-6090
-5857
-5459
-4936
-4210
-3261
-2117
-950
71
868
1441
1811
2004
2010
1790
1362
824
305
-127
-462
-683
-789
-756
-585
-257
229
815
1366
1818
2158
2410
2546
2562
2506
2394
2206
1935
1675
1515
1466
1427
1407
1474
1689
2061
2558
3172
3893
4716
5519
6119
6416
6529
6638
6697
6417
5634
4571
3538
2558
1432
151
-1065
-2113
-3139
-4143
-4902
-5256
-5374
-5469
-5458
-5227
-4881
-4565
-4207
-3696
-3206
-3066
-3254
-3410
-3340
-3273
-3499
-3880
-4131
-4202
-4186
-4077
-3788
-3323
-2772
-2155
-1380
-402
699
1757
2661
3382
3957
4477
4895
5056
4869
4447
3957
3451
2866
2227
1625
1046
472
-24
-293
-340
-338
-358
-327
-189
-52
-15
-42
-52
-199
-596
-1190
-1783
-2301
-2871
-3554
-4262
-4833
-5221
-5444
-5512
-5350
-4980
-4446
-3729
-2827
-1779
-712
260
1062
1671
2091
2312
2317
2093
1672
1135
592
119
-228
-450
-553
-509
-290
103
622
1192
1741
2234
2650
2959
3135
3210
3227
3155
2961
2674
2375
2129
1944
1794
1715
1744
1929
2246
2695
3274
3948
4697
5494
6298
6968
7335
7402
7364
7275
6953
6227
5169
4047
2959
1836
655
-474
-1493
-2469
-3412
-4135
-4500
-4610
-4650
-4632
-4457
-4181
-3912
-3613
-3224
-2845
-2715
-2872
-3097
-3181
-3199
-3344
-3638
-3931
-4096
-4125
-3988
-3657
-3179
-2608
-1946
-1142
-186
858
1896
2803
3501
4008
4384
4647
4731
4575
4185
3651
3040
2406
1796
1223
656
75
-433
-744
-848
-822
-742
-613
-453
-311
-228
-164
-143
-251
-577
-1098
-1705
-2301
-2881
-3484
-4120
-4746
-5264
-5603
-5711
-5607
-5327
-4899
-4317
-3547
-2613
-1608
-645
181
844
1345
1648
1700
1499
1093
584
24
-528
-992
-1314
-1470
-1447
-1276
-953
-506
50
646
1213
1711
2105
2367
2501
2562
2534
2379
2082
1718
1420
1188
1001
825
761
878
1156
1554
2102
2780
3504
4222
4997
5857
6573
6901
6875
6754
6652
6332
5580
4503
3394
2333
1205
-12
-1141
-2097
-2993
-3867
-4579
-4965
-5105
-5147
-5094
-4918
-4660
-4426
-4201
-3896
-3583
-3481
-3645
-3880
-4001
-4064
-4223
-4469
-4648
-4686
-4583
-4356
-3950
-3367
-2683
-1932
-1109
-165
877
1906
2772
3400
3823
4130
4369
4436
4229
3772
3205
2624
2038
1475
949
461
10
-366
-563
-558
-432
-244
-21
206
384
498
598
661
573
247
-278
-873
-1470
-2090
-2736
-3406
-4073
-4657
-5060
-5227
-5175
-4953
-4581
-4052
-3371
-2541
-1593
-621
228
842
1287
1617
1765
1666
1333
891
424
-75
-551
-880
-1007
-969
-827
-536
-49
572
1209
1791
2312
2772
3117
3310
3349
3255
3056
2767
2428
2102
1812
1577
1390
1277
1324
1556
1930
2407
2986
3662
4380
5107
5874
6628
7190
7400
7304
7118
6907
6459
5616
4484
3303
2164
995
-198
-1307
-2285
-3180
-3988
-4579
-4867
-4946
-4939
-4857
-4676
-4443
-4218
-3980
-3701
-3471
-3445
-3643
-3887
-4012
-4074
-4193
-4376
-4520
-4510
-4321
-3961
-3447
-2817
-2129
-1387
-559
378
1375
2294
3022
3520
3842
4048
4152
4105
3822
3329
2727
2121
1581
1128
746
411
110
-126
-212
-124
94
347
575
741
825
864
860
784
581
191
-382
-1056
-1743
-2396
-3028
-3671
-4290
-4795
-5103
-5206
-5140
-4933
-4573
-4044
-3370
-2626
-1842
-1052
-350
214
635
925
1092
1085
875
541
173
-178
-473
-685
-775
-752
-646
-409
15
593
1202
1743
2210
2604
2902
3089
3135
3055
2857
2538
2154
1779
1488
1288
1136
1034
1042
1217
1576
2090
2696
3336
3993
4696
5435
6165
6817
7235
7316
7112
6788
6422
5890
5043
3914
2687
1515
412
-662
-1675
-2582
-3404
-4139
-4681
-4924
-4931
-4864
-4766
-4624
-4463
-4303
-4109
-3849
-3644
-3653
-3876
-4122
-4225
-4201
-4212
-4320
-4418
-4389
-4183
-3816
-3276
-2627
-1968
-1291
-553
257
1116
1956
2652
3095
3325
3493
3649
3676
3480
3081
2608
2169
1775
1402
1069
788
534
308
211
286
449
603
741
866
930
927
909
872
697
305
-257
-836
-1355
-1856
-2423
-3051
-3625
-4070
-4387
-4562
-4590
-4497
-4279
-3916
-3428
-2851
-2182
-1429
-697
-104
342
713
992
1101
998
749
446
152
-123
-361
-506
-525
-433
-219
156
647
1155
1640
2106
2533
2851
3050
3186
3243
3143
2890
2593
2353
2161
1977
1781
1629
1588
1657
1834
2148
2590
3075
3580
4139
4739
5338
5923
6470
6848
6899
6664
6353
6033
5568
4795
3732
2574
1486
460
-557
-1530
-2413
-3240
-3993
-4543
-4821
-4892
-4892
-4858
-4777
-4683
-4558
-4355
-4100
-3918
-3918
-4085
-4274
-4336
-4288
-4263
-4327
-4411
-4402
-4234
-3892
-3385
-2807
-2213
-1593
-920
-160
696
1573
2289
2744
3021
3264
3482
3567
3430
3074
2627
2169
1743
1347
998
691
377
87
-74
-55
74
207
322
404
467
520
558
560
437
106
-410
-979
-1485
-1962
-2517
-3186
-3834
-4349
-4715
-4963
-5076
-5059
-4944
-4748
-4436
-3950
-3299
-2576
-1912
-1340
-817
-320
93
360
480
447
270
14
-211
-370
-494
-598
-658
-609
-389
-16
434
909
1387
1828
2206
2513
2754
2895
2879
2706
2434
2143
1872
1630
1400
1180
1015
947
978
1138
1443
1855
2324
2826
3376
3993
4647
5283
5826
6197
6356
6291
6059
5727
5289
4634
3702
2621
1575
614
-332
-1273
-2146
-2901
-3558
-4080
-4392
-4490
-4450
-4394
-4328
-4179
-3955
-3732
-3551
-3396
-3334
-3425
-3606
-3741
-3761
-3781
-3897
-4047
-4095
-3971
-3688
-3269
-2756
-2184
-1583
-932
-179
678
1535
2256
2791
3167
3444
3662
3799
3776
3530
3113
2648
2207
1806
1450
1137
841
572
397
404
555
756
929
1059
1182
1279
1345
1359
1292
1063
629
59
-514
-1052
-1640
-2322
-3037
-3678
-4195
-4541
-4711
-4739
-4662
-4491
-4184
-3694
-3046
-2339
-1669
-1057
-485
40
493
843
1030
1032
883
652
379
92
-190
-446
-647
-750
-685
-444
-75
354
825
1318
1804
2250
2631
2921
3069
3040
2856
2591
2320
2029
1691
1324
973
707
556
547
666
892
1204
1622
2160
2773
3429
4092
4734
5317
5778
6073
6160
6040
5735
5276
4675
3892
2935
1903
882
-72
-954
-1748
-2424
-2992
-3459
-3812
-3973
-3956
-3848
-3724
-3600
-3471
-3369
-3317
-3294
-3285
-3375
-3606
-3926
-4210
-4412
-4539
-4620
-4643
-4557
-4338
-3959
-3405
-2710
-1958
-1191
-416
391
1193
1949
2585
3054
3331
3449
3501
3479
3329
3029
2658
2265
1901
1591
1373
1248
1165
1114
1121
1236
1430
1631
1784
1895
1940
1868
1690
1472
1210
829
294
-332
-959
-1573
-2162
-2723
-3231
-3676
-4019
-4217
-4265
-4178
-3995
-3740
-3393
-2962
-2489
-2007
-1542
-1140
-839
-589
-350
-178
-144
-237
-359
-475
-606
-747
-848
-871
-827
-725
-536
-219
193
626
1047
1470
1859
2140
2284
2343
2320
2168
1877
1506
1142
798
465
171
-50
-150
-109
29
267
592
1004
1498
2072
2706
3328
3886
4381
4814
5172
5454
5628
5621
5383
4991
4557
4084
3530
2852
2087
1324
611
-48
-649
-1185
-1673
-2150
-2603
-2943
-3158
-3318
-3478
-3637
-3788
-3943
-4086
-4173
-4205
-4263
-4383
-4552
-4669
-4654
-4531
-4365
-4205
-4014
-3746
-3369
-2873
-2289
-1697
-1134
-591
-42
512
1074
1607
2033
2310
2465
2594
2708
2771
2737
2612
2444
2285
2162
2071
2017
1971
1916
1856
1829
1847
1879
1880
1829
1720
1543
1332
1113
872
575
201
-221
-658
-1071
-1449
-1816
-2178
-2523
-2831
-3075
-3241
-3342
-3373
-3351
-3275
-3148
-2978
-2747
-2449
-2144
-1857
-1574
-1272
-961
-692
-476
-311
-182
-79
-1
44
60
66
80
125
207
322
469
635
816
1005
1193
1380
1542
1657
1701
1699
1661
1587
1489
1371
1236
1094
978
914
915
964
1053
1184
1360
1606
1926
2308
2717
3122
3507
3884
4281
4682
5031
5260
5327
5246
5063
4807
4464
3977
3322
2533
1702
886
107
-614
-1303
-1973
-2590
-3102
-3461
-3674
-3798
-3883
-3954
-4013
-4032
-3995
-3916
-3850
-3853
-3936
-4031
-4069
-4057
-4018
-3972
-3924
-3855
-3701
-3405
-2976
-2477
-1954
-1404
-807
-150
558
1275
1925
2447
2843
3152
3410
3615
3717
3681
3530
3316
3090
2876
2689
2509
2300
2081
1897
1784
1719
1679
1638
1566
1446
1311
1181
1034
837
545
165
-259
-697
-1149
-1613
-2095
-2586
-3068
-3488
-3804
-4019
-4162
-4241
-4246
-4162
-3983
-3716
-3368
-3002
-2645
-2301
-1948
-1588
-1243
-948
-739
-606
-530
-485
-451
-423
-421
-444
-457
-426
-315
-144
65
304
549
791
1048
1329
1579
1756
1841
1842
1784
1688
1572
1421
1231
1001
784
627
554
568
631
724
872
1089
1402
1809
2276
2745
3180
3602
4026
4455
4853
5166
5331
5328
5186
4959
4659
4264
3738
3070
2298
1514
775
90
-548
-1171
-1791
-2380
-2869
-3212
-3450
-3623
-3789
-3971
-4145
-4259
-4287
-4275
-4284
-4355
-4479
-4600
-4657
-4627
-4528
-4406
-4269
-4088
-3803
-3380
-2807
-2160
-1497
-836
-172
516
1218
1906
2505
2970
3301
3542
3716
3813
3834
3749
3568
3337
3099
2886
2693
2501
2293
2087
1912
1793
1712
1633
1520
1348
1140
917
704
466
158
-225
-673
-1132
-1569
-1963
-2343
-2731
-3124
-3492
-3777
-3962
-4048
-4074
-4077
-4052
-3975
-3823
-3591
-3300
-3012
-2753
-2510
-2266
-1989
-1693
-1399
-1133
-914
-729
-545
-350
-150
46
211
344
462
595
746
905
1061
1198
1317
1435
1552
1663
1745
1783
1779
1739
1677
1598
1503
1387
1255
1143
1062
1036
1068
1136
1234
1350
1498
1699
1960
2253
2554
2836
3103
3374
3682
4017
4338
4612
4782
4845
4826
4749
4609
4367
3990
3453
2799
2082
1362
660
-43
-762
-1491
-2191
-2798
-3272
-3628
-3898
-4124
-4308
-4444
-4496
-4457
-4351
-4233
-4131
-4045
-3959
-3835
-3663
-3465
-3277
-3095
-2908
-2677
-2368
-1991
-1566
-1126
-665
-174
357
926
1501
2037
2498
2877
3197
3453
3636
3727
3700
3562
3346
3083
2792
2490
2162
1811
1454
1110
823
577
372
182
-3
-178
-347
-491
-635
-782
-955
-1159
-1385
-1621
-1854
-2098
-2341
-2596
-2849
-3084
-3286
-3441
-3551
-3613
-3622
-3573
-3461
-3285
-3056
-2793
-2506
-2205
-1889
-1565
-1245
-938
-665
-419
-201
-12
150
284
381
440
476
504
534
568
613
670
739
827
933
1052
1180
1311
1436
1537
1622
1675
1692
1674
1614
1527
1420
1298
1173
1053
937
856
820
831
894
991
1117
1271
1473
1733
2048
2395
2760
3128
3495
3862
4226
4552
4789
4913
4914
4796
4575
4252
3819
3267
2615
1897
1153
426
-271
-944
-1581
-2162
-2661
-3054
-3339
-3523
-3648
-3730
-3766
-3745
-3667
-3551
-3426
-3336
-3266
-3204
-3122
-3016
-2893
-2765
-2646
-2506
-2307
-2032
-1682
-1278
-857
-420
30
502
999
1476
1894
2228
2464
2622
2713
2739
2690
2549
2336
2071
1789
1523
1271
1038
808
607
446
336
274
243
221
185
141
83
23
-61
-181
-353
-569
-811
-1069
-1321
-1580
-1838
-2099
-2346
-2555
-2713
-2813
-2869
-2878
-2843
-2760
-2625
-2440
-2217
-1973
-1726
-1477
-1230
-982
-745
-525
-333
-168
-27
87
190
269
322
355
374
398
429
464
505
549
601
657
721
784
838
876
880
861
823
765
680
579
460
328
201
95
17
-29
-33
0
77
204
366
564
789
1040
1305
1595
1916
2249
2595
2943
3291
3637
3961
4249
4468
4592
4613
4540
4370
4108
3753
3288
2737
2124
1472
816
170
-474
-1099
-1697
-2231
-2680
-3044
-3320
-3533
-3688
-3794
-3847
-3844
-3789
-3718
-3657
-3614
-3581
-3537
-3477
-3409
-3332
-3254
-3178
-3060
-2886
-2644
-2350
-2021
-1664
-1280
-860
-406
64
524
940
1297
1595
1847
2056
2204
2282
2288
2222
2107
1972
1829
1683
1520
1354
1195
1055
949
869
814
764
704
634
556
476
383
254
95
-102
-327
-562
-802
-1043
-1282
-1520
-1752
-1954
-2113
-2233
-2319
-2368
-2388
-2370
-2307
-2204
-2059
-1889
-1710
-1526
-1327
-1125
-921
-729
-558
-417
-310
-230
-172
-131
-122
-137
-168
-212
-252
-275
-271
-243
-201
-144
-65
38
165
291
411
515
594
655
695
721
724
706
664
624
594
577
586
613
660
732
837
974
1156
1366
1588
1829
2096
2389
2709
3044
3380
3706
4011
4296
4553
4763
4901
4943
4889
4729
4463
4109
3656
3113
2481
1782
1052
326
-380
-1059
-1694
-2269
-2768
-3176
-3489
-3705
-3844
-3932
-3979
-3975
-3928
-3866
-3790
-3727
-3679
-3641
-3600
-3532
-3447
-3344
-3229
-3086
-2888
-2617
-2282
-1893
-1464
-1001
-519
-15
510
1033
1518
1937
2288
2569
2788
2936
3020
3021
2939
2794
2608
2417
2225
2033
1841
1650
1485
1356
1267
1214
1170
1115
1041
960
871
761
621
436
194
-88
-391
-703
-1026
-1354
-1694
-2032
-2339
-2605
-2812
-2974
-3086
-3159
-3184
-3153
-3051
-2893
-2700
-2477
-2247
-2005
-1756
-1499
-1240
-1014
-819
-664
-541
-433
-341
-266
-206
-165
-131
-97
-48
21
98
180
263
344
429
523
614
697
759
796
814
815
808
788
760
710
659
610
577
573
588
621
671
747
854
990
1154
1336
1527
1725
1926
2155
2399
2659
2922
3179
3428
3661
3883
4083
4231
4304
4293
4187
3998
3717
3354
2902
2363
1756
1105
451
-189
-803
-1391
-1938
-2415
-2820
-3147
-3389
-3555
-3668
-3750
-3792
-3783
-3741
-3682
-3629
-3579
-3530
-3482
-3429
-3355
-3248
-3127
-2992
-2823
-2593
-2299
-1943
-1537
-1091
-609
-104
415
949
1472
1945
2350
2688
2964
3152
3267
3306
3267
3150
2968
2759
2537
2307
2063
1825
1609
1408
1222
1075
945
823
675
507
352
168
-36
-278
-537
-819
-1132
-1449
-1744
-2017
-2270
-2507
-2706
-2842
-2937
-2976
-2968
-2901
-2807
-2693
-2542
-2366
-2161
-1974
-1785
-1605
-1441
-1295
-1172
-1049
-957
-895
-847
-810
-774
-740
-710
-676
-639
-592
-540
-472
-382
-296
-216
-136
-36
51
133
213
284
350
383
411
452
481
490
489
488
498
497
505
529
566
617
663
741
845
962
1084
1219
1368
1527
1688
1873
2082
2300
2529
2778
3063
3357
3659
3949
4213
4443
4602
4695
4705
4624
4417
4095
3685
3188
2612
1959
1275
580
-120
-808
-1448
-2008
-2501
-2934
-3283
-3535
-3702
-3801
-3847
-3828
-3762
-3678
-3586
-3478
-3345
-3221
-3103
-2990
-2850
-2687
-2516
-2302
-2046
-1742
-1406
-1027
-591
-124
360
842
1314
1772
2191
2556
2862
3088
3235
3288
3263
3178
3026
2820
2566
2297
2027
1762
1523
1325
1163
1029
927
856
809
771
724
657
570
441
274
64
-173
-434
-733
-1045
-1365
-1655
-1932
-2189
-2390
-2554
-2676
-2756
-2776
-2740
-2665
-2567
-2441
-2283
-2107
-1935
-1768
-1604
-1448
-1310
-1212
-1115
-1024
-952
-899
-847
-772
-692
-618
-520
-400
-270
-152
-31
105
237
348
423
502
568
604
600
585
582
555
497
435
394
359
312
271
261
280
307
352
433
544
663
787
930
1099
1257
1390
1525
1655
1768
1859
1948
2049
2145
2240
2357
2511
2680
2850
3034
3234
3412
3537
3617
3653
3610
3445
3164
2818
2409
1886
1262
605
-36
-683
-1348
-1965
-2474
-2899
-3284
-3583
-3751
-3807
-3802
-3763
-3651
-3470
-3280
-3111
-2933
-2725
-2542
-2417
-2319
-2200
-2066
-1948
-1828
-1680
-1488
-1253
-982
-659
-283
119
538
971
1405
1817
2203
2538
2800
2969
3056
3089
3048
2919
2704
2448
2185
1892
1587
1288
1035
805
578
379
245
157
71
-22
-104
-172
-265
-379
-511
-652
-827
-1053
-1297
-1513
-1717
-1918
-2107
-2265
-2368
-2417
-2408
-2359
-2260
-2131
-1977
-1799
-1610
-1407
-1209
-1032
-885
-762
-640
-523
-433
-375
-332
-300
-269
-239
-210
-174
-143
-115
-72
-9
71
151
226
296
348
377
391
402
397
340
247
151
69
-9
-94
-167
-217
-253
-274
-257
-200
-124
-49
32
141
262
373
480
589
683
752
803
863
933
986
1034
1103
1198
1320
1477
1695
1949
2211
2489
2790
3100
3361
3554
3688
3750
3679
3463
3157
2799
2345
1750
1080
433
-188
-834
-1479
-2028
-2462
-2833
-3162
-3378
-3445
-3433
-3404
-3329
-3173
-2989
-2833
-2714
-2583
-2464
-2402
-2402
-2395
-2363
-2342
-2331
-2281
-2165
-1993
-1777
-1493
-1142
-755
-344
89
541
969
1347
1685
1977
2177
2273
2300
2288
2206
2020
1773
1531
1296
1030
757
546
398
278
170
119
142
188
215
237
275
282
240
139
19
-134
-348
-599
-842
-1062
-1278
-1476
-1630
-1715
-1747
-1737
-1664
-1536
-1377
-1191
-989
-779
-575
-390
-218
-75
20
69
93
96
66
-3
-99
-186
-268
-363
-449
-500
-529
-549
-545
-513
-460
-403
-352
-287
-231
-197
-183
-178
-170
-198
-257
-305
-335
-366
-394
-412
-389
-338
-281
-207
-88
77
233
389
562
758
950
1121
1280
1435
1564
1664
1746
1828
1913
1986
2060
2168
2315
2492
2700
2941
3214
3515
3809
4081
4311
4477
4579
4592
4473
4222
3881
3463
2934
2294
1607
923
257
-420
-1076
-1644
-2098
-2484
-2822
-3059
-3167
-3197
-3224
-3222
-3152
-3044
-2959
-2913
-2863
-2795
-2756
-2764
-2770
-2733
-2664
-2598
-2505
-2344
-2103
-1816
-1506
-1132
-701
-245
208
648
1067
1465
1807
2079
2268
2372
2424
2419
2334
2180
1983
1796
1620
1413
1211
1056
956
882
810
767
779
804
786
743
711
668
548
369
177
-33
-274
-564
-848
-1093
-1310
-1509
-1679
-1768
-1789
-1765
-1708
-1589
-1418
-1245
-1080
-917
-758
-623
-547
-520
-530
-572
-655
-762
-887
-1031
-1159
-1261
-1340
-1401
-1432
-1428
-1376
-1303
-1214
-1113
-999
-875
-772
-687
-616
-563
-534
-524
-532
-553
-593
-621
-630
-620
-590
-537
-445
-315
-152
25
230
451
663
863
1045
1208
1348
1440
1488
1517
1525
1515
1483
1455
1436
1433
1454
1498
1580
1700
1847
2023
2230
2467
2722
2968
3212
3441
3642
3787
3851
3852
3786
3624
3342
2961
2514
2022
1472
855
227
-371
-930
-1458
-1940
-2333
-2638
-2877
-3060
-3169
-3198
-3180
-3150
-3104
-3035
-2958
-2894
-2853
-2811
-2761
-2722
-2697
-2660
-2585
-2474
-2337
-2164
-1939
-1657
-1325
-953
-554
-133
293
715
1106
1446
1736
1979
2149
2234
2243
2203
2133
2015
1853
1666
1494
1340
1185
1042
936
867
803
742
699
682
660
606
526
425
305
145
-53
-266
-491
-741
-1007
-1251
-1447
-1610
-1746
-1841
-1875
-1853
-1796
-1694
-1559
-1411
-1262
-1122
-1002
-903
-840
-813
-820
-867
-949
-1039
-1132
-1223
-1312
-1396
-1450
-1473
-1461
-1425
-1352
-1259
-1154
-1039
-901
-756
-626
-511
-412
-317
-250
-208
-179
-146
-124
-129
-144
-120
-63
-10
38
110
221
342
451
573
717
851
950
1026
1102
1169
1211
1225
1220
1213
1207
1194
1186
1197
1229
1262
1306
1372
1477
1607
1746
1889
2046
2243
2458
2664
2857
3051
3232
3372
3441
3447
3410
3310
3103
2778
2398
1998
1552
1038
496
-14
-482
-944
-1376
-1726
-1988
-2200
-2391
-2527
-2587
-2604
-2611
-2617
-2608
-2589
-2569
-2572
-2585
-2582
-2569
-2559
-2558
-2526
-2437
-2310
-2161
-1985
-1753
-1449
-1113
-763
-402
-11
390
750
1057
1331
1591
1792
1887
1912
1903
1871
1786
1637
1476
1331
1189
1029
888
800
746
703
651
615
611
610
584
527
451
353
220
47
-154
-355
-553
-773
-991
-1183
-1324
-1431
-1520
-1572
-1574
-1531
-1475
-1404
-1329
-1237
-1149
-1104
-1099
-1100
-1106
-1153
-1250
-1362
-1459
-1553
-1649
-1732
-1781
-1791
-1774
-1731
-1641
-1509
-1342
-1166
-986
-787
-586
-394
-220
-66
65
162
232
278
306
317
321
318
319
329
367
422
495
594
708
838
973
1121
1260
1385
1490
1573
1633
1669
1690
1683
1650
1606
1569
1526
1482
1447
1425
1418
1423
1461
1526
1621
1740
1880
2048
2234
2429
2624
2813
2977
3081
3118
3100
3012
2840
2572
2221
1801
1334
835
316
-200
-687
-1132
-1529
-1860
-2117
-2290
-2400
-2465
-2474
-2445
-2393
-2327
-2268
-2224
-2210
-2210
-2222
-2248
-2275
-2311
-2323
-2318
-2271
-2168
-2007
-1784
-1512
-1194
-838
-443
-23
399
805
1169
1477
1726
1918
2052
2101
2067
1974
1823
1637
1428
1205
995
802
623
475
367
316
307
314
331
353
375
381
366
307
208
57
-135
-359
-600
-847
-1097
-1334
-1554
-1732
-1857
-1926
-1942
-1909
-1833
-1720
-1580
-1414
-1232
-1059
-909
-793
-710
-652
-626
-649
-713
-799
-901
-1017
-1128
-1214
-1270
-1299
-1298
-1262
-1180
-1047
-884
-711
-535
-358
-192
-47
72
161
210
227
211
175
131
86
48
17
1
13
57
136
237
357
495
638
786
925
1053
1158
1221
1251
1241
1208
1146
1046
914
776
639
506
391
303
253
227
229
264
332
435
556
676
801
925
1050
1166
1274
1378
1479
1577
1675
1775
1880
1993
2109
2222
2314
2385
2445
2473
2451
2375
2248
2074
1856
1584
1265
923
562
186
-188
-546
-867
-1158
-1414
-1621
-1782
-1890
-1959
-1988
-1984
-1955
-1904
-1851
-1793
-1718
-1643
-1581
-1524
-1464
-1396
-1321
-1238
-1142
-1034
-900
-744
-577
-392
-195
25
239
445
639
814
970
1092
1176
1214
1222
1194
1124
1022
897
765
622
471
322
188
77
-20
-107
-172
-222
-265
-300
-337
-365
-401
-455
-519
-592
-661
-738
-824
-910
-986
-1054
-1118
-1162
-1193
-1206
-1202
-1208
-1200
-1171
-1131
-1093
-1066
-1038
-1006
-974
-947
-929
-909
-886
-876
-873
-867
-851
-828
-810
-797
-773
-735
-686
-630
-564
-490
-405
-318
-227
-131
-30
72
154
224
290
352
404
436
453
462
463
461
450
434
426
407
379
352
337
335
326
310
301
306
319
334
358
392
433
479
526
579
655
737
816
895
982
1090
1212
1339
1467
1615
1769
1930
2095
2252
2412
2549
2659
2731
2765
2768
2722
2610
2435
2219
1965
1678
1355
1012
674
343
13
-298
-561
-788
-983
-1158
-1303
-1406
-1488
-1556
-1630
-1686
-1732
-1788
-1842
-1897
-1930
-1949
-1959
-1954
-1917
-1829
-1712
-1567
-1391
-1180
-937
-674
-405
-136
135
391
609
791
937
1054
1128
1145
1125
1075
1003
910
805
691
593
506
424
360
319
303
286
265
245
227
198
142
65
-32
-144
-277
-433
-593
-746
-887
-1026
-1144
-1234
-1290
-1319
-1321
-1293
-1236
-1158
-1073
-975
-881
-785
-701
-639
-599
-577
-569
-585
-628
-680
-736
-801
-860
-910
-938
-950
-941
-917
-874
-797
-709
-615
-518
-424
-339
-267
-217
-176
-153
-155
-177
-217
-259
-289
-327
-363
-379
-384
-371
-344
-297
-231
-158
-80
-6
77
151
221
276
315
336
345
349
337
317
294
272
256
246
252
281
314
365
432
516
620
735
855
975
1100
1218
1333
1443
1550
1654
1738
1812
1883
1957
2025
2090
2149
2195
2227
2249
2254
2240
2202
2123
2015
1866
1698
1496
1269
1015
738
451
161
-116
-381
-628
-862
-1072
-1248
-1390
-1501
-1587
-1644
-1678
-1691
-1687
-1659
-1613
-1556
-1498
-1436
-1354
-1260
-1154
-1039
-913
-781
-643
-495
-340
-172
-6
152
296
426
548
667
758
816
856
873
869
844
802
753
693
615
518
428
344
258
166
70
-17
-103
-177
-259
-336
-404
-472
-545
-616
-672
-720
-772
-827
-877
-914
-932
-948
-960
-965
-958
-947
-929
-906
-872
-835
-810
-790
-769
-744
-720
-714
-709
-704
-694
-682
-667
-653
-630
-601
-572
-540
-498
-447
-402
-362
-333
-305
-276
-257
-254
-262
-276
-295
-318
-345
-365
-389
-409
-425
-427
-412
-388
-362
-335
-304
-273
-236
-202
-173
-155
-144
-141
-144
-148
-146
-150
-148
-143
-126
-84
-30
40
120
215
321
440
570
708
849
985
1111
1231
1346
1464
1572
1667
1754
1835
1922
2011
2099
2183
2264
2341
2407
2475
2527
2552
2553
2519
2448
2338
2203
2037
1829
1583
1308
1021
730
435
136
-147
-418
-673
-899
-1099
-1257
-1387
-1501
-1596
-1666
-1699
-1716
-1717
-1704
-1681
-1640
-1589
-1522
-1433
-1327
-1215
-1092
-958
-802
-634
-457
-281
-109
63
233
390
530
655
756
831
879
902
909
898
861
807
737
666
597
524
451
386
322
267
215
173
142
116
83
48
14
-18
-50
-89
-129
-175
-220
-271
-323
-368
-415
-456
-504
-554
-597
-637
-671
-704
-740
-770
-797
-823
-843
-853
-860
-870
-875
-877
-875
-857
-836
-818
-804
-783
-754
-729
-699
-661
-626
-597
-568
-539
-502
-457
-420
-396
-365
-335
-310
-281
-255
-235
-227
-219
-221
-216
-203
-195
-194
-196
-197
-184
-155
-117
-73
-17
43
113
201
301
408
513
612
706
806
915
1011
1099
1174
1242
1306
1372
1444
1518
1593
1663
1724
1798
1880
1960
2032
2087
2125
2147
2148
2134
2091
2016
1895
1731
1549
1352
1137
896
635
361
84
-174
-416
-637
-836
-1031
-1202
-1343
-1446
-1515
-1565
-1605
-1637
-1644
-1643
-1625
-1589
-1550
-1514
-1475
-1425
-1357
-1267
-1166
-1065
-968
-857
-727
-586
-438
-298
-169
-49
51
146
237
309
349
361
354
339
323
295
253
200
144
93
49
20
4
-15
-38
-62
-82
-86
-90
-109
-140
-185
-240
-300
-369
-438
-516
-608
-706
-801
-875
-932
-984
-1025
-1060
-1077
-1077
-1062
-1029
-985
-937
-896
-856
-809
-751
-699
-656
-626
-602
-576
-547
-513
-479
-448
-420
-388
-353
-300
-240
-183
-134
-95
-55
-6
39
77
103
110
108
104
97
99
96
83
66
57
65
87
128
174
223
278
350
434
530
634
733
811
882
957
1029
1094
1145
1178
1196
1212
1230
1257
1292
1323
1353
1383
1430
1495
1572
1653
1720
1774
1822
1858
1889
1901
1884
1824
1731
1616
1484
1342
1177
985
781
570
362
178
14
-144
-295
-434
-552
-643
-704
-744
-789
-835
-878
-913
-929
-935
-948
-967
-999
-1023
-1032
-1021
-1000
-982
-965
-945
-907
-853
-779
-714
-663
-617
-580
-539
-498
-463
-454
-465
-491
-518
-529
-541
-558
-582
-604
-632
-628
-602
-575
-538
-512
-488
-453
-405
-360
-323
-298
-299
-301
-304
-303
-306
-324
-359
-394
-423
-443
-443
-448
-454
-470
-479
-468
-453
-434
-423
-427
-434
-440
-440
-437
-442
-459
-483
-502
-512
-510
-502
-499
-492
-488
-471
-441
-405
-371
-342
-316
-293
-262
-226
-190
-156
-136
-115
-84
-48
1
64
114
168
237
313
410
507
601
687
772
857
935
1018
1084
1129
1158
1178
1190
1201
1203
1194
1176
1153
1135
1130
1134
1139
1144
1150
1158
1173
1200
1235
1254
1253
1249
1238
1220
1197
1158
1100
1024
939
853
764
679
590
488
384
292
215
147
82
14
-50
-112
-169
-207
-247
-291
-338
-399
-448
-486
-521
-552
-593
-634
-664
-679
-687
-683
-676
-672
-667
-652
-630
-597
-563
-550
-546
-545
-538
-530
-526
-535
-560
-586
-617
-634
-640
-651
-668
-687
-703
-703
-679
-657
-641
-627
-613
-590
-559
-525
-496
-477
-470
-464
-456
-438
-423
-421
-424
-439
-443
-434
-428
-415
-410
-411
-414
-407
-386
-362
-346
-340
-341
-339
-324
-305
-290
-288
-290
-291
-285
-266
-243
-220
-207
-196
-175
-134
-88
-45
-1
30
69
116
165
226
274
313
347
381
424
477
531
572
605
644
688
741
804
866
914
961
1009
1061
1123
1173
1208
1227
1235
1247
1251
1247
1226
1186
1138
1083
1028
984
932
872
808
737
673
621
574
524
465
402
339
279
223
169
107
33
-39
-109
-164
-212
-254
-294
-336
-367
-378
-379
-366
-348
-332
-319
-295
-258
-216
-178
-151
-133
-119
-101
-80
-55
-46
-39
-44
-52
-46
-39
-33
-41
-55
-67
-75
-83
-94
-115
-144
-180
-216
-253
-281
-313
-357
-403
-456
-494
-520
-544
-567
-596
-620
-641
-653
-653
-653
-652
-661
-670
-668
-662
-654
-651
-656
-664
-666
-665
-659
-655
-650
-653
-657
-651
-636
-614
-593
-577
-568
-549
-525
-485
-442
-406
-367
-338
-295
-242
-182
-124
-79
-36
7
59
110
158
188
206
218
228
244
256
263
253
238
227
230
243
255
269
278
291
320
357
402
448
485
513
544
583
620
659
683
693
700
711
726
743
755
755
744
738
734
733
731
712
680
642
607
575
544
501
452
395
343
303
268
236
203
156
118
87
59
37
9
-26
-64
-104
-140
-165
-187
-216
-248
-272
-283
-280
-261
-240
-224
-205
-180
-153
-115
-77
-58
-53
-50
-53
-46
-43
-61
-80
-105
-131
-138
-136
-140
-141
-144
-147
-150
-140
-129
-126
-144
-167
-195
-221
-245
-275
-310
-348
-393
-426
-442
-449
-452
-457
-451
-452
-438
-409
-380
-362
-348
-338
-326
-314
-301
-285
-282
-290
-296
-284
-278
-269
-257
-255
-257
-255
-240
-225
-222
-221
-223
-228
-233
-227
-217
-215
-217
-216
-211
-193
-170
-152
-125
-116
-108
-79
-52
-33
-18
-8
-4
1
7
27
42
47
55
71
85
108
139
173
197
214
244
272
298
319
338
352
356
363
375
384
393
393
396
405
410
424
445
453
459
464
465
472
477
478
470
447
420
394
380
357
328
304
270
239
222
209
203
191
181
179
178
190
205
217
210
206
211
209
208
206
199
179
151
133
116
100
82
60
38
7
-7
-11
-19
-27
-36
-43
-47
-51
-47
-39
-51
-61
-71
-79
-86
-91
-93
-108
-122
-131
-132
-123
-117
-114
-111
-110
-106
-90
-75
-70
-74
-76
-85
-90
-88
-89
-95
-108
-125
-135
-132
-131
-132
-129
-139
-148
-146
-139
-139
-140
-153
-174
-189
-200
-209
-214
-228
-249
-270
-280
-276
-280
-278
-281
-297
-302
-295
-297
-296
-299
-317
-331
-339
-343
-339
-335
-347
-350
-347
-341
-318
-294
-274
-266
-248
-224
-195
-157
-133
-108
-93
-83
-58
-29
-2
20
32
46
61
79
108
133
149
159
173
191
211
235
247
253
252
259
273
289
298
302
299
291
290
300
302
291
278
257
242
230
221
203
180
150
125
107
90
77
69
44
23
7
-8
-11
-17
-35
-53
-63
-75
-79
-75
-83
-92
-100
-103
-101
-85
-74
-72
-67
-70
-62
-48
-38
-31
-30
-29
-37
-36
-34
-38
-44
-50
-54
-59
-52
-45
-44
-40
-35
-32
-24
-12
-1
8
14
15
21
29
29
34
36
33
35
37
39
43
50
48
45
49
47
52
59
60
59
60
60
57
63
68
63
63
63
56
51
52
41
35
29
19
12
12
2
-9
-9
-21
-28
-29
-31
-36
-37
-40
-46
-47
-42
-46
-47
-49
-55
-54
-51
-49
-48
-36
-36
-34
-19
-12
-2
13
28
35
48
60
70
78
87
89
95
100
100
107
110
108
103
107
107
105
108
107
104
104
95
92
92
83
75
68
58
47
44
39
31
26
16
9
-1
-5
-10
-21
-29
-41
-54
-67
-79
-100
-111
-127
-150
-159
-168
-177
-183
-183
-185
-184
-170
-158
-143
-130
-112
-91
-68
-47
-24
1
23
46
70
98
122
146
168
185
204
221
234
245
258
258
259
260
251
245
246
231
221
216
209
197
190
184
173
167
154
143
133
121
106
90
73
56
42
28
7
-7
-18
-36
-50
-62
-75
-85
-99
-115
-135
-146
-164
-188
-205
-228
-249
-262
-274
-290
-297
-303
-309
-308
-305
-300
-296
-287
-284
-270
-257
-253
-249
-243
-240
-239
-230
-227
-224
-222
-224
-224
-219
-217
-213
-212
-214
-219
-215
-208
-212
-209
-214
-220
-220
-219
-209
-202
-199
-198
-187
-176
-159
-137
-125
-109
-96
-85
-68
-53
-38
-26
-20
-17
-7
1
4
12
16
17
24
36
50
59
64
67
74
89
101
121
134
143
155
169
185
204
222
226
232
237
241
254
261
258
253
248
246
245
249
250
242
236
234
235
247
263
268
272
272
279
294
310
324
329
333
338
345
362
380
387
395
399
405
414
429
437
438
432
420
415
408
396
375
352
321
291
272
252
229
196
161
128
102
87
67
49
30
6
-10
-14
-22
-29
-38
-57
-73
-82
-89
-96
-106
-122
-139
-156
-158
-164
-163
-170
-183
-187
-185
-180
-172
-160
-160
-161
-157
-144
-128
-111
-104
-97
-88
-79
-65
-46
-36
-34
-29
-22
-9
4
18
24
27
28
31
38
44
45
33
25
14
9
4
-1
-16
-31
-41
-51
-48
-43
-39
-36
-27
-10
10
30
48
66
70
75
81
85
80
71
58
35
16
2
-4
-16
-22
-29
-29
-24
-17
-9
-5
-13
-26
-43
-71
-105
-151
-206
-272
-337
-405
-470
-529
-584
-635
-676
-705
-726
-732
-736
-731
-722
-707
-690
-667
-641
-618
-595
-576
-542
-514
-474
-435
-405
-366
-326
-283
-242
-200
-162
-126
-92
-54
-16
20
53
83
120
154
189
221
251
271
291
300
307
310
309
302
285
273
264
264
264
268
272
285
299
319
341
364
382
392
398
396
385
361
325
276
214
146
76
2
-72
-147
-217
-284
-355
-413
-472
-538
-608
-689
-774
-869
-972
-1092
-1224
-1355
-1492
-1617
-1728
-1819
-1883
-1912
-1905
-1852
-1753
-1608
-1425
-1211
-970
-711
-440
-169
90
332
549
734
901
1041
1175
1297
1420
1556
1706
1886
2084
2294
2512
2730
2925
3092
3225
3305
3329
3293
3194
3044
2851
2611
2352
2070
1779
1491
1217
964
735
539
373
229
110
17
-61
-123
-178
-226
-279
-331
-377
-428
-472
-522
-573
-625
-677
-727
-779
-836
-902
-973
-1052
-1136
-1226
-1320
-1417
-1523
-1630
-1732
-1835
-1935
-2037
-2131
-2230
-2326
-2422
-2517
-2604
-2686
-2763
-2828
-2876
-2914
-2923
-2917
-2891
-2842
-2779
-2690
-2581
-2458
-2317
-2160
-2000
-1832
-1657
-1476
-1298
-1115
-939
-770
-599
-432
-263
-98
66
228
391
555
716
881
1042
1197
1348
1496
1635
1772
1901
2026
2142
2258
2368
2483
2599
2711
2825
2935
3054
3164
3281
3390
3492
3586
3670
3742
3797
3836
3850
3842
3810
3750
3662
3554
3419
3263
3086
2894
2681
2452
2209
1949
1669
1376
1069
745
421
83
-247
-579
-899
-1202
-1477
-1725
-1946
-2127
-2286
-2405
-2493
-2548
-2583
-2591
-2586
-2564
-2533
-2487
-2438
-2380
-2310
-2237
-2147
-2058
-1954
-1843
-1726
-1610
-1493
-1380
-1268
-1159
-1059
-966
-888
-812
-748
-691
-645
-601
-569
-543
-524
-513
-497
-494
-491
-499
-508
-521
-544
-568
-597
-627
-662
-689
-724
-762
-798
-829
-860
-892
-915
-942
-962
-983
-1001
-1016
-1028
-1036
-1039
-1033
-1023
-1005
-982
-953
-918
-876
-829
-777
-724
-672
-619
-558
-507
-460
-405
-352
-294
-236
-168
-97
-18
69
171
277
390
517
647
786
922
1068
1210
1340
1465
1578
1672
1749
1815
1865
1903
1924
1939
1944
1944
1942
1927
1910
1888
1864
1839
1807
1771
1739
1703
1664
1621
1579
1522
1462
1404
1337
1267
1197
1127
1052
975
896
818
730
645
558
459
356
250
140
26
-93
-210
-330
-448
-565
-673
-779
-882
-976
-1070
-1153
-1231
-1303
-1367
-1426
-1479
-1519
-1553
-1575
-1589
-1582
-1570
-1544
-1502
-1447
-1378
-1295
-1201
-1094
-975
-849
-703
-563
-415
-270
-120
22
161
295
419
528
628
718
796
866
929
984
1025
1069
1097
1126
1146
1157
1162
1156
1145
1126
1104
1072
1034
990
950
902
861
815
771
726
679
633
588
546
505
467
430
398
367
338
309
284
261
237
209
190
167
149
130
111
91
71
54
32
13
-10
-30
-55
-66
-83
-95
-102
-107
-101
-94
-80
-61
-35
-4
32
72
123
171
221
277
330
381
436
486
530
574
612
649
670
697
719
731
742
752
757
759
760
753
751
736
725
710
693
672
654
632
609
589
571
557
534
521
507
484
459
437
403
367
333
290
244
196
150
101
54
12
-35
-73
-107
-142
-170
-198
-227
-255
-277
-298
-321
-343
-369
-389
-418
-441
-462
-482
-497
-518
-528
-540
-548
-555
-562
-567
-566
-564
-567
-561
-559
-552
-542
-530
-516
-499
-480
-460
-441
-416
-389
-357
-323
-285
-246
-210
-168
-128
-81
-32
13
61
106
150
192
233
269
299
324
345
355
360
354
338
320
287
252
208
163
110
59
-2
-63
-119
-179
-236
-297
-357
-418
-477
-545
-607
-677
-754
-835
-926
-1019
-1117
-1219
-1328
-1429
-1534
-1631
-1714
-1784
-1841
-1884
-1901
-1907
-1888
-1850
-1794
-1726
-1646
-1559
-1470
-1380
-1290
-1202
-1135
-1066
-1008
-966
-924
-886
-859
-842
-822
-810
-798
-789
-776
-769
-760
-748
-734
-729
-715
-699
-693
-685
-678
-667
-663
-653
-642
-635
-627
-615
-600
-586
-562
-541
-508
-476
-433
-380
-323
-254
-183
-94
-8
92
198
310
422
539
658
779
903
1021
1139
1248
1357
1459
1555
1649
1735
1809
1882
1950
2004
2054
2100
2142
2166
2192
2209
2222
2227
2225
2218
2198
2176
2149
2115
2072
2026
1970
1903
1832
1755
1668
1574
1475
1373
1268
1161
1050
939
827
719
610
505
406
314
233
149
70
-2
-68
-129
-189
-246
-300
-352
-407
-462
-516
-569
-624
-684
-735
-793
-853
-917
-975
-1032
-1090
-1145
-1204
-1251
-1305
-1347
-1398
-1440
-1481
-1514
-1543
-1577
-1599
-1622
-1632
-1646
-1651
-1650
-1645
-1639
-1636
-1626
-1617
-1605
-1593
-1576
-1561
-1542
-1527
-1512
-1496
-1474
-1457
-1439
-1416
-1395
-1363
-1340
-1307
-1276
-1244
-1206
-1164
-1121
-1079
-1029
-983
-932
-881
-826
-772
-711
-660
-604
-550
-501
-451
-404
-354
-311
-262
-225
-181
-140
-98
-61
-23
18
59
102
143
188
230
286
327
379
428
485
543
596
661
716
779
837
901
963
1029
1091
1152
1214
1266
1324
1374
1428
1467
1512
1549
1580
1606
1630
1648
1660
1669
1668
1670
1659
1654
1638
1620
1597
1566
1534
1497
1463
1415
1375
1320
1269
1206
1141
1079
1012
944
872
803
718
649
575
502
435
371
304
242
188
133
88
46
14
-23
-52
-78
-98
-110
-121
-129
-136
-132
-135
-126
-112
-100
-87
-69
-55
-39
-14
9
29
51
76
100
122
142
163
184
212
235
259
287
309
338
365
391
423
450
475
500
519
537
548
557
564
568
567
555
545
530
508
478
448
414
380
339
289
240
190
130
67
10
-50
-112
-178
-241
-304
-360
-421
-477
-522
-559
-595
-634
-652
-674
-684
-689
-690
-680
-661
-644
-628
-604
-579
-542
-510
-470
-430
-379
-329
-278
-225
-173
-112
-57
2
61
120
175
233
289
334
377
416
452
485
511
536
557
573
587
592
594
589
573
550
530
498
462
420
369
315
253
187
114
45
-35
-113
-188
-262
-332
-405
-474
-543
-605
-667
-722
-776
-831
-871
-916
-957
-989
-1025
-1058
-1081
-1098
-1117
-1133
-1140
-1147
-1150
-1143
-1140
-1130
-1112
-1102
-1088
-1070
-1050
-1026
-996
-968
-934
-897
-860
-820
-780
-741
-697
-653
-610
-561
-511
-458
-413
-369
-328
-287
-247
-210
-173
-137
-101
-66
-35
-5
21
41
64
85
104
124
142
153
161
168
171
169
166
163
161
157
144
134
125
110
96
81
68
53
40
20
0
-17
-46
-71
-94
-118
-142
-167
-196
-226
-250
-279
-312
-343
-374
-406
-433
-464
-491
-520
-550
-575
-603
-629
-657
-680
-698
-715
-729
-736
-739
-740
-739
-735
-729
-714
-695
-678
-652
-621
-594
-563
-530
-501
-465
-430
-397
-358
-318
-283
-245
-205
-171
-134
-93
-58
-23
12
47
78
111
144
171
201
227
255
283
309
334
362
389
416
447
475
501
526
549
571
591
612
632
651
665
679
693
698
706
711
721
721
729
737
737
737
734
734
731
728
721
717
711
701
693
679
665
654
641
627
614
601
588
573
559
541
527
514
500
485
469
456
435
418
403
388
374
361
351
341
327
313
306
291
282
276
268
262
257
249
242
236
230
224
217
209
207
199
192
190
184
185
181
180
171
166
167
161
155
151
146
145
142
142
137
136
137
129
129
125
126
130
135
139
139
141
141
142
145
144
145
148
152
155
157
162
164
166
167
166
168
171
173
174
176
181
186
192
192
195
193
189
196
202
206
215
221
232
240
247
264
272
286
301
314
332
352
370
388
409
430
451
468
486
507
528
539
560
580
598
612
628
639
648
657
662
672
676
677
680
681
683
684
681
679
674
670
667
662
659
653
647
643
638
629
617
609
596
582
574
555
539
526
505
485
466
436
413
386
355
330
299
264
230
194
157
123
86
47
14
-29
-70
-106
-145
-182
-221
-256
-290
-327
-360
-392
-429
-460
-488
-515
-537
-569
-596
-620
-638
-660
-686
-700
-717
-733
-744
-759
-770
-779
-787
-795
-803
-809
-807
-810
-815
-811
-811
-811
-806
-803
-800
-788
-785
-780
-768
-758
-749
-741
-732
-722
-709
-698
-692
-681
-666
-658
-651
-643
-637
-623
-615
-612
-604
-596
-587
-577
-569
-564
-555
-551
-542
-534
-529
-518
-508
-502
-489
-477
-469
-455
-447
-439
-426
-416
-409
-393
-374
-364
-351
-339
-331
-319
-309
-305
-296
-286
-280
-269
-266
-260
-252
-245
-243
-239
-238
-237
-230
-227
-228
-228
-226
-223
-224
-220
-218
-220
-217
-215
-213
-209
-209
-202
-196
-194
-188
-187
-182
-177
-173
-169
-163
-157
-150
-140
-137
-128
-119
-115
-107
-97
-91
-83
-71
-61
-55
-41
-33
-27
-12
0
9
20
30
41
52
61
72
88
100
112
122
132
137
149
164
167
177
185
193
200
207
211
217
222
222
225
228
228
231
233
232
234
235
230
226
226
224
224
223
217
216
218
213
211
211
207
209
206
205
203
203
204
202
203
204
203
208
206
202
205
202
202
202
207
206
206
204
202
202
202
201
197
196
195
193
191
188
188
184
177
172
165
157
152
147
145
135
126
121
110
99
94
87
73
64
54
43
29
22
14
4
-5
-18
-29
-39
-47
-57
-64
-75
-81
-89
-99
-107
-111
-117
-125
-132
-133
-132
-136
-140
-145
-142
-144
-143
-148
-145
-138
-136
-136
-133
-130
-126
-118
-112
-106
-102
-94
-95
-89
-77
-74
-70
-65
-52
-46
-41
-34
-31
-24
-21
-17
-15
-8
-2
6
8
7
13
17
19
19
22
22
27
26
27
32
34
37
38
40
36
35
36
32
33
34
33
33
34
36
39
36
33
31
33
34
33
35
35
33
33
33
30
34
33
31
35
37
32
33
36
34
37
43
40
39
46
45
41
47
51
50
54
53
51
59
59
58
63
63
67
72
73
72
75
81
80
81
82
84
89
87
86
88
86
90
90
89
87
89
85
80
81
77
70
70
66
61
56
53
49
44
41
38
30
25
20
15
15
8
2
-1
-3
-8
-11
-12
-18
-19
-22
-27
-25
-23
-29
-28
-25
-29
-29
-29
-26
-29
-31
-29
-29
-25
-27
-25
-23
-23
-17
-18
-15
-16
-15
-16
-13
-9
-6
-3
-1
-1
-2
1
5
1
7
6
8
11
12
9
9
8
10
11
10
14
10
8
10
7
4
9
6
4
5
1
-4
-3
-4
-9
-8
-9
-9
-12
-12
-16
-16
-21
-22
-17
-23
-19
-21
-22
-25
-24
-27
-28
-20
-25
-21
-22
-25
-22
-22
-27
-23
-26
-23
-19
-24
-19
-26
-21
-22
-22
-21
-23
-18
-19
-21
-22
-19
-18
-16
-18
-16
-22
-22
-23
-25
-22
-22
-20
-23
-22
-25
-28
-24
-26
-25
-25
-27
-30
-30
-31
-34
-35
-35
-38
-39
-38
-39
-43
-44
-47
-50
-53
-54
-60
-62
-60
-63
-62
-69
-67
-68
-73
-70
-72
-75
-73
-71
-75
-77
-73
-73
-76
-72
-72
-71
-68
-68
-65
-62
-59
-61
-60
-55
-56
-54
-48
-47
-45
-41
-44
-44
-39
-42
-37
-33
-30
-31
-31
-29
-28
-24
-23
-23
-17
-14
-15
-12
-14
-15
-16
-14
-13
-10
-8
-12
-13
-13
-14
-11
-10
-8
-8
-7
-9
-8
-7
-7
-2
-2
3
3
3
2
7
11
11
15
21
22
24
29
32
36
39
41
47
53
59
61
67
69
74
78
82
87
93
104
105
107
113
118
122
126
129
133
139
141
145
146
145
147
151
155
153
151
151
154
158
157
155
156
154
153
155
152
150
149
146
143
145
141
139
132
128
130
123
117
118
116
108
101
95
93
88
85
84
79
65
56
51
47
48
45
36
29
23
16
13
10
5
-1
-4
-8
-12
-13
-18
-23
-23
-22
-28
-30
-29
-30
-32
-38
-37
-34
-33
-34
-36
-35
-33
-32
-33
-37
-34
-33
-34
-34
-30
-31
-31
-30
-33
-29
-26
-25
-24
-24
-26
-24
-19
-17
-19
-13
-14
-12
-11
-13
-12
-13
-12
-10
-6
-6
-5
-4
-8
-8
-5
-6
-4
-1
-4
-7
-8
-10
-11
-9
-11
-17
-15
-17
-19
-19
-20
-22
-21
-23
-27
-31
-34
-34
-37
-35
-36
-37
-40
-46
-46
-48
-50
-53
-52
-53
-54
-55
-54
-59
-61
-62
-63
-63
-65
-66
-69
-71
-73
-73
-75
-75
-76
-77
-76
-78
-78
-81
-83
-80
-80
-81
-81
-80
-83
-86
-88
-90
-91
-92
-90
-91
-94
-98
-99
-99
-97
-101
-101
-101
-107
-107
-110
-116
-116
-118
-120
-121
-127
-128
-131
-134
-136
-137
-140
-141
-144
-145
-149
-147
-149
-152
-147
-149
-153
-154
-157
-155
-153
-153
-153
-155
-153
-149
-149
-145
-141
-143
-142
-141
-137
-130
-129
-126
-123
-123
-124
-120
-117
-112
-107
-108
-106
-103
-96
-89
-86
-87
-84
-78
-72
-66
-66
-62
-60
-60
-53
-46
-43
-37
-35
-30
-25
-19
-15
-11
-4
-1
5
12
19
24
30
33
36
42
49
55
60
70
78
82
96
105
110
121
128
136
147
159
164
172
181
191
198
207
214
221
228
233
242
245
254
261
267
271
278
281
281
284
280
279
278
272
271
272
272
266
262
256
252
246
238
235
224
214
207
199
187
185
173
161
149
132
122
113
99
87
75
62
47
36
23
10
-1
-15
-24
-42
-53
-63
-72
-82
-97
-104
-116
-119
-129
-135
-137
-142
-149
-150
-152
-156
-159
-160
-159
-157
-159
-158
-149
-149
-145
-141
-139
-132
-127
-121
-118
-109
-103
-99
-94
-90
-80
-73
-70
-67
-60
-57
-53
-48
-49
-44
-44
-42
-42
-42
-44
-45
-48
-49
-51
-56
-60
-62
-66
-72
-78
-85
-90
-97
-105
-110
-116
-122
-131
-138
-144
-149
-149
-154
-157
-158
-164
-167
-169
-167
-165
-168
-162
-161
-160
-151
-143
-132
-123
-114
-109
-99
-89
-79
-66
-56
-47
-30
-20
-5
5
18
30
36
47
57
67
77
82
90
98
102
111
110
115
120
120
123
121
115
112
109
103
100
98
88
85
76
63
53
39
30
20
9
-4
-14
-26
-35
-50
-60
-72
-80
-94
-102
-105
-116
-119
-127
-132
-132
-134
-135
-137
-137
-133
-127
-118
-110
-101
-90
-78
-66
-52
-37
-17
0
20
45
68
90
114
143
170
195
223
251
278
312
338
367
398
426
452
480
508
532
559
577
599
622
646
664
682
698
712
725
734
741
746
750
755
759
758
761
759
752
745
740
727
720
703
690
679
661
646
635
621
605
591
569
550
535
509
488
471
447
426
407
388
365
349
323
301
282
255
234
210
188
164
146
126
109
88
73
59
39
21
1
-18
-32
-48
-65
-76
-87
-99
-106
-121
-134
-144
-155
-165
-172
-181
-188
-196
-205
-212
-219
-224
-232
-239
-250
-254
-257
-261
-264
-268
-270
-276
-277
-277
-284
-284
-285
-284
-280
-280
-284
-279
-275
-273
-272
-270
-268
-263
-259
-258
-250
-243
-238
-229
-224
-216
-211
-204
-197
-193
-186
-178
-168
-158
-151
-138
-128
-119
-113
-105
-97
-86
-77
-69
-60
-52
-45
-39
-33
-27
-19
-15
-3
-1
-1
2
5
5
6
6
7
11
7
5
6
5
0
-9
-17
-20
-25
-31
-41
-48
-59
-66
-72
-86
-92
-103
-117
-126
-136
-141
-152
-159
-169
-183
-189
-198
-205
-215
-222
-229
-229
-238
-242
-247
-252
-254
-261
-262
-259
-258
-258
-258
-260
-259
-257
-256
-252
-249
-242
-240
-239
-234
-229
-221
-222
-213
-201
-198
-190
-186
-180
-175
-169
-163
-156
-149
-140
-132
-127
-120
-111
-106
-101
-93
-91
-86
-77
-73
-68
-63
-57
-55
-49
-51
-49
-40
-40
-37
-33
-30
-30
-32
-27
-23
-25
-25
-26
-23
-27
-26
-25
-24
-24
-28
-28
-32
-36
-36
-41
-40
-38
-40
-40
-41
-49
-50
-45
-46
-51
-54
-49
-44
-48
-47
-42
-39
-40
-43
-44
-45
-43
-42
-39
-35
-33
-31
-34
-33
-26
-23
-22
-19
-21
-21
-15
-14
-17
-13
-8
-8
-4
-2
5
9
9
11
18
22
23
28
30
34
37
41
41
43
49
54
54
54
55
59
61
60
63
64
67
67
69
69
71
72
71
78
77
80
79
80
76
73
75
71
75
73
76
78
75
74
75
77
75
75
73
74
72
66
66
68
69
68
64
64
61
57
54
55
55
58
55
53
55
51
47
45
45
48
47
46
44
43
46
41
39
35
40
39
38
41
41
44
41
43
43
42
39
35
36
38
39
39
40
38
40
39
39
40
36
33
32
30
30
31
34
36
34
29
27
26
23
22
23
25
22
24
24
18
17
13
14
13
15
12
10
8
10
11
9
12
5
9
6
0
1
-3
-4
-5
-2
-2
-2
-6
-7
-7
-10
-7
-7
-4
-5
-7
-5
-7
-5
-12
-12
-7
-10
-12
-13
-10
-12
-11
-14
-10
-6
-7
-6
-6
-5
-7
-9
-11
-11
-12
-22
-20
-19
-22
-21
-20
-19
-19
-18
-21
-19
-19
-23
-20
-22
-19
-20
-23
-29
-28
-26
-31
-31
-27
-23
-27
-22
-19
-19
-18
-19
-16
-15
-16
-17
-22
-21
-24
-23
-18
-21
-18
-18
-18
-21
-18
-20
-14
-7
-7
-8
-6
-5
-9
-5
-4
-2
-5
-10
-4
-5
-2
-7
-7
-6
-7
-6
-2
-1
-4
-3
-2
-1
0
-4
-4
-3
-5
-5
-6
-6
-10
-7
-5
-6
-1
-6
-6
-7
-12
-10
-5
-1
0
-2
-3
-7
-5
-7
-10
-10
-11
-11
-11
-9
-5
-6
-4
-6
-6
-1
-1
2
0
-4
-3
-2
-4
-6
0
1
-4
-5
-5
-1
2
4
4
7
5
8
12
7
8
8
10
10
6
9
7
5
-1
3
8
6
13
14
17
15
17
14
15
16
16
13
9
7
8
9
8
8
8
9
7
10
11
13
10
11
12
10
13
13
8
7
7
1
-1
4
6
6
7
6
5
12
6
7
12
11
17
10
9
10
12
11
10
9
4
4
1
3
9
7
11
13
11
13
16
15
11
13
12
10
8
10
13
10
8
6
9
9
9
11
9
10
10
11
14
12
11
13
13
10
8
8
8
5
1
7
1
-3
4
4
7
9
10
4
9
8
8
10
5
9
5
5
3
0
0
2
4
2
4
3
3
4
9
10
8
5
4
2
2
4
1
-2
-2
-1
-2
-2
-2
-2
-4
-1
-1
1
4
1
1
1
0
-3
-3
0
-1
0
0
-3
-6
-7
-7
-3
-4
-5
0
2
1
3
3
0
-3
-3
-3
-1
-5
-3
-5
-7
-1
-3
0
1
-2
-2
1
1
-3
1
-1
-2
4
2
-2
-5
-8
-9
-9
-7
-7
-6
-7
-6
-5
-5
-7
-6
-8
-13
-2
-5
-10
-5
-13
-15
-16
-13
-18
-13
-10
-12
-10
-15
-6
-7
-6
-7
-10
-13
-13
-10
-12
-10
-13
-11
-12
-13
-12
-11
-9
-14
-12
-11
-8
-7
-7
-7
-12
-10
-13
-11
-10
-13
-8
-11
-11
-11
-12
-10
-11
-11
-11
-9
-10
-5
-3
-8
-7
-5
-6
-7
-10
-11
-11
-9
-8
-7
-7
-3
-7
-5
-2
-3
-2
-4
-4
-2
-1
0
0
-2
-3
-4
-6
-2
-3
-2
0
-3
0
-2
-1
2
-2
1
2
-2
0
1
1
4
0
1
-1
-3
4
1
2
1
-3
0
8
6
11
10
2
5
6
2
0
1
-1
3
1
4
2
0
1
0
1
-2
3
-1
4
5
5
3
0
1
