-1
0
-2
-1
-2
-4
-1
1
-1
0
1
0
-1
0
5
2
2
1
2
3
1
3
3
7
3
2
7
2
5
5
6
5
1
3
4
1
2
6
4
4
6
8
5
6
4
6
4
4
5
5
5
5
3
3
5
3
5
5
3
5
3
5
4
3
2
2
0
-1
0
1
2
-3
1
-1
-1
2
3
2
-1
1
1
2
1
2
2
1
2
1
0
2
3
1
1
2
1
2
1
3
3
2
2
0
3
4
4
5
2
4
4
3
2
3
2
3
2
-1
1
1
3
2
1
1
0
1
1
-1
2
3
2
5
2
2
1
1
0
0
2
3
2
3
3
0
1
1
3
4
5
4
5
4
4
1
3
4
3
3
4
4
4
3
4
2
0
-1
0
1
-1
1
0
-2
-1
1
-1
-1
1
1
-2
-3
0
0
1
-1
1
0
-2
-1
2
1
-4
-2
0
0
-2
1
-1
-2
-2
-5
-4
0
-2
-3
-3
-3
-1
0
4
-1
0
1
-3
-1
-1
2
1
-2
-1
-1
-2
-4
-3
-4
-2
-1
-2
1
-1
-4
-1
-1
0
1
1
-1
-1
-1
-1
2
2
1
2
-1
0
1
2
1
0
-3
-3
-2
-1
-1
-5
-1
-2
-5
-5
-7
-2
-2
-2
-3
-4
1
-1
-2
-2
-5
-3
-3
-3
-3
-1
-4
-5
-1
-4
-3
-2
-1
1
-1
-5
-6
-2
-2
-4
-4
-4
-2
0
-2
-3
-3
-1
-1
-2
-1
-3
-2
-3
-3
-3
0
-2
-1
1
0
-3
-1
3
-2
1
4
3
1
2
1
4
5
5
4
2
7
3
5
3
3
8
1
0
2
0
0
1
0
1
3
1
2
2
4
4
5
4
6
6
1
4
5
4
2
2
4
3
1
-2
0
-1
-2
-1
-2
-4
-3
-3
-1
-3
1
-1
-1
0
1
3
1
1
-2
1
0
0
0
0
0
-3
1
-1
1
1
1
-3
-1
-4
-7
-4
-6
-4
1
-1
0
-2
-4
-3
-4
0
3
-1
-5
2
-2
-1
-1
-3
-4
-5
-3
-1
-3
-5
-1
-5
-3
-3
-2
-5
2
-2
-3
3
-2
3
2
2
1
0
1
0
0
0
0
0
-1
2
3
2
3
0
-2
2
2
1
5
2
1
1
0
2
3
1
0
1
0
2
0
-2
0
-2
-3
-1
-2
-4
-2
-2
-3
0
-4
-2
3
2
-1
0
-1
2
2
1
3
-1
1
2
-1
-2
0
0
-2
0
1
0
-1
-2
-1
-5
0
2
-5
-3
-3
1
2
-1
-1
-1
0
-2
-1
2
2
2
1
-1
0
4
3
2
3
1
3
3
2
-1
-1
-2
-1
-1
-3
-3
-2
2
1
1
0
0
-2
-1
3
-2
-5
-2
-2
-2
-2
0
-1
-1
-1
-4
-2
-2
0
-4
-2
0
-3
-5
1
2
0
-1
-2
0
-1
2
2
1
2
4
3
1
1
0
1
3
-2
-1
-1
-1
1
-1
-3
-3
-3
0
-3
-2
0
-2
0
0
0
1
0
-1
-1
1
1
2
2
-1
0
0
2
-2
-1
-1
-7
-2
-3
-2
0
0
0
0
-1
-1
3
1
3
3
0
3
-1
3
4
0
1
2
1
1
4
2
3
5
1
1
1
0
1
2
0
2
2
0
2
2
1
3
1
1
1
2
2
3
2
1
2
3
2
3
2
-2
-2
-1
0
-1
-2
-2
-2
-1
1
3
0
1
-1
-3
-1
-1
-3
-2
-1
-2
0
-3
0
2
-1
-2
-3
-5
-5
-7
-5
-4
-3
-4
-5
-2
-4
-7
-6
-5
-6
-3
-4
-6
-8
-5
-2
-2
-7
-4
-4
-4
-5
-5
-3
-5
-1
-4
-4
-5
-6
-2
-8
-4
-5
-8
-5
-6
-5
-1
-2
-1
-3
-3
-4
-5
-4
-3
-3
-2
-4
-6
-4
-2
-4
-3
-2
-3
-3
-2
-4
-3
-2
-3
0
-3
-4
-3
-3
-2
-1
-2
-2
-3
-4
-5
-5
1
-2
-1
-2
-1
-2
-3
-1
-1
-1
-3
3
3
-4
-1
3
1
0
-2
0
-1
0
1
-4
-1
-1
-2
0
2
-5
-3
-1
-1
-2
3
2
-2
-1
1
2
1
0
2
4
4
4
3
5
3
2
4
3
0
3
3
5
2
4
3
0
3
2
1
-2
-2
0
-1
-3
-1
-1
-3
-4
-4
-4
0
-2
-8
-3
0
-1
-1
2
3
3
3
1
4
2
0
-1
3
1
-2
0
-3
1
0
-3
-3
-3
-2
-2
-1
0
-1
-1
-1
2
1
1
1
-2
3
3
2
1
-1
1
1
-3
2
4
2
2
1
2
1
4
2
4
3
0
-1
-2
-1
0
1
-1
0
2
-2
-1
-1
0
0
-2
-1
-3
1
2
1
-3
-2
0
-1
-3
0
0
3
2
0
1
1
3
2
0
3
2
3
2
0
3
4
6
4
4
5
3
0
1
4
3
5
2
2
2
4
5
3
5
4
3
5
5
5
4
3
4
4
3
3
3
2
2
4
7
4
4
8
8
8
6
4
9
5
5
5
5
12
6
6
5
4
4
4
5
2
5
3
3
4
2
1
0
-1
-1
2
0
-4
1
3
0
0
1
-2
1
0
-4
-2
2
-1
-2
-2
-1
2
1
0
-3
-1
-5
-4
-2
-5
-5
-5
-4
-7
-6
-10
-7
-2
-6
-7
-12
-9
-7
-8
-9
-9
-8
-9
-11
-10
-9
-10
-10
-10
-9
-10
-8
-6
-8
-10
-8
-11
-7
-8
-10
-5
-9
-7
-4
-6
-6
-4
-4
-1
-1
-3
-1
-2
0
0
2
-1
0
3
5
8
6
7
3
2
7
14
12
10
9
13
15
13
13
12
15
15
14
13
15
18
18
17
13
12
12
15
15
13
8
10
9
10
9
9
11
9
6
5
6
8
8
1
-2
-2
2
3
2
1
2
4
2
2
4
8
5
3
1
4
8
10
8
4
8
12
18
13
9
10
13
17
11
6
6
11
12
8
4
4
4
-1
-5
-13
-11
-12
-16
-28
-40
-36
-30
-34
-56
-68
-60
-50
-65
-91
-96
-73
-69
-97
-132
-125
-83
-88
-137
-157
-117
-87
-111
-153
-163
-121
-82
-104
-129
-119
-96
-84
-80
-57
-49
-41
-36
-28
1
35
57
57
67
86
111
144
171
176
176
204
232
237
244
273
314
309
265
240
298
380
360
259
197
257
336
316
229
173
194
209
161
100
101
135
93
-12
-78
-49
-2
-27
-121
-197
-206
-185
-192
-226
-248
-258
-289
-337
-345
-308
-267
-278
-346
-391
-359
-286
-247
-261
-289
-290
-264
-223
-181
-150
-127
-127
-137
-121
-67
2
42
42
8
3
52
127
165
148
123
113
128
148
166
179
174
135
79
61
83
109
100
39
-46
-103
-89
-39
-56
-174
-288
-285
-205
-222
-369
-469
-392
-284
-361
-545
-589
-429
-304
-397
-552
-532
-361
-271
-336
-377
-274
-125
-82
-126
-100
70
257
315
256
240
402
656
761
683
657
844
1044
981
832
1024
1462
1498
937
536
1046
1904
1852
845
233
847
1712
1527
583
243
814
1143
549
-111
144
796
636
-313
-855
-382
264
74
-713
-1124
-860
-568
-746
-1086
-1095
-895
-968
-1352
-1560
-1271
-829
-827
-1292
-1638
-1423
-924
-723
-924
-1130
-1026
-798
-747
-780
-601
-269
-185
-449
-641
-372
151
395
183
-113
-87
214
455
488
445
439
410
318
277
421
657
690
403
57
2
254
472
382
74
-184
-263
-249
-206
-117
-124
-398
-812
-967
-680
-331
-405
-860
-1166
-1032
-745
-663
-758
-781
-735
-774
-845
-710
-330
-70
-207
-489
-419
83
528
527
280
278
654
1013
1062
1017
1183
1413
1378
1251
1500
2034
2113
1513
1066
1588
2513
2487
1433
780
1417
2313
2077
1042
641
1243
1623
977
191
349
994
848
-129
-717
-304
277
23
-798
-1220
-958
-681
-906
-1307
-1384
-1210
-1260
-1586
-1783
-1588
-1255
-1251
-1623
-1908
-1719
-1271
-1073
-1266
-1477
-1365
-1058
-905
-951
-885
-601
-417
-528
-650
-429
21
259
126
-70
20
335
571
595
528
526
576
612
635
681
752
773
676
481
341
406
580
538
196
-114
-109
69
51
-268
-566
-548
-428
-618
-944
-921
-680
-718
-1053
-1232
-1049
-759
-728
-947
-1005
-753
-524
-501
-405
-119
42
2
63
384
768
972
980
1018
1279
1587
1712
1849
2210
2336
1830
1493
2248
3350
3206
1869
1147
2016
3187
2922
1588
1119
1921
2245
1274
492
982
1611
1055
-178
-722
-188
468
141
-931
-1511
-1226
-955
-1236
-1618
-1680
-1592
-1700
-2108
-2406
-2099
-1523
-1548
-2188
-2546
-2219
-1639
-1371
-1533
-1794
-1731
-1388
-1208
-1183
-924
-506
-431
-692
-755
-380
187
507
382
101
139
493
766
872
953
943
769
630
709
939
1125
1024
607
304
387
498
305
75
39
-45
-401
-829
-934
-675
-549
-996
-1668
-1812
-1432
-1216
-1450
-1767
-1833
-1730
-1605
-1496
-1347
-1159
-1083
-1088
-930
-529
-136
87
268
443
597
879
1376
1833
1974
1947
2126
2680
3084
2663
2007
2550
4016
4246
2655
1414
2234
3849
3894
2233
1065
1700
2549
1825
581
634
1336
943
-359
-1090
-756
-164
-359
-1418
-2273
-2145
-1700
-1852
-2371
-2622
-2569
-2538
-2749
-3034
-2916
-2368
-2183
-2704
-3120
-2756
-1990
-1583
-1764
-2103
-1998
-1434
-1052
-1022
-861
-460
-266
-396
-382
18
550
834
719
476
522
887
1231
1319
1232
1095
1004
1050
1205
1245
1102
973
856
577
238
207
424
503
209
-476
-1071
-935
-298
-261
-1079
-1690
-1563
-1261
-1253
-1380
-1455
-1482
-1492
-1594
-1556
-1049
-531
-633
-968
-738
-140
285
543
694
749
956
1429
1861
2186
2489
2585
2635
2864
2886
2535
2826
4072
4523
3174
1714
2171
3833
4274
2835
1418
1736
2651
2173
929
824
1623
1329
-178
-1084
-647
142
9
-1093
-2159
-2287
-1748
-1608
-2032
-2462
-2615
-2687
-2894
-3031
-2839
-2317
-2120
-2707
-3328
-3107
-2236
-1673
-1750
-2075
-2203
-1855
-1338
-1077
-930
-592
-348
-552
-675
-174
595
935
738
443
444
821
1278
1481
1382
1235
1130
1033
1131
1339
1444
1389
1118
417
-244
268
1306
1166
-178
-1240
-1050
-152
326
-530
-1712
-1586
-957
-1156
-1627
-1348
-993
-1300
-1701
-1804
-1263
-355
-214
-864
-1087
-332
381
593
721
856
1081
1479
1873
2061
2300
2830
3300
3184
2546
2279
3233
4745
4817
3064
1677
2544
4373
4441
2791
1799
2388
2770
1786
894
1286
1985
1389
-310
-1324
-796
160
-41
-1330
-2318
-2407
-2151
-2139
-2384
-2593
-2689
-2926
-3408
-3695
-3239
-2443
-2302
-3033
-3719
-3458
-2583
-1943
-1908
-2212
-2287
-2031
-1686
-1338
-883
-409
-372
-696
-749
-220
611
1033
852
513
485
866
1244
1445
1493
1388
1154
852
931
1230
1359
1374
987
-2
-739
109
1383
919
-768
-1849
-1413
-274
49
-1137
-2288
-1793
-1197
-1746
-2138
-1519
-1086
-1598
-2178
-2238
-1415
-299
-301
-1194
-1362
-291
608
700
667
826
1237
1706
2024
2196
2509
3206
3610
3138
2349
2531
4043
5221
4486
2543
1787
3215
4662
4035
2335
1906
2656
2507
1305
786
1499
1934
829
-884
-1452
-617
155
-471
-1870
-2582
-2439
-2248
-2405
-2585
-2666
-2856
-3202
-3703
-3831
-3141
-2354
-2569
-3558
-3922
-3291
-2452
-2055
-2219
-2477
-2408
-2067
-1812
-1510
-895
-468
-640
-1039
-839
-8
739
937
636
400
582
1120
1508
1576
1707
1620
1268
1137
1405
1664
1788
1780
737
-364
329
1635
1354
-260
-1189
-1004
-196
165
-1105
-2160
-1452
-852
-1855
-2545
-1690
-1202
-1599
-2143
-2422
-1817
-734
-528
-1345
-1349
-375
137
280
565
911
1187
1630
1993
2092
2550
3346
3869
3545
2816
2728
3805
5320
5267
3491
2211
3080
4719
4589
3112
2311
2741
2893
1882
1051
1424
2106
1430
-304
-1274
-811
72
-153
-1368
-2324
-2489
-2292
-2359
-2566
-2734
-2871
-3116
-3624
-3913
-3510
-2740
-2633
-3399
-3998
-3682
-2830
-2318
-2361
-2580
-2589
-2329
-2054
-1733
-1191
-642
-611
-1012
-988
-262
605
963
778
538
628
1095
1551
1771
1882
1885
1677
1413
1537
2045
2214
1620
853
700
1146
1365
816
-60
-419
-102
-88
-806
-1360
-1242
-1095
-1556
-2106
-2177
-1925
-1681
-1928
-2394
-2301
-1717
-1417
-1518
-1321
-944
-745
-431
-28
341
783
1280
1525
1565
1984
2634
3135
3559
3756
3448
2854
3109
4584
5583
4696
2894
2419
3732
4849
4247
2682
2128
2788
2670
1457
922
1625
1863
556
-907
-1270
-632
-86
-694
-1941
-2693
-2574
-2346
-2574
-2776
-2853
-3024
-3424
-3888
-3821
-3215
-2618
-2835
-3748
-4051
-3335
-2475
-2307
-2551
-2601
-2520
-2318
-1944
-1513
-1033
-696
-846
-1187
-914
52
765
775
531
386
648
1165
1540
1748
1744
1665
1449
1273
1499
1974
2230
1343
191
375
1306
1571
537
-681
-939
-235
170
-974
-1949
-1449
-927
-1650
-2637
-2413
-1738
-1523
-2052
-2794
-2450
-1407
-937
-1440
-1666
-941
-274
-5
125
524
1093
1541
1833
1796
2140
3093
3857
3875
3442
3141
3089
4059
5536
5376
3543
2422
3379
4649
4530
3388
2466
2567
2691
1909
1075
1391
2031
1135
-638
-1368
-783
-200
-548
-1495
-2442
-2791
-2557
-2472
-2723
-2920
-2986
-3348
-3894
-3994
-3520
-2882
-2778
-3460
-4123
-3866
-2976
-2452
-2545
-2725
-2706
-2520
-2265
-1870
-1269
-779
-753
-1113
-1127
-358
620
1034
785
546
715
1162
1697
2012
2101
2064
1851
1646
1903
2390
2109
1402
1431
1737
1369
697
446
541
652
308
-774
-1419
-791
-318
-1121
-2010
-1987
-1788
-1875
-1903
-1982
-2009
-1738
-1695
-1866
-1505
-644
-393
-700
-437
216
813
1317
1621
1714
1877
2556
3171
3461
3930
4122
3661
3176
3881
5351
5608
4428
3151
3217
4343
4829
4030
2812
2670
3005
2363
1410
1343
1878
1474
135
-882
-1066
-571
-390
-1104
-2228
-2798
-2609
-2584
-2861
-3021
-3070
-3314
-3781
-4051
-3946
-3408
-2931
-3303
-4122
-4182
-3378
-2759
-2732
-2835
-2791
-2672
-2431
-2074
-1623
-1070
-823
-999
-1124
-663
229
787
843
661
671
994
1442
1880
1990
1998
1909
1631
1667
2020
2106
1473
1222
1698
1524
744
178
310
668
546
-316
-1457
-1293
-472
-681
-1623
-2105
-1859
-1848
-1902
-1904
-1989
-1699
-1582
-1727
-1724
-1068
-242
-342
-496
-96
649
1327
1567
1699
1781
2385
3200
3372
3484
3760
3804
3364
3558
4892
5316
4236
3046
3097
4134
4518
3813
2645
2339
2823
2473
1487
1113
1549
1380
165
-767
-893
-575
-567
-1205
-2135
-2698
-2569
-2520
-2849
-3069
-3145
-3419
-3817
-3945
-3806
-3515
-3269
-3518
-4129
-4144
-3444
-2954
-2975
-3067
-2956
-2803
-2585
-2233
-1830
-1363
-1143
-1244
-1262
-808
-53
410
529
468
498
760
1177
1673
1834
1767
1692
1488
1361
1652
2165
1849
990
752
958
1031
761
292
-247
-353
-174
-818
-1556
-1322
-944
-1495
-2328
-2309
-2007
-1865
-1849
-2201
-2301
-1751
-1287
-1453
-1505
-802
-284
-275
12
538
1072
1546
1838
1865
2069
2986
3685
3722
3688
3598
3446
3542
4555
5425
4644
3309
2845
3706
4517
4104
3057
2280
2470
2449
1597
1091
1386
1486
359
-874
-1110
-702
-435
-945
-1933
-2683
-2707
-2508
-2662
-2871
-2962
-3198
-3660
-3923
-3741
-3273
-2946
-3191
-3767
-4008
-3438
-2696
-2529
-2675
-2742
-2551
-2334
-2037
-1501
-1021
-766
-867
-1027
-646
170
845
938
720
714
935
1381
1830
2106
2173
1876
1572
1644
2085
2210
1623
1290
1430
1449
938
242
185
425
357
-461
-1440
-1407
-912
-1030
-1866
-2419
-2263
-2098
-2149
-2277
-2278
-2090
-1914
-1954
-1900
-1314
-653
-478
-563
-229
441
1131
1664
1766
1857
2306
3059
3564
3818
4160
3986
3622
3736
4613
5559
5155
3938
3095
3665
4712
4461
3453
2653
2669
2575
1801
1274
1306
1531
743
-628
-1263
-1044
-561
-911
-1840
-2659
-2878
-2695
-2836
-3015
-3140
-3284
-3644
-4065
-4031
-3621
-3103
-3187
-3789
-4059
-3666
-2967
-2646
-2633
-2696
-2623
-2389
-2136
-1696
-1097
-674
-754
-930
-656
49
781
1072
1012
891
1075
1488
1883
2239
2321
2149
1802
1838
2323
2404
1912
1388
1612
1858
1334
594
236
615
722
-45
-1071
-1369
-727
-753
-1567
-2192
-2185
-1908
-2089
-2270
-2344
-2144
-1826
-2007
-2136
-1723
-956
-688
-871
-605
-36
648
1218
1424
1480
1867
2588
2988
3272
3842
4157
3731
3299
3693
4773
5521
4883
3507
2942
3861
4758
4189
3102
2600
2754
2427
1561
1238
1418
1469
498
-839
-1317
-925
-459
-1085
-2180
-2817
-2925
-2762
-2929
-3117
-3257
-3434
-3776
-4281
-4144
-3522
-3092
-3397
-4098
-4186
-3643
-2987
-2771
-2861
-2813
-2692
-2526
-2271
-1750
-1099
-825
-1005
-1157
-774
65
766
934
778
735
1030
1453
1885
2190
2220
2086
1732
1597
2105
2593
2103
1027
1003
1678
1584
747
-55
-17
449
284
-1003
-1968
-1127
-464
-1429
-2592
-2520
-1908
-1887
-2120
-2455
-2387
-1702
-1554
-2055
-1923
-826
-270
-622
-554
110
854
1445
1648
1604
1954
2821
3321
3313
3717
4315
4070
3407
3627
4804
5529
4882
3611
3017
3791
4684
4230
3051
2553
2810
2454
1555
1235
1468
1459
517
-697
-1224
-889
-450
-1023
-2141
-2777
-2701
-2544
-2858
-3155
-3206
-3245
-3565
-4035
-4028
-3478
-2974
-3223
-3901
-4006
-3392
-2757
-2628
-2686
-2610
-2414
-2219
-1985
-1503
-940
-586
-729
-964
-607
226
936
982
799
803
1028
1558
1890
2012
2049
2038
1883
1512
1756
2243
2261
1614
660
672
1291
1469
591
-526
-548
-198
-232
-1024
-1765
-1530
-1350
-1872
-2689
-2604
-1913
-1914
-2363
-2779
-2469
-1649
-1357
-1677
-1773
-951
-210
-182
-142
376
1223
1770
1784
1708
2284
3317
3729
3434
3500
4306
4617
3935
3430
4242
5572
5376
3661
2476
3348
4797
4405
2740
1853
2343
2567
1627
745
780
1178
536
-959
-1760
-1350
-644
-1058
-2347
-3258
-3188
-2681
-2824
-3353
-3588
-3502
-3564
-4031
-4240
-3780
-3102
-3089
-3820
-4164
-3581
-2715
-2428
-2716
-2798
-2400
-1965
-1808
-1542
-994
-571
-519
-666
-483
220
991
1171
892
934
1300
1705
1970
2040
2143
2212
2075
1632
1655
2403
2469
1551
553
496
1276
1503
619
-779
-1068
-276
-224
-1142
-2006
-1929
-1673
-2174
-2776
-2784
-2207
-2090
-2751
-3198
-2745
-1712
-1390
-1910
-2017
-1276
-442
-179
-133
248
943
1634
1870
1757
2197
3198
3802
3657
3446
4055
4817
4628
3810
3684
4935
5788
4740
2971
2715
4229
4861
3488
1940
1899
2612
2204
1048
429
667
797
-226
-1523
-1837
-1154
-943
-1978
-3090
-3396
-3036
-2874
-3327
-3806
-3841
-3612
-3817
-4338
-4263
-3546
-3090
-3520
-4130
-3907
-3086
-2531
-2571
-2739
-2539
-2098
-1761
-1606
-1284
-683
-368
-491
-567
-129
638
1090
1092
912
1014
1433
1815
1983
1933
1997
2079
1847
1528
1770
2323
1934
884
363
687
1241
1015
-103
-1167
-961
-208
-592
-1645
-2102
-1876
-1846
-2236
-2572
-2539
-2178
-2207
-2711
-2795
-2034
-1299
-1424
-1786
-1567
-747
-29
218
260
511
1220
1821
2032
2172
2679
3356
3568
3586
3688
4142
4762
4719
3989
3439
4251
5519
5210
3493
2398
3232
4346
3872
2417
1672
2138
2322
1339
229
289
915
368
-1059
-1782
-1422
-1019
-1413
-2328
-3002
-2943
-2657
-2885
-3380
-3452
-3174
-3257
-3770
-3998
-3519
-2845
-2819
-3378
-3648
-3130
-2345
-2116
-2349
-2334
-1897
-1541
-1501
-1339
-793
-248
-203
-472
-327
338
899
973
835
874
1123
1434
1558
1593
1734
1788
1645
1389
1257
1392
1733
1602
549
-180
289
955
546
-629
-1407
-1278
-539
-622
-1874
-2537
-1899
-1574
-2455
-2911
-2345
-1918
-2097
-2563
-2626
-1968
-1026
-968
-1602
-1292
-262
266
248
510
1055
1441
1892
2151
2289
2779
3445
3689
3504
3683
4066
4340
4573
4423
3804
3538
4430
5115
4196
2773
2578
3521
3827
2931
1810
1533
1903
1598
572
-34
283
369
-618
-1644
-1840
-1492
-1468
-2024
-2719
-3099
-2939
-2821
-3131
-3418
-3328
-3157
-3358
-3664
-3591
-3117
-2645
-2691
-3090
-3094
-2492
-1937
-1875
-1923
-1667
-1342
-1215
-1111
-732
-179
63
-41
-125
170
736
1066
1058
944
1022
1202
1320
1460
1513
1546
1496
1221
920
961
1372
1361
659
-90
-213
237
385
-200
-1117
-1444
-1061
-898
-1383
-2015
-2077
-1896
-2066
-2401
-2370
-2004
-1911
-2159
-2356
-2032
-1348
-968
-1068
-1149
-674
-63
329
564
767
1129
1562
1972
2136
2360
2871
3163
3201
3281
3627
3846
3889
4082
3960
3450
3199
3826
4485
3905
2661
2063
2669
3334
2858
1702
1125
1465
1371
455
-135
79
230
-507
-1481
-1901
-1706
-1418
-1701
-2452
-2990
-2906
-2690
-2869
-3172
-3178
-3020
-3118
-3416
-3459
-2975
-2419
-2416
-2871
-2985
-2387
-1788
-1663
-1751
-1606
-1298
-1156
-1060
-845
-337
83
-19
-238
-95
473
883
916
830
764
899
1061
1206
1317
1345
1355
1217
988
796
1012
1467
1225
309
-304
6
636
613
-308
-1356
-1349
-536
-410
-1303
-1946
-1776
-1558
-1778
-2056
-1940
-1622
-1625
-2084
-2262
-1573
-780
-739
-1165
-1184
-556
159
514
487
539
1014
1539
1804
1958
2319
2769
2851
2771
3025
3576
3894
3666
3513
3675
3745
3558
3370
3740
4079
3551
2487
2045
2800
3299
2575
1468
1047
1286
1117
541
147
59
-52
-730
-1513
-1750
-1418
-1207
-1772
-2560
-2908
-2762
-2545
-2599
-2779
-2922
-2946
-2993
-3085
-2923
-2460
-2164
-2360
-2689
-2590
-2006
-1483
-1406
-1597
-1613
-1314
-1022
-797
-556
-343
-233
-312
-347
-97
410
786
664
403
389
654
1045
1203
1109
1009
986
982
1004
1160
1047
705
811
922
440
-112
50
510
283
-443
-1132
-1164
-484
-346
-1237
-2026
-1729
-1287
-1569
-1832
-1750
-1602
-1645
-1828
-1846
-1448
-781
-681
-1097
-1118
-491
195
406
402
479
876
1408
1731
1872
2014
2440
2723
2751
2872
3183
3581
3591
3545
3596
3537
3488
3400
3674
3951
3666
2825
2099
2546
3241
2904
1730
994
1277
1326
762
201
71
83
-456
-1209
-1613
-1381
-1055
-1479
-2299
-2713
-2504
-2246
-2322
-2514
-2674
-2743
-2754
-2769
-2706
-2399
-2071
-2161
-2534
-2578
-2049
-1532
-1444
-1606
-1650
-1428
-1171
-976
-832
-617
-410
-508
-644
-462
36
423
369
163
91
301
638
832
914
851
754
712
767
955
1026
919
778
725
633
311
147
377
537
121
-649
-1010
-718
-353
-634
-1411
-1808
-1605
-1396
-1532
-1746
-1813
-1798
-1785
-1819
-1742
-1401
-1020
-1006
-1183
-1002
-455
82
281
309
475
879
1386
1639
1798
2066
2358
2543
2586
2812
3174
3440
3484
3322
3322
3441
3455
3248
3154
3505
3573
2894
2016
1956
2604
2720
1970
1021
743
939
825
348
-74
-180
-442
-1056
-1507
-1447
-1145
-1263
-1903
-2514
-2564
-2188
-1980
-2211
-2549
-2623
-2548
-2515
-2510
-2323
-2034
-1992
-2224
-2415
-2150
-1628
-1349
-1453
-1695
-1639
-1346
-1053
-894
-827
-724
-707
-719
-619
-315
63
196
73
-86
11
353
664
738
656
597
594
705
874
957
811
638
633
579
480
391
345
233
9
-248
-558
-622
-549
-708
-1034
-1257
-1331
-1476
-1513
-1409
-1460
-1633
-1734
-1639
-1443
-1197
-1050
-1084
-995
-734
-412
-127
163
399
538
815
1162
1489
1729
1930
2137
2251
2446
2693
2882
2996
3016
3136
3239
3255
3166
2976
2941
2945
2997
2998
2758
2327
1847
1860
2150
2036
1412
772
729
832
564
78
-233
-251
-496
-981
-1305
-1254
-1075
-1299
-1766
-2080
-2087
-1950
-1956
-2039
-2162
-2224
-2222
-2257
-2222
-2067
-1864
-1850
-2028
-2096
-1881
-1532
-1398
-1525
-1596
-1444
-1251
-1143
-1014
-854
-751
-722
-698
-594
-329
-41
29
-56
-64
130
373
553
617
585
651
742
818
911
1016
1017
800
710
813
890
803
553
377
264
225
103
-138
-299
-454
-565
-757
-967
-1100
-1183
-1174
-1305
-1433
-1419
-1349
-1280
-1295
-1230
-1098
-924
-757
-665
-471
-224
-25
129
321
576
778
986
1171
1324
1530
1760
1939
2009
2056
2153
2330
2555
2710
2705
2613
2579
2591
2618
2609
2694
2822
2608
2089
1708
1897
2252
2118
1508
908
863
1007
801
342
74
100
-148
-673
-1005
-944
-781
-1034
-1552
-1939
-1926
-1717
-1780
-2021
-2232
-2294
-2347
-2427
-2384
-2308
-2184
-2178
-2384
-2553
-2386
-1957
-1801
-1960
-2063
-1948
-1701
-1507
-1392
-1297
-1128
-1004
-1008
-920
-584
-186
-87
-183
-153
104
460
698
801
778
827
1015
1131
1250
1427
1531
1324
1071
1178
1333
1339
1152
835
582
499
538
324
-4
-216
-454
-648
-808
-943
-1118
-1278
-1380
-1604
-1707
-1587
-1510
-1609
-1754
-1720
-1541
-1314
-1167
-1154
-1076
-855
-611
-413
-218
41
277
434
610
867
1217
1497
1627
1761
1918
2132
2373
2591
2835
2958
2975
2932
2967
3141
3128
3101
3292
3381
2966
2325
2304
2772
2913
2374
1544
1233
1423
1439
977
495
389
156
-422
-867
-904
-772
-924
-1450
-2063
-2347
-2169
-1998
-2185
-2529
-2777
-2861
-2867
-2817
-2711
-2617
-2573
-2729
-2952
-2806
-2301
-1924
-2005
-2214
-2150
-1842
-1427
-1167
-1098
-981
-777
-613
-502
-197
257
512
535
474
615
997
1373
1564
1541
1520
1583
1691
1811
1918
2054
2001
1661
1387
1466
1672
1582
1181
692
414
498
536
116
-453
-665
-692
-947
-1306
-1513
-1575
-1666
-1890
-2174
-2269
-2082
-1977
-2127
-2256
-2109
-1853
-1700
-1601
-1467
-1244
-971
-719
-532
-267
117
428
607
749
1051
1456
1813
2009
2049
2231
2493
2720
2929
3084
3256
3269
3229
3176
3219
3417
3299
3142
3179
3118
2672
2117
2214
2510
2395
1772
959
741
937
903
310
-290
-379
-587
-1022
-1363
-1455
-1455
-1715
-2111
-2536
-2649
-2383
-2341
-2637
-2931
-2943
-2841
-2818
-2708
-2584
-2503
-2404
-2425
-2458
-2201
-1734
-1464
-1565
-1633
-1421
-1081
-742
-575
-501
-339
-151
-14
106
406
695
733
703
722
882
1122
1338
1383
1240
1230
1314
1371
1422
1426
1403
1302
1127
855
729
939
965
545
77
-121
-127
-75
-175
-674
-1151
-1192
-1174
-1367
-1496
-1540
-1811
-2077
-2016
-1857
-1768
-1748
-1828
-1919
-1757
-1435
-1295
-1186
-1020
-891
-742
-464
-160
30
282
542
634
752
1033
1361
1532
1606
1720
1854
2102
2257
2253
2329
2518
2682
2660
2650
2654
2571
2632
2642
2493
2433
2539
2436
1900
1631
1853
2018
1755
1143
719
712
798
495
-49
-203
-160
-450
-949
-1199
-1110
-1034
-1230
-1672
-2007
-1905
-1672
-1753
-2041
-2157
-2071
-2026
-2042
-2043
-1983
-1808
-1730
-1900
-2005
-1746
-1384
-1346
-1515
-1526
-1354
-1114
-940
-912
-855
-686
-554
-528
-423
-154
43
116
154
206
338
565
785
858
851
913
1024
1131
1234
1311
1305
1239
1244
1207
1101
1151
1269
1110
662
430
533
554
378
65
-298
-485
-519
-644
-884
-996
-1099
-1424
-1629
-1508
-1407
-1503
-1687
-1842
-1831
-1597
-1377
-1414
-1497
-1399
-1272
-1130
-916
-692
-550
-479
-360
-210
29
328
518
596
665
914
1237
1448
1566
1623
1815
2066
2237
2383
2585
2776
2661
2559
2765
2934
2893
2908
3085
2879
2325
2139
2443
2713
2393
1700
1268
1304
1373
995
540
361
163
-272
-718
-839
-838
-1007
-1408
-1911
-2181
-2139
-2045
-2205
-2520
-2727
-2796
-2799
-2794
-2746
-2679
-2620
-2664
-2791
-2738
-2422
-2092
-2009
-2077
-2054
-1869
-1543
-1245
-1077
-967
-792
-591
-446
-209
136
439
577
598
695
929
1272
1538
1599
1578
1602
1745
1858
1908
1956
1943
1843
1662
1589
1541
1403
1300
1150
789
323
168
270
137
-343
-914
-1245
-1254
-1219
-1450
-1897
-2187
-2303
-2403
-2443
-2421
-2427
-2536
-2648
-2674
-2522
-2205
-1982
-1994
-2039
-1842
-1466
-1125
-878
-693
-519
-291
55
400
663
945
1209
1370
1535
1874
2264
2471
2563
2612
2753
3041
3290
3372
3387
3453
3359
3226
3348
3413
3258
3194
3253
2901
2231
2039
2357
2508
2004
1158
699
793
838
363
-176
-344
-513
-989
-1418
-1523
-1500
-1596
-1905
-2344
-2623
-2519
-2270
-2306
-2572
-2741
-2696
-2563
-2436
-2321
-2220
-2084
-2025
-2094
-1987
-1587
-1214
-1169
-1256
-1178
-944
-630
-403
-320
-222
-60
62
118
304
590
757
774
714
715
881
1143
1275
1174
1060
1049
1090
1119
1128
1098
1032
898
679
553
627
660
376
33
-16
-1
-202
-498
-628
-621
-687
-962
-1347
-1405
-1154
-1142
-1523
-1824
-1725
-1555
-1572
-1656
-1689
-1586
-1487
-1488
-1458
-1240
-971
-928
-980
-871
-577
-258
-116
-139
-101
128
420
620
745
857
952
1076
1251
1420
1577
1703
1785
1813
1892
2073
2221
2331
2419
2467
2482
2464
2499
2623
2693
2585
2425
2496
2561
2290
1926
1879
2144
2139
1668
1154
1041
1232
1108
633
250
135
16
-271
-527
-671
-767
-913
-1190
-1483
-1599
-1527
-1523
-1753
-2011
-2074
-2011
-1985
-2056
-2130
-2077
-1957
-1956
-2079
-2014
-1761
-1653
-1712
-1745
-1651
-1469
-1295
-1228
-1232
-1091
-860
-752
-685
-525
-316
-172
-101
-23
107
369
601
667
693
798
966
1107
1222
1303
1335
1367
1364
1361
1387
1421
1409
1269
1046
926
1016
1062
787
383
204
213
113
-193
-508
-664
-744
-951
-1277
-1469
-1484
-1580
-1837
-2020
-2026
-1998
-2065
-2170
-2236
-2193
-2031
-1923
-1899
-1824
-1619
-1435
-1340
-1188
-945
-634
-387
-265
-115
164
490
686
836
1074
1339
1616
1825
1945
2095
2343
2587
2683
2825
3075
3246
3279
3180
3175
3365
3556
3448
3140
3130
3228
3012
2563
2334
2469
2467
2016
1298
935
1048
973
416
-189
-410
-487
-753
-1189
-1567
-1676
-1693
-1936
-2382
-2610
-2501
-2418
-2581
-2871
-2980
-2839
-2653
-2625
-2695
-2561
-2328
-2245
-2267
-2137
-1784
-1514
-1421
-1425
-1292
-937
-621
-462
-416
-246
32
220
368
518
743
909
959
1001
1065
1278
1485
1523
1443
1418
1521
1559
1562
1514
1381
1294
1242
1148
976
875
824
648
439
224
39
8
19
-222
-685
-897
-799
-752
-944
-1287
-1531
-1531
-1372
-1440
-1719
-1797
-1687
-1694
-1851
-1838
-1667
-1587
-1660
-1759
-1648
-1353
-1119
-1130
-1171
-972
-710
-539
-426
-291
-119
60
255
357
463
708
943
1048
1050
1195
1461
1658
1736
1715
1798
1935
2032
2061
2100
2301
2434
2441
2291
2124
2255
2624
2755
2212
1739
2058
2514
2237
1447
1249
1672
1821
1266
529
539
939
767
-10
-491
-319
-230
-548
-1051
-1332
-1291
-1221
-1430
-1871
-1995
-1788
-1719
-1980
-2299
-2287
-2026
-1872
-2070
-2292
-2062
-1674
-1638
-1886
-1846
-1487
-1281
-1331
-1424
-1234
-897
-732
-804
-885
-649
-333
-198
-206
-180
19
218
323
297
340
602
786
789
734
852
1064
1170
1167
1084
1151
1323
1363
1267
1190
1263
1271
1176
1073
1004
988
850
634
518
531
407
4
-232
-172
-167
-505
-982
-1158
-1067
-1053
-1373
-1755
-1837
-1784
-1864
-2070
-2156
-2105
-2076
-2148
-2274
-2210
-1984
-1830
-1850
-1904
-1735
-1438
-1194
-1088
-1013
-803
-530
-278
-141
23
305
584
774
857
1097
1438
1643
1718
1784
2016
2260
2445
2500
2499
2663
2874
3069
3038
2761
2687
3092
3448
2875
2112
2334
3038
2885
1776
1234
1732
2176
1582
467
260
778
734
-162
-843
-714
-563
-865
-1449
-1828
-1766
-1599
-1737
-2265
-2579
-2377
-2111
-2255
-2684
-2763
-2420
-2144
-2307
-2555
-2289
-1794
-1676
-1948
-1963
-1530
-1155
-1093
-1202
-1123
-790
-438
-331
-404
-210
160
351
329
336
548
798
971
914
844
1055
1302
1367
1281
1330
1447
1436
1405
1318
1279
1319
1296
1094
840
860
891
747
520
301
232
152
-42
-359
-496
-369
-542
-1022
-1284
-1082
-906
-1158
-1516
-1686
-1536
-1354
-1489
-1781
-1876
-1689
-1584
-1696
-1788
-1694
-1517
-1522
-1631
-1598
-1349
-1101
-1118
-1216
-1149
-864
-584
-501
-492
-361
-65
89
113
268
521
702
754
847
951
1112
1321
1376
1400
1550
1807
1871
1808
1927
2082
2237
2343
2401
2413
2341
2388
2613
2889
2631
1974
2042
2771
2903
1940
1190
1622
2246
1936
890
472
940
1063
321
-397
-244
15
-392
-1073
-1422
-1290
-1117
-1291
-1807
-2187
-2069
-1827
-1898
-2262
-2439
-2198
-1937
-2060
-2392
-2265
-1717
-1473
-1765
-1974
-1603
-1123
-1020
-1183
-1167
-823
-501
-450
-557
-383
50
260
162
101
380
732
887
840
735
893
1202
1360
1275
1214
1378
1479
1443
1354
1347
1465
1479
1332
1096
1029
1127
1063
861
641
517
453
354
121
-257
-385
-263
-370
-855
-1293
-1243
-1045
-1156
-1592
-2021
-2032
-1762
-1715
-2082
-2367
-2225
-2057
-2146
-2236
-2053
-1825
-1851
-2003
-1946
-1566
-1201
-1151
-1256
-1130
-750
-422
-225
-113
38
318
594
719
815
1087
1332
1379
1393
1533
1790
1956
1959
1877
1905
2122
2246
2188
2098
2105
2158
2156
2177
2192
2205
2178
2014
1937
2119
2325
1976
1277
1282
1994
2158
1161
242
553
1319
1214
183
-437
-61
265
-263
-1010
-992
-650
-822
-1394
-1773
-1626
-1279
-1230
-1651
-2023
-1830
-1421
-1326
-1557
-1680
-1446
-1118
-1090
-1308
-1174
-631
-345
-595
-801
-515
-93
49
-96
-215
-79
158
208
99
137
319
387
296
200
235
402
543
420
156
144
329
409
310
232
238
206
143
74
61
140
153
17
-191
-275
-194
-111
-131
-294
-406
-393
-363
-425
-544
-497
-381
-448
-730
-927
-762
-488
-455
-750
-1060
-1048
-793
-641
-797
-994
-980
-923
-985
-1033
-876
-695
-784
-1049
-1109
-807
-498
-521
-732
-759
-525
-285
-190
-177
-110
28
133
175
265
461
609
609
556
615
816
998
1012
907
934
1130
1244
1246
1250
1313
1377
1429
1527
1622
1720
1744
1714
1786
1953
2141
2161
1967
1672
1642
2126
2486
2060
1213
990
1580
1935
1473
731
584
884
765
180
-156
89
212
-279
-901
-1040
-772
-638
-884
-1322
-1561
-1449
-1270
-1351
-1591
-1627
-1448
-1390
-1597
-1719
-1420
-1005
-1020
-1381
-1446
-1061
-739
-743
-848
-811
-657
-542
-516
-498
-350
-162
-150
-276
-328
-129
147
217
39
-98
49
259
310
261
266
325
309
245
221
330
485
449
250
121
202
336
336
223
72
20
50
45
-47
-140
-197
-274
-319
-326
-407
-578
-675
-627
-607
-753
-969
-1048
-958
-900
-1014
-1156
-1168
-1119
-1099
-1087
-1082
-1083
-1067
-1024
-983
-925
-810
-715
-700
-658
-502
-316
-192
-133
-69
36
166
296
421
522
572
609
709
850
950
1006
1030
1045
1089
1182
1281
1306
1281
1281
1347
1418
1453
1516
1626
1698
1675
1643
1675
1767
1898
1957
1845
1673
1711
1934
1931
1570
1306
1540
1888
1618
858
532
966
1307
854
99
-99
186
217
-233
-639
-608
-468
-681
-1154
-1386
-1215
-1018
-1175
-1596
-1823
-1659
-1406
-1443
-1688
-1759
-1581
-1475
-1604
-1683
-1468
-1165
-1181
-1438
-1500
-1172
-805
-792
-967
-964
-725
-525
-491
-472
-341
-155
-103
-169
-129
123
382
404
259
202
366
605
679
584
512
562
602
539
505
590
673
577
331
182
246
384
345
139
-44
-126
-175
-240
-255
-230
-314
-577
-806
-799
-642
-613
-808
-1042
-1131
-1104
-1065
-1048
-1056
-1111
-1223
-1280
-1199
-1045
-945
-959
-1036
-1061
-935
-681
-468
-421
-474
-421
-212
58
253
348
415
487
610
775
983
1151
1203
1192
1231
1374
1528
1598
1585
1549
1537
1555
1585
1615
1608
1557
1468
1408
1411
1441
1462
1425
1316
1187
1136
1167
1219
1213
1075
866
777
912
1030
827
417
308
639
831
389
-252
-282
205
347
-182
-711
-658
-345
-398
-793
-981
-809
-704
-966
-1269
-1239
-968
-855
-1081
-1358
-1361
-1106
-925
-1000
-1152
-1125
-961
-908
-993
-995
-795
-605
-662
-862
-875
-626
-384
-404
-566
-578
-421
-315
-360
-390
-308
-208
-220
-321
-348
-238
-108
-106
-218
-288
-233
-119
-72
-114
-156
-143
-128
-149
-127
-19
49
-9
-113
-100
25
115
116
74
53
49
39
38
99
181
165
38
-67
-24
101
152
81
-27
-87
-110
-105
-69
-25
-58
-194
-304
-270
-154
-113
-174
-272
-323
-310
-262
-198
-177
-232
-295
-278
-187
-83
-47
-48
-48
-32
12
94
197
250
237
213
244
329
422
486
496
474
484
563
653
699
713
721
740
772
836
925
993
1010
996
988
1021
1107
1226
1270
1157
1001
1018
1171
1214
1084
945
917
911
830
717
659
639
573
443
282
145
87
108
81
-93
-349
-461
-405
-384
-502
-671
-754
-796
-872
-968
-987
-939
-972
-1132
-1276
-1261
-1146
-1107
-1174
-1245
-1242
-1195
-1175
-1148
-1088
-1013
-998
-1051
-1040
-914
-760
-704
-733
-737
-654
-522
-401
-334
-303
-285
-245
-157
-56
39
109
150
156
150
213
364
483
491
450
457
503
546
589
635
657
629
576
537
537
589
664
647
488
329
374
517
502
292
122
155
224
130
-60
-142
-93
-99
-241
-406
-440
-377
-400
-549
-706
-717
-646
-667
-798
-873
-821
-766
-800
-841
-790
-698
-659
-678
-666
-586
-474
-410
-388
-332
-213
-73
27
111
220
349
469
597
750
898
1005
1112
1222
1292
1391
1638
1920
1937
1729
1725
2017
2190
2077
2033
2179
2055
1586
1418
1846
2176
1702
934
791
1147
1184
735
395
366
239
-157
-479
-489
-399
-521
-861
-1244
-1442
-1369
-1194
-1240
-1588
-1879
-1873
-1756
-1806
-1891
-1786
-1660
-1796
-2031
-1959
-1590
-1325
-1385
-1559
-1582
-1391
-1141
-977
-900
-854
-763
-653
-552
-388
-109
149
191
87
140
422
722
843
839
854
898
975
1083
1207
1282
1262
1183
1075
1027
1085
1179
1158
967
766
692
716
733
692
597
434
272
192
198
232
198
81
-97
-229
-222
-126
-125
-287
-449
-482
-467
-532
-609
-589
-568
-672
-836
-872
-765
-682
-728
-859
-950
-964
-887
-792
-789
-863
-933
-908
-825
-752
-686
-652
-658
-697
-681
-568
-453
-403
-423
-429
-383
-301
-194
-98
-34
-22
-23
24
128
234
275
264
270
298
353
421
496
552
541
525
558
642
726
746
734
737
776
853
921
952
974
1045
1148
1179
1144
1137
1247
1383
1376
1221
1103
1161
1299
1298
1131
971
950
985
905
756
660
623
515
307
137
83
67
-44
-253
-440
-526
-539
-586
-733
-901
-1005
-1047
-1121
-1234
-1281
-1282
-1321
-1442
-1519
-1448
-1351
-1343
-1391
-1381
-1318
-1272
-1243
-1190
-1110
-1065
-1046
-1005
-921
-814
-714
-641
-587
-530
-442
-324
-215
-152
-103
-32
54
137
217
302
399
476
509
538
612
716
776
748
687
694
757
792
746
677
653
658
646
604
580
571
535
459
382
343
329
301
242
167
113
80
54
18
-15
-16
-31
-89
-163
-168
-117
-113
-166
-200
-154
-87
-53
-25
35
100
176
251
277
286
405
619
678
482
372
629
925
814
505
552
854
820
416
266
590
767
384
-100
-93
198
207
-122
-390
-402
-348
-416
-552
-639
-629
-617
-714
-876
-931
-790
-633
-702
-916
-963
-774
-587
-599
-673
-620
-476
-415
-466
-453
-289
-117
-128
-268
-288
-106
74
83
-15
-19
80
137
118
111
179
226
188
114
93
167
273
314
254
173
184
283
361
340
277
251
241
217
216
267
306
243
136
103
178
261
249
166
94
74
82
93
116
139
114
35
-7
84
209
203
77
15
93
152
80
6
48
96
-8
-150
-104
66
89
-110
-270
-222
-113
-142
-285
-361
-329
-312
-387
-487
-497
-425
-402
-494
-608
-612
-550
-558
-660
-740
-708
-651
-671
-731
-743
-685
-630
-648
-691
-663
-559
-484
-505
-542
-476
-331
-251
-248
-210
-84
36
79
121
220
332
410
475
555
639
733
844
924
967
1027
1144
1245
1273
1302
1383
1471
1477
1426
1442
1547
1630
1606
1506
1413
1412
1476
1486
1372
1227
1169
1125
1001
862
829
828
679
404
211
189
183
54
-159
-348
-470
-570
-673
-756
-827
-906
-1026
-1174
-1254
-1217
-1155
-1197
-1317
-1368
-1304
-1218
-1196
-1193
-1146
-1067
-1014
-990
-926
-805
-678
-619
-612
-578
-483
-348
-233
-184
-158
-129
-92
-19
82
166
185
179
194
216
208
200
247
313
302
177
53
67
172
186
61
-77
-136
-144
-164
-212
-279
-365
-464
-531
-527
-501
-533
-619
-696
-712
-695
-669
-649
-665
-704
-716
-666
-591
-538
-503
-468
-417
-367
-292
-192
-123
-103
-87
-25
68
170
243
280
298
359
463
566
648
698
728
759
836
931
997
1014
1014
1063
1178
1303
1337
1292
1218
1118
1092
1278
1511
1371
818
439
690
1145
1077
488
88
218
374
122
-224
-216
-58
-243
-729
-1006
-818
-516
-564
-935
-1234
-1205
-981
-873
-967
-1085
-1054
-990
-1076
-1164
-977
-626
-534
-772
-943
-762
-416
-228
-261
-320
-261
-141
-80
-28
122
310
383
304
242
358
613
795
758
631
606
718
848
923
952
935
890
855
849
903
1000
1034
915
708
598
638
714
708
576
395
267
216
185
156
113
7
-165
-328
-395
-361
-328
-419
-607
-732
-715
-668
-689
-748
-796
-839
-872
-891
-896
-873
-829
-832
-875
-903
-869
-794
-737
-713
-714
-699
-661
-628
-590
-506
-408
-386
-447
-460
-327
-148
-92
-202
-287
-212
-81
-57
-119
-126
-94
-116
-189
-205
-136
-103
-162
-251
-293
-276
-256
-268
-330
-391
-385
-340
-335
-388
-418
-379
-349
-388
-411
-322
-224
-246
-325
-305
-199
-108
-59
-21
24
89
165
223
294
418
538
575
582
652
782
903
960
955
970
1063
1169
1218
1228
1245
1279
1306
1329
1361
1393
1415
1410
1400
1425
1458
1473
1476
1466
1427
1426
1515
1581
1471
1222
1096
1242
1406
1246
872
692
753
722
490
296
221
106
-144
-408
-495
-454
-639
-1134
-1394
-1075
-796
-1238
-1970
-2059
-1463
-1060
-1425
-2081
-2138
-1556
-1196
-1473
-1777
-1552
-1148
-1099
-1294
-1251
-868
-514
-531
-765
-752
-375
-24
-33
-224
-199
83
263
138
2
173
455
453
220
121
276
467
464
287
174
278
412
349
206
204
293
287
178
114
151
223
202
36
-95
-27
81
22
-134
-203
-164
-140
-191
-284
-322
-275
-263
-363
-435
-378
-329
-377
-449
-475
-438
-383
-377
-444
-483
-429
-367
-382
-440
-466
-410
-320
-318
-410
-438
-329
-261
-317
-348
-261
-167
-180
-229
-220
-126
-38
-25
-41
4
101
133
99
118
232
346
344
276
278
391
487
472
403
408
501
546
509
479
508
534
527
519
531
535
530
541
550
538
535
549
553
540
538
544
555
552
503
461
479
500
455
407
415
410
358
333
346
350
338
321
302
311
370
414
379
340
394
497
528
490
509
596
608
457
391
608
814
634
254
188
462
615
389
66
5
150
146
-101
-292
-237
-167
-326
-591
-678
-572
-522
-660
-879
-945
-837
-801
-944
-1056
-990
-907
-964
-1072
-1072
-950
-843
-871
-964
-945
-801
-687
-693
-730
-704
-603
-504
-478
-491
-456
-364
-320
-322
-294
-231
-168
-145
-166
-161
-84
-5
12
-1
31
96
145
162
177
222
279
301
275
272
321
366
346
276
247
291
313
233
133
132
177
134
5
-73
-49
-28
-89
-204
-261
-237
-222
-273
-344
-372
-368
-364
-385
-408
-421
-419
-429
-467
-475
-424
-376
-390
-435
-428
-359
-291
-267
-275
-250
-188
-130
-106
-82
-20
42
66
83
125
195
253
273
282
317
382
429
445
479
539
591
616
647
705
773
846
901
946
982
1004
1055
1144
1209
1197
1143
1145
1200
1220
1155
1067
1021
1007
942
819
715
649
568
433
282
181
108
3
-133
-253
-324
-381
-479
-597
-666
-671
-687
-759
-850
-892
-859
-820
-838
-880
-884
-830
-777
-760
-764
-738
-672
-598
-564
-558
-523
-464
-402
-358
-325
-286
-232
-189
-170
-141
-99
-48
-26
-25
-13
19
58
73
69
71
86
104
110
116
128
118
106
95
104
106
88
56
40
47
36
-1
-42
-48
-35
-44
-89
-123
-126
-113
-118
-148
-162
-151
-139
-142
-148
-139
-129
-129
-136
-130
-102
-80
-89
-117
-120
-84
-40
-41
-81
-103
-55
10
21
-11
-28
23
84
108
103
112
149
183
207
228
251
273
286
312
345
358
352
354
372
393
396
383
383
386
381
368
363
369
363
343
328
336
346
332
291
267
276
289
270
218
169
161
172
165
116
53
20
18
14
-22
-71
-112
-138
-165
-186
-192
-203
-231
-266
-279
-264
-248
-253
-268
-268
-255
-238
-228
-225
-209
-186
-162
-151
-139
-117
-84
-55
-50
-41
-8
28
42
40
61
111
135
131
140
187
240
250
230
247
307
343
328
318
351
393
395
368
370
408
434
417
385
380
408
422
400
368
353
366
378
360
322
315
337
340
298
271
300
333
293
209
195
268
291
186
60
73
164
144
-20
-146
-109
-46
-130
-313
-403
-357
-341
-483
-652
-685
-620
-631
-782
-914
-899
-815
-822
-931
-1006
-961
-869
-849
-899
-909
-832
-746
-706
-695
-646
-548
-466
-421
-383
-307
-200
-127
-87
-41
29
119
178
208
252
316
388
427
442
474
530
577
589
594
614
654
673
659
648
655
658
646
618
591
567
530
496
457
400
330
275
246
198
102
0
-45
-59
-118
-235
-325
-347
-358
-427
-533
-585
-582
-604
-682
-760
-768
-743
-767
-841
-881
-859
-813
-819
-859
-861
-813
-756
-739
-735
-689
-610
-541
-509
-467
-377
-270
-200
-166
-106
5
122
180
211
269
363
452
501
538
592
650
703
737
773
819
848
874
900
930
950
958
981
1002
1007
990
977
992
1008
979
919
875
860
841
779
689
615
554
490
404
299
204
115
24
-79
-186
-280
-369
-460
-559
-646
-713
-771
-830
-893
-936
-958
-977
-987
-997
-984
-947
-921
-894
-853
-787
-706
-646
-591
-515
-423
-330
-260
-199
-109
-20
54
116
177
252
316
356
389
428
474
509
519
524
542
560
567
555
534
527
528
509
476
438
416
404
371
325
284
257
235
195
141
105
84
45
-1
-37
-49
-73
-118
-154
-159
-154
-177
-216
-228
-211
-203
-227
-253
-243
-219
-217
-234
-239
-215
-196
-199
-208
-196
-170
-156
-163
-159
-131
-116
-111
-106
-87
-59
-41
-38
-28
2
23
38
47
53
73
96
107
102
97
106
131
133
109
98
109
120
99
57
48
62
54
11
-26
-26
-18
-38
-85
-111
-97
-99
-133
-162
-170
-162
-168
-194
-211
-205
-202
-208
-221
-228
-221
-212
-213
-224
-227
-217
-202
-197
-208
-210
-182
-165
-159
-166
-159
-120
-98
-99
-100
-72
-28
-9
-18
-11
26
64
68
64
77
114
145
144
132
147
179
192
184
169
181
213
213
185
174
190
211
197
164
164
189
191
159
132
140
159
145
105
88
108
116
82
51
46
61
58
22
-2
0
9
0
-29
-50
-44
-33
-47
-72
-88
-85
-73
-84
-112
-126
-110
-99
-117
-139
-138
-119
-114
-130
-139
-125
-103
-105
-119
-114
-95
-78
-74
-78
-65
-42
-30
-21
-18
-8
13
29
33
33
44
66
80
81
79
90
118
124
121
125
142
170
177
173
187
208
231
236
238
254
278
292
292
299
315
333
340
328
325
341
339
328
310
295
293
276
237
205
185
169
131
77
42
15
-13
-61
-117
-148
-173
-207
-252
-292
-310
-328
-355
-387
-408
-412
-416
-435
-454
-454
-449
-454
-469
-469
-460
-453
-453
-464
-457
-440
-432
-436
-440
-421
-399
-391
-390
-381
-347
-318
-302
-285
-254
-209
-172
-148
-117
-71
-24
19
56
92
138
188
230
266
301
341
381
414
440
460
493
513
524
530
540
562
566
563
553
555
560
548
531
518
509
501
478
454
438
426
411
391
372
362
352
340
324
306
299
294
287
275
262
261
255
246
233
224
220
210
188
162
151
137
112
73
39
13
-18
-61
-117
-162
-201
-245
-299
-354
-397
-439
-488
-538
-584
-621
-646
-679
-712
-731
-744
-745
-753
-761
-746
-728
-703
-686
-664
-624
-589
-552
-517
-480
-430
-385
-350
-316
-280
-237
-200
-178
-154
-127
-97
-80
-71
-57
-46
-35
-35
-32
-26
-18
-11
-13
-14
-7
2
10
11
11
25
39
43
47
53
68
81
86
91
98
108
114
110
105
110
111
107
93
82
80
72
59
39
26
18
2
-18
-36
-51
-64
-84
-102
-120
-132
-139
-154
-173
-177
-180
-177
-188
-201
-193
-187
-182
-182
-176
-166
-151
-141
-132
-116
-98
-79
-70
-61
-42
-18
-1
8
22
39
55
66
74
89
102
113
120
126
135
144
149
145
145
146
151
153
144
138
132
132
128
119
107
101
97
85
80
72
69
60
51
50
49
48
47
45
47
51
57
61
74
83
89
96
108
124
141
156
166
180
195
207
223
238
246
253
261
268
277
278
272
267
261
257
246
232
216
202
180
161
142
120
98
74
54
27
4
-17
-39
-63
-85
-111
-127
-142
-160
-176
-190
-202
-212
-220
-228
-232
-242
-244
-249
-251
-249
-250
-248
-245
-240
-233
-221
-217
-209
-194
-185
-173
-160
-150
-138
-125
-113
-101
-86
-72
-54
-38
-24
-7
9
28
45
58
73
86
97
114
126
140
153
164
181
191
202
213
223
227
231
234
237
240
238
240
241
244
239
237
234
229
230
224
216
209
196
187
174
156
149
134
120
110
92
77
62
41
24
5
-13
-30
-52
-74
-94
-107
-122
-134
-148
-163
-171
-179
-194
-202
-210
-220
-224
-232
-235
-233
-230
-229
-225
-216
-211
-196
-187
-175
-163
-149
-130
-113
-94
-77
-53
-33
-11
15
35
58
76
92
115
132
146
159
170
181
192
201
204
209
213
209
208
202
194
185
172
163
148
135
122
105
90
72
50
32
14
-5
-26
-49
-68
-87
-104
-116
-132
-144
-158
-171
-180
-188
-195
-199
-201
-202
-199
-199
-191
-187
-182
-170
-164
-150
-142
-128
-115
-104
-88
-76
-57
-40
-23
-2
11
26
41
54
69
79
90
102
111
120
125
136
140
142
146
145
141
137
133
124
114
104
97
90
79
70
58
48
34
21
10
-5
-16
-24
-45
-57
-64
-80
-84
-93
-102
-103
-111
-118
-124
-130
-135
-135
-136
-136
-131
-125
-121
-115
-108
-98
-84
-77
-66
-52
-40
-32
-19
-8
0
15
27
39
53
65
73
82
85
98
106
112
114
115
119
121
127
122
124
128
126
121
114
111
100
89
81
70
62
53
42
27
14
7
-5
-18
-27
-38
-49
-62
-75
-90
-97
-106
-109
-116
-126
-126
-127
-131
-137
-135
-135
-137
-130
-133
-133
-123
-121
-118
-111
-104
-91
-81
-72
-65
-54
-41
-30
-20
-10
3
14
24
34
47
60
74
86
96
107
119
124
131
132
137
149
149
154
159
159
161
160
159
157
158
158
151
145
138
130
123
108
101
93
80
69
59
45
33
22
9
-5
-19
-36
-47
-58
-77
-87
-97
-110
-117
-126
-132
-139
-142
-152
-153
-155
-157
-155
-160
-153
-153
-151
-142
-136
-126
-112
-98
-85
-73
-59
-46
-36
-19
-4
10
23
36
48
62
76
92
102
110
120
126
132
134
135
135
134
134
134
132
123
121
117
109
101
97
85
75
62
46
36
22
11
-2
-10
-21
-30
-38
-48
-56
-64
-72
-80
-88
-93
-96
-101
-104
-102
-100
-98
-94
-93
-91
-86
-83
-80
-76
-73
-71
-64
-61
-59
-54
-50
-43
-42
-35
-31
-23
-23
-21
-18
-21
-18
-17
-11
-11
-7
-2
0
3
4
8
8
10
9
11
11
13
19
19
24
24
28
30
34
35
38
38
38
41
42
46
44
47
45
45
45
43
46
45
44
44
43
40
39
37
37
35
36
33
33
31
27
28
21
23
24
23
18
17
19
14
12
12
12
8
11
10
12
12
11
13
12
11
14
15
14
14
15
18
14
16
15
19
16
18
19
19
20
17
18
16
11
4
7
3
-3
-6
-8
-11
-16
-20
-26
-28
-34
-41
-47
-53
-59
-64
-66
-74
-82
-79
-86
-89
-89
-93
-96
-100
-98
-99
-99
-99
-100
-94
-93
-87
-82
-82
-72
-66
-64
-51
-44
-42
-34
-24
-17
-10
6
15
24
35
43
58
68
76
86
93
104
109
120
129
133
142
147
156
158
164
166
165
169
169
164
160
151
147
141
130
127
113
105
92
82
72
56
43
28
14
-1
-12
-25
-36
-51
-61
-70
-85
-91
-100
-109
-115
-119
-124
-128
-131
-133
-133
-134
-129
-125
-122
-117
-116
-111
-103
-96
-87
-82
-73
-64
-56
-48
-42
-34
-28
-19
-15
-11
-5
-1
4
8
12
11
14
15
14
14
16
11
12
9
8
8
1
6
-1
-1
-6
-12
-14
-15
-19
-18
-15
-16
-15
-13
-15
-11
-5
-5
2
-1
6
7
15
19
19
28
29
38
42
48
50
55
61
60
63
64
64
69
64
64
67
67
67
64
62
56
57
50
45
39
33
29
26
22
14
9
4
-1
-8
-13
-18
-23
-31
-31
-36
-42
-40
-45
-47
-49
-49
-52
-53
-54
-53
-55
-52
-50
-45
-42
-41
-36
-33
-24
-21
-15
-10
-4
0
5
11
15
22
23
32
37
40
45
44
45
46
49
49
47
49
48
46
46
42
41
33
30
25
20
13
6
-1
-10
-14
-25
-28
-36
-44
-48
-59
-63
-73
-80
-81
-90
-94
-99
-100
-100
-107
-105
-106
-102
-102
-100
-94
-91
-88
-79
-73
-70
-64
-56
-46
-41
-29
-22
-13
-4
4
11
15
21
27
34
38
47
51
56
63
65
68
69
66
70
69
66
69
68
64
62
61
56
54
53
49
45
40
35
34
30
26
27
20
20
20
16
11
7
7
7
4
3
7
6
7
4
6
5
7
11
14
15
16
17
19
24
21
25
26
30
30
33
33
31
33
33
33
33
34
33
34
33
35
31
32
28
30
26
24
23
19
25
18
18
17
16
13
12
13
9
6
5
4
2
0
-4
-4
-11
-8
-15
-16
-21
-22
-27
-36
-36
-42
-43
-47
-50
-56
-59
-68
-72
-72
-78
-84
-86
-88
-91
-91
-97
-97
-96
-92
-92
-89
-83
-80
-76
-70
-67
-60
-50
-45
-36
-27
-16
-7
1
11
18
28
38
44
54
60
69
79
85
90
91
97
99
98
100
98
98
91
87
82
79
72
65
61
48
41
30
19
13
0
-8
-15
-23
-35
-42
-49
-55
-61
-66
-71
-75
-77
-80
-82
-87
-86
-85
-77
-77
-70
-61
-58
-50
-43
-35
-31
-20
-10
0
10
21
32
40
49
58
66
74
81
85
93
95
98
103
99
103
100
102
99
93
91
86
78
72
66
55
48
39
29
18
11
2
-8
-15
-26
-30
-42
-49
-55
-59
-64
-66
-72
-72
-75
-77
-74
-75
-70
-70
-64
-62
-58
-55
-50
-41
-35
-26
-21
-10
-7
3
8
15
21
24
31
34
39
40
46
47
49
52
53
51
50
48
42
37
30
26
17
9
6
0
-5
-16
-19
-27
-37
-45
-51
-57
-67
-72
-79
-81
-86
-90
-89
-93
-92
-93
-97
-95
-93
-93
-86
-82
-74
-72
-63
-56
-49
-36
-26
-22
-9
-2
6
17
24
36
43
51
59
69
77
82
91
90
94
99
101
100
102
101
96
94
91
90
83
79
72
64
59
51
40
32
25
20
10
3
-6
-12
-21
-27
-32
-39
-45
-50
-52
-57
-60
-57
-59
-58
-52
-50
-50
-47
-40
-37
-29
-24
-17
-9
0
7
15
22
29
37
42
47
54
60
65
68
70
71
74
76
75
78
74
73
64
63
61
51
43
37
31
17
13
0
-8
-15
-26
-35
-45
-56
-66
-73
-83
-92
-100
-105
-116
-121
-124
-126
-127
-131
-130
-132
-132
-135
-134
-128
-128
-122
-112
-108
-99
-89
-80
-68
-58
-49
-37
-27
-19
-8
1
15
24
33
45
58
65
76
85
89
96
102
108
114
117
120
126
128
131
134
134
133
131
126
123
120
115
106
99
98
86
80
70
66
59
45
41
27
15
5
-6
-18
-26
-37
-45
-55
-63
-72
-78
-84
-89
-93
-97
-100
-105
-107
-110
-110
-111
-106
-103
-100
-94
-85
-80
-77
-68
-56
-49
-41
-30
-19
-6
6
14
29
35
47
56
64
71
81
93
98
104
109
114
119
121
115
121
119
117
113
107
101
100
92
85
76
65
58
39
33
18
6
-2
-16
-25
-41
-45
-57
-68
-77
-85
-98
-105
-114
-120
-126
-131
-133
-136
-136
-138
-137
-136
-135
-138
-132
-131
-129
-121
-118
-105
-99
-88
-82
-72
-61
-52
-41
-28
-22
-12
-1
5
18
25
37
45
53
62
66
71
81
84
87
93
94
94
96
100
101
100
97
100
98
96
93
91
84
82
82
74
68
62
57
52
48
42
39
32
26
21
17
9
7
4
-3
-3
-7
-8
-11
-12
-15
-16
-16
-19
-19
-24
-23
-24
-21
-23
-19
-19
-19
-16
-15
-17
-15
-13
-16
-12
-10
-8
-7
-6
-7
-5
-10
-7
-9
-11
-10
-14
-13
-13
-16
-15
-17
-20
-18
-20
-24
-23
-21
-25
-25
-23
-27
-25
-28
-26
-26
-28
-26
-23
-20
-22
-17
-15
-14
-10
-8
-5
-4
1
1
4
8
10
12
17
18
25
24
26
31
29
34
31
36
33
28
34
32
35
33
33
36
33
33
35
31
29
28
27
26
24
27
27
24
24
23
26
22
24
24
24
24
23
23
19
20
18
16
23
21
18
22
20
18
18
15
13
9
6
3
-1
-4
-7
-8
-12
-17
-20
-26
-30
-36
-39
-44
-49
-50
-56
-57
-61
-63
-68
-67
-69
-71
-73
-74
-76
-75
-73
-77
-71
-69
-68
-65
-62
-56
-55
-48
-46
-42
-34
-32
-25
-21
-14
-10
-5
1
5
13
21
24
28
30
34
39
39
44
46
47
53
54
55
54
55
58
54
54
52
49
47
44
44
41
38
37
31
31
29
23
22
20
14
11
10
6
3
0
0
-1
-3
-5
-6
-7
-9
-7
-4
-4
-5
-1
1
-1
4
4
3
3
6
7
7
13
11
17
15
18
20
17
20
20
21
20
18
18
18
18
18
19
18
18
15
11
10
9
7
4
2
-1
-2
-6
-5
-4
-9
-11
-12
-16
-14
-15
-19
-19
-20
-22
-25
-29
-26
-27
-27
-24
-28
-28
-26
-30
-31
-30
-33
-33
-30
-31
-33
-30
-28
-33
-31
-28
-31
-32
-31
-29
-33
-33
-34
-35
-31
-28
-31
-28
-28
-29
-25
-22
-26
-23
-22
-19
-17
-17
-15
-14
-13
-14
-8
-10
-8
-6
-5
-4
-4
-1
0
0
0
1
4
5
8
11
10
13
8
11
12
13
15
16
23
20
25
27
27
27
27
28
32
32
34
37
37
42
38
45
48
46
51
51
50
51
52
54
56
58
56
59
59
59
61
57
58
58
56
55
54
54
54
52
51
45
44
47
42
39
38
34
33
29
25
25
19
19
16
10
6
1
-2
-6
-10
-11
-14
-18
-21
-24
-28
-30
-37
-39
-46
-47
-50
-55
-55
-61
-61
-66
-66
-65
-67
-67
-72
-76
-78
-75
-79
-80
-81
-79
-83
-79
-76
-78
-73
-69
-68
-68
-64
-64
-61
-60
-52
-49
-45
-37
-35
-27
-26
-20
-11
-12
-5
-1
3
9
14
18
22
29
34
33
37
37
40
40
42
42
44
44
42
45
43
42
40
38
36
30
30
28
25
22
20
19
17
11
12
13
8
6
1
2
-2
-4
-4
-5
-6
-5
-4
-7
-4
-7
-7
-1
0
0
-2
1
2
3
5
7
9
12
19
19
19
22
23
25
27
29
29
31
30
32
36
36
39
38
39
37
38
37
37
33
30
33
30
28
25
25
20
20
18
10
7
2
-1
-3
-6
-9
-13
-22
-24
-26
-31
-31
-33
-36
-42
-45
-45
-44
-51
-55
-53
-55
-57
-56
-52
-56
-56
-53
-53
-54
-56
-54
-50
-49
-48
-43
-40
-38
-36
-30
-26
-24
-22
-17
-12
-12
-8
-1
1
2
3
11
11
13
16
18
19
24
25
26
26
25
26
26
23
27
28
23
24
24
23
22
18
16
15
12
10
12
13
10
9
5
6
4
2
3
-1
1
0
0
1
-2
1
-2
0
3
3
4
4
6
4
8
11
13
17
17
19
19
24
24
28
31
28
30
32
32
31
38
37
36
37
34
36
33
36
38
36
38
38
36
38
32
31
32
26
24
18
18
11
9
7
-1
-2
-6
-10
-12
-16
-24
-27
-31
-35
-38
-44
-43
-49
-50
-51
-54
-58
-59
-61
-64
-62
-67
-66
-67
-66
-66
-63
-60
-58
-55
-54
-54
-52
-48
-46
-41
-34
-34
-31
-23
-22
-18
-12
-8
-2
2
7
12
15
22
23
28
29
32
36
38
44
43
48
48
49
48
52
51
49
52
52
49
50
45
44
43
41
37
34
32
25
23
19
19
15
10
9
4
-2
-1
-5
-9
-9
-14
-14
-19
-19
-23
-20
-25
-25
-24
-27
-27
-30
-26
-28
-24
-23
-23
-23
-23
-20
-20
-19
-14
-11
-13
-11
-7
-3
-2
-1
6
6
6
10
13
11
13
20
20
20
23
23
23
21
22
25
23
22
21
24
22
22
18
15
15
14
14
12
8
7
7
5
2
2
-2
-3
-3
-6
-5
-8
-11
-10
-10
-13
-16
-12
-16
-16
-13
-18
-18
-21
-18
-18
-18
-15
-18
-16
-18
-16
-14
-14
-12
-12
-15
-12
-12
-14
-10
-11
-11
-10
-7
-7
-8
-9
-9
-7
-5
-3
-5
-1
-5
-2
-3
-4
-6
-6
-2
-4
-3
-3
-3
-4
-2
-2
-1
2
4
4
5
5
5
3
5
6
8
9
10
13
13
13
16
16
15
18
19
17
18
17
18
20
19
19
20
19
18
18
16
15
16
15
12
12
13
13
11
12
14
10
10
10
9
6
6
4
3
3
2
1
3
3
0
3
0
0
2
1
0
2
5
1
3
4
3
2
2
3
4
4
3
3
2
2
2
2
1
3
-1
1
1
-2
-5
-7
-2
-5
-5
-7
-7
-9
-10
-10
-9
-11
-13
-13
-15
-15
-12
-14
-19
-17
-17
-14
-13
-14
-17
-13
-11
-13
-11
-13
-13
-11
-8
-8
-6
-2
-3
-4
-1
-1
2
3
5
1
4
5
5
7
5
8
10
10
8
10
12
8
8
6
5
4
5
4
3
4
4
4
3
5
3
5
-2
-3
-1
-9
-5
-5
-5
-6
-6
-5
-8
-8
-9
-8
-6
-5
-6
-8
-7
-6
-9
-8
-6
-3
-5
-4
-4
-2
-3
-6
-3
-3
-6
-3
-1
0
0
0
3
-1
2
2
4
5
5
6
4
7
6
6
9
7
5
9
7
10
8
8
7
5
9
5
5
4
4
0
2
6
3
4
2
0
0
0
0
2
1
-1
-2
-4
-4
-8
-4
-5
-7
-4
-4
-7
-6
-7
-6
-5
-9
-5
-6
-8
-5
-4
-2
-2
-2
-1
5
4
5
4
4
8
8
6
10
10
9
11
16
15
14
16
17
14
13
13
14
16
14
15
10
8
6
6
5
1
0
2
-1
-2
-4
-4
-5
-8
-8
-11
-12
-15
-16
-17
-18
-15
-18
-19
-20
-18
-19
-19
-18
-21
-14
-16
-15
-13
-12
-11
-11
-10
-6
-6
-6
-3
0
2
-1
3
5
5
9
10
13
12
10
15
14
16
16
17
15
11
13
13
16
14
14
15
10
12
11
8
3
2
2
0
0
-3
-3
-6
-6
-6
-8
-10
-11
-11
-15
-14
-16
-19
-17
-19
-17
-15
-14
-17
-19
-17
-15
-15
-10
-13
-9
-11
-9
-3
-3
-1
0
4
3
7
10
10
14
16
17
20
22
20
22
23
24
24
26
26
23
27
28
30
31
31
30
31
28
23
25
21
20
17
19
11
7
5
3
4
-2
1
-4
-6
-9
-12
-11
-13
-16
-17
-20
-25
-22
-25
-25
-24
-28
-29
-28
-26
-26
-27
-24
-24
-22
-22
-21
-16
-16
-17
-13
-10
-10
-6
-4
-2
-1
-3
1
1
5
9
8
9
8
9
13
13
14
16
13
11
9
12
14
13
14
15
11
11
11
6
6
4
2
1
-1
-2
-4
-5
-7
-6
-7
-8
-13
-13
-15
-17
-19
-17
-20
-25
-23
-22
-25
-22
-20
-23
-24
-24
-22
-22
-21
-21
-18
-15
-14
-10
-10
-9
-6
-3
-1
2
2
4
10
12
12
15
19
22
26
24
26
30
29
32
33
35
39
40
41
39
40
42
42
41
42
41
41
43
39
40
38
33
31
32
28
27
27
23
19
14
13
8
5
4
1
0
-5
-10
-9
-14
-17
-20
-23
-20
-25
-26
-28
-28
-31
-30
-28
-34
-28
-25
-27
-28
-27
-29
-27
-27
-28
-21
-22
