4
6
5
3
2
4
4
3
4
5
3
2
4
5
1
2
4
2
5
3
1
2
0
3
-2
-2
0
-2
-4
-4
-2
-1
-3
-2
0
-2
0
-1
3
-1
1
1
-1
-2
-3
0
2
2
0
3
-2
0
1
1
2
-1
-1
-1
0
0
0
-1
0
3
2
-3
0
-2
-2
0
0
-1
-2
-1
-3
-1
-1
1
-2
1
3
-1
-2
-2
-3
-4
-1
-4
-4
-5
-4
-3
-5
-5
-6
-4
-7
-5
-4
-2
-5
-6
-8
-5
-7
-4
-4
-4
-4
-3
0
-4
-5
-2
0
-2
-2
-2
-5
-5
-3
-1
0
-2
-4
-1
-1
-2
-3
-1
0
-1
-2
-2
0
-2
-1
1
0
-1
-2
-1
-1
5
6
9
7
5
7
2
5
3
3
2
5
5
4
7
2
3
3
3
-1
3
3
3
1
1
0
0
-1
-4
-1
-4
0
4
3
1
0
1
-1
2
2
2
-1
0
0
-1
2
0
2
3
5
2
3
1
2
-3
-1
3
2
1
-2
2
0
4
3
3
0
2
4
0
3
4
3
6
3
2
3
5
3
3
4
3
2
3
0
2
3
3
4
2
4
3
4
5
3
6
8
4
3
3
4
8
8
8
6
5
8
7
7
6
7
6
4
6
6
4
4
5
4
5
3
5
3
1
3
3
4
1
2
-1
2
4
-1
4
2
3
3
1
0
1
2
3
3
1
3
0
1
7
2
-1
1
2
0
0
6
6
5
4
2
2
4
5
4
7
6
2
3
3
-1
2
1
0
-2
2
2
2
1
0
3
2
2
0
0
1
0
0
-3
-2
-1
-2
-2
-2
-2
-3
-4
-6
-4
-2
-2
-1
0
-1
-2
-2
-5
-3
0
-2
-1
-2
-2
-4
-6
-6
-6
-3
-8
-10
-8
-7
-6
-6
-5
-5
-6
-6
-8
-5
-6
-8
-6
-3
1
-3
0
0
-1
-5
-6
-4
-7
-4
-8
-5
-3
-3
-3
0
-1
-6
-5
-3
-2
-1
-2
-3
-4
-3
-5
-3
-4
-6
-6
-3
-5
-5
-5
-5
-1
-5
-3
-6
-3
-3
-4
-4
0
0
-4
-4
-3
-2
-5
-3
-2
-2
-5
-5
-5
-4
-6
-7
-6
-5
-4
-2
-3
-2
-4
-2
-3
-4
-3
-2
-2
2
-2
0
0
-4
0
-1
-3
-3
-5
-5
-4
-4
-7
-3
0
-1
-2
-1
-3
-3
-2
-5
-3
-2
-2
3
-2
-1
0
-3
-2
-4
-6
0
-2
-1
-1
-2
-3
-2
0
-1
1
0
-2
2
2
0
1
1
0
0
-1
0
0
0
1
2
-3
-1
3
2
2
2
3
3
1
1
1
1
1
-1
0
0
-5
-6
-2
-2
2
2
-3
-3
-1
0
-2
-2
-1
-1
-1
2
1
-1
-2
-3
-1
-2
-1
-2
-2
-1
3
3
4
3
3
3
0
2
1
1
2
2
2
2
-1
1
1
3
4
1
0
3
3
2
4
3
4
5
3
4
4
1
1
1
2
1
2
2
4
2
2
3
2
2
4
4
1
2
3
2
-1
1
3
4
6
3
3
6
1
6
4
5
5
5
5
4
4
1
2
0
5
4
3
5
1
1
1
5
6
0
1
2
2
2
3
4
3
5
3
3
4
6
4
1
3
1
-4
-5
-2
3
2
1
-2
-3
-2
-3
-2
-2
-3
-2
-5
-3
-5
-5
-3
-5
-7
-8
-8
-9
-8
-8
-6
-7
-7
-6
-8
-7
-6
-8
-6
-4
-5
-5
0
-5
-7
-1
-4
-1
-3
-1
-4
-3
-3
-7
-3
-2
0
0
-6
-4
-1
-4
-5
-2
-1
-3
-3
-3
-4
-3
-4
-1
0
-2
0
-3
-3
-1
-3
-3
-2
-3
-2
-1
-3
-3
-3
-4
-2
-3
-4
-4
-4
-3
-1
-2
-3
-1
-2
-4
-4
-6
-4
-5
-2
-1
-3
-5
-6
-6
-5
-1
-5
-3
-5
-7
-2
-2
-4
-3
-3
-1
-2
-1
-2
-4
-3
-3
-1
-3
-3
-2
-1
2
-1
0
3
3
-2
-2
-1
0
2
3
5
0
-1
-2
1
-1
0
-1
-3
0
-2
-2
-2
-1
-2
-2
0
-3
-6
-2
-1
-2
-1
-1
-3
-1
-1
-2
2
-2
-3
1
-1
-1
-1
-1
0
-4
0
-1
1
0
-1
0
-4
1
2
2
1
2
5
0
3
5
5
6
3
1
-1
4
1
0
3
-3
-2
2
2
4
5
6
6
4
4
9
8
4
6
5
6
5
8
6
7
8
5
5
2
4
-1
1
2
1
4
1
4
7
1
4
6
6
3
3
7
7
10
10
8
9
9
10
10
12
12
6
9
8
9
9
4
4
6
7
5
7
7
5
5
5
4
8
7
3
5
7
6
3
3
3
5
6
6
2
1
3
5
2
4
2
3
5
3
2
3
3
0
0
2
2
4
3
1
0
2
2
-2
0
-1
-1
4
3
1
0
4
1
-1
1
2
3
1
3
3
0
1
2
2
2
2
-1
4
1
-1
3
0
0
3
1
0
-1
0
0
-2
-3
-2
-4
-4
-4
-6
-7
-5
-5
-7
-4
-4
-6
-6
-6
-6
-8
-7
-3
-2
-2
-3
-4
-6
-4
-1
-2
-3
-1
1
-3
-2
-1
-1
-3
-2
-1
-3
-2
-2
-2
1
0
-1
-2
-2
0
1
-1
1
2
-1
-1
0
0
0
-2
-2
0
-2
-3
-1
-2
1
2
-3
0
0
-3
-2
-2
-3
-3
-2
-3
-3
-2
-4
-2
-2
-5
-2
-2
-3
-3
-2
-1
-1
1
-1
-2
-3
-2
1
0
-1
0
0
0
2
1
-1
3
3
2
2
1
6
5
5
3
4
5
6
5
3
3
1
1
1
1
3
3
4
6
2
1
1
-1
0
-1
0
-4
-3
0
0
1
0
-2
-1
0
1
0
2
2
0
1
1
2
2
-1
-1
0
0
1
0
-4
-4
0
-4
-2
0
-1
2
1
1
1
1
-3
-3
-2
-3
-1
-3
-3
-2
-3
-1
-3
-1
-1
3
-3
0
4
2
4
1
1
1
5
0
3
1
1
1
2
1
-1
0
-5
-4
-1
0
2
-1
3
3
2
3
0
-1
0
1
4
1
2
5
5
6
3
3
5
5
3
5
9
6
8
9
8
4
8
7
7
5
-1
3
5
4
3
2
0
-1
1
0
-4
1
0
1
2
-2
1
1
2
5
4
3
0
1
4
4
3
6
6
5
5
5
2
5
8
6
6
4
5
2
3
6
6
5
1
4
8
3
-1
3
2
0
3
2
1
3
5
6
4
4
3
1
0
0
1
-2
2
-2
-3
-1
-3
-4
-4
-3
-2
-1
-3
-3
-3
-4
-5
0
1
-2
0
1
2
0
2
1
-1
-1
-1
0
1
1
-1
-3
-5
-4
-4
-7
-5
-5
-4
-4
-8
-4
-5
-8
-5
-4
-3
-6
-3
-5
-5
-4
-6
-4
-3
-5
-1
-3
-5
-1
-2
-2
0
0
-3
0
1
0
-4
-4
-3
-1
1
0
-2
-3
-3
-4
-5
-2
-2
-3
-3
-3
-2
-2
1
1
-1
-1
-3
0
-2
-1
2
1
3
3
-1
2
2
-3
1
1
-1
2
1
-1
-1
1
-1
0
2
2
0
3
3
2
2
1
2
5
3
3
1
0
2
7
6
5
8
6
6
5
4
5
5
5
3
5
6
5
8
5
6
5
1
1
4
5
4
7
5
2
7
3
2
4
3
-1
2
3
-1
1
1
0
0
0
1
-2
-1
-1
-1
-2
-2
-1
1
3
3
0
0
3
5
1
1
1
0
2
4
3
1
1
1
2
2
1
3
2
1
2
2
2
1
3
2
0
2
0
-1
-2
-1
3
2
1
-2
-1
0
-3
-1
-3
-3
-1
0
-2
-4
-4
-1
0
-2
-2
2
4
5
2
2
1
2
2
4
8
9
8
5
8
9
6
7
6
7
9
7
5
6
2
5
2
1
0
4
5
4
4
2
6
0
-2
-1
2
1
1
-1
-2
1
1
1
0
0
-1
-1
0
1
0
2
1
-1
3
2
2
1
-3
0
2
2
0
1
0
1
1
1
1
2
0
-3
-1
-5
0
1
-1
0
-2
-1
-3
-1
-5
0
0
0
1
-1
0
-1
0
2
0
2
4
0
5
2
2
2
1
1
2
3
0
-2
-3
-4
-4
-4
-3
-3
-5
-2
-4
-6
-1
-2
-7
-6
-4
-8
-4
-6
-6
-4
-6
-4
-4
-4
-5
-2
-4
-8
-3
-7
-5
-3
-7
-8
-5
-3
-4
-5
-5
-4
-6
-3
-5
-7
-7
-7
-6
-5
-6
-4
-7
-6
-10
-9
-7
-10
-8
-7
-11
-11
-10
-10
-10
-8
-7
-7
-6
-10
-2
-5
-5
-6
-8
-6
-6
-7
-6
-5
-8
-5
-3
-4
-4
-3
-5
-3
-3
-5
-2
-4
-2
-1
-2
-4
-5
-2
-3
1
-4
-3
1
-3
-2
-8
-4
-1
1
-2
-2
-1
-1
-1
-7
-1
1
-2
0
-2
0
0
0
-2
-3
-2
-3
0
-2
-5
-3
-3
-4
-1
-7
-7
-6
-4
-5
-6
-5
-4
-2
-5
1
-1
-2
1
-1
2
0
-1
-4
-4
-3
-5
-5
-3
-6
-7
-3
-4
-2
-3
-4
-6
-6
-8
-7
-5
-1
-4
-4
-2
-6
-5
-5
-4
-7
-2
-4
-5
-6
-6
-4
-5
-1
-3
0
-1
-1
-1
-1
2
-1
0
0
-5
1
-2
-2
0
-1
-1
-1
-1
-1
-1
-2
-2
-3
-4
0
-5
-5
0
-2
-3
-2
-3
-1
-1
-4
-1
1
1
-1
0
3
3
4
2
3
5
4
5
6
9
7
7
7
6
6
6
11
8
8
10
8
6
5
8
5
8
9
6
7
9
8
6
6
7
8
7
7
5
4
5
6
6
8
7
6
9
6
8
5
5
7
5
7
3
4
5
5
3
3
4
1
3
3
0
-2
2
0
-3
1
-3
1
2
0
1
0
-1
0
0
-1
1
1
-1
-1
3
1
0
1
0
-1
0
-3
-3
-5
-3
-1
-2
-4
-4
-1
-2
-4
-4
-3
-1
-2
-3
-2
-3
-1
-1
-5
-4
-2
-4
-3
-2
-3
-4
-2
-6
0
-1
-1
-4
-5
-3
-5
-2
-4
-2
-5
-2
-3
-5
-2
-6
-6
-6
-8
-7
-8
-4
-3
-1
-4
-6
-5
-6
-2
-2
-4
-4
-4
-5
-4
-6
-6
-7
-4
-6
-6
-6
-7
-7
-8
-7
-9
-8
-8
-11
-9
-9
-9
-9
-10
-12
-13
-15
-13
-13
-15
-16
-11
-14
-18
-12
-8
-10
-11
-7
-6
-4
-3
3
3
2
7
7
6
12
16
19
22
24
33
37
39
45
50
50
53
59
59
64
66
67
68
70
68
64
62
62
60
59
58
49
46
41
33
26
19
12
0
-7
-16
-22
-27
-35
-36
-45
-55
-58
-57
-55
-56
-55
-60
-58
-53
-50
-45
-41
-39
-39
-36
-31
-27
-25
-24
-25
-25
-23
-17
-16
-16
-16
-18
-16
-15
-12
-13
-16
-16
-17
-15
-17
-17
-14
-16
-12
-17
-16
-10
-10
-5
-2
3
7
10
16
20
23
32
39
43
49
50
54
51
52
55
59
59
59
59
57
55
55
52
52
53
47
40
35
36
35
27
23
17
13
8
4
0
-8
-14
-19
-24
-29
-33
-36
-42
-44
-48
-48
-56
-61
-60
-65
-69
-72
-76
-80
-81
-85
-91
-89
-94
-98
-99
-103
-104
-106
-101
-101
-101
-101
-94
-89
-86
-80
-71
-57
-54
-41
-27
-16
-2
12
27
39
52
70
88
100
117
130
144
155
166
175
186
191
199
205
206
211
209
206
205
202
190
185
178
168
153
137
119
104
86
66
48
24
5
-14
-33
-48
-60
-74
-87
-98
-102
-106
-107
-102
-103
-104
-100
-92
-86
-79
-70
-67
-61
-56
-49
-39
-30
-24
-16
-13
-8
3
11
17
22
22
24
28
25
29
29
23
15
10
4
-4
-15
-22
-32
-40
-45
-53
-54
-60
-66
-63
-66
-61
-60
-58
-57
-59
-60
-62
-62
-61
-65
-70
-76
-82
-88
-94
-103
-111
-119
-129
-140
-150
-157
-170
-183
-196
-211
-227
-243
-256
-271
-286
-302
-312
-315
-317
-307
-297
-280
-253
-222
-185
-139
-90
-41
19
77
139
197
253
310
361
409
451
493
529
562
594
624
649
671
692
710
729
744
757
761
764
761
746
720
682
628
564
487
399
306
200
91
-21
-130
-232
-331
-413
-486
-549
-594
-621
-630
-624
-607
-581
-553
-514
-468
-423
-375
-329
-287
-252
-216
-176
-138
-106
-71
-39
-11
33
77
117
159
195
225
249
269
278
275
261
228
176
118
51
-25
-112
-206
-303
-399
-493
-582
-656
-726
-783
-835
-878
-904
-922
-933
-948
-958
-966
-973
-975
-980
-984
-989
-992
-981
-961
-923
-879
-815
-735
-632
-510
-375
-222
-59
110
280
455
623
789
942
1079
1205
1315
1416
1496
1560
1617
1662
1703
1737
1767
1792
1815
1839
1854
1865
1874
1869
1849
1814
1749
1654
1530
1372
1185
972
729
463
186
-99
-376
-646
-895
-1115
-1307
-1463
-1580
-1653
-1686
-1680
-1644
-1584
-1499
-1399
-1286
-1169
-1052
-941
-837
-742
-655
-572
-491
-419
-350
-284
-215
-137
-50
42
139
238
327
415
497
568
619
645
644
614
558
475
370
247
97
-66
-236
-409
-574
-734
-882
-1017
-1128
-1222
-1296
-1346
-1385
-1411
-1429
-1433
-1426
-1409
-1389
-1367
-1342
-1314
-1274
-1217
-1146
-1055
-954
-833
-690
-529
-337
-129
87
316
548
781
1009
1231
1441
1630
1800
1940
2056
2147
2219
2268
2298
2306
2290
2270
2245
2224
2194
2170
2143
2114
2089
2050
2011
1960
1891
1782
1636
1455
1244
998
717
408
79
-265
-612
-951
-1253
-1513
-1744
-1935
-2079
-2159
-2183
-2158
-2090
-1991
-1858
-1699
-1532
-1358
-1185
-1029
-885
-768
-668
-582
-510
-451
-406
-359
-303
-235
-149
-50
61
174
289
416
536
648
726
779
792
771
720
636
535
405
230
27
-178
-380
-566
-755
-941
-1124
-1285
-1419
-1538
-1620
-1688
-1748
-1820
-1884
-1938
-1969
-1980
-2004
-2031
-2048
-2034
-1979
-1893
-1780
-1649
-1490
-1306
-1092
-840
-568
-287
-11
254
520
788
1067
1334
1577
1796
1993
2194
2381
2556
2697
2810
2904
2970
3028
3058
3068
3056
3020
2980
2939
2918
2904
2883
2863
2843
2836
2826
2784
2686
2528
2326
2077
1777
1418
1006
567
98
-380
-828
-1242
-1636
-1990
-2314
-2576
-2749
-2850
-2891
-2909
-2891
-2843
-2733
-2562
-2373
-2204
-2064
-1936
-1791
-1626
-1455
-1299
-1166
-1035
-905
-723
-498
-240
2
207
401
608
847
1076
1259
1382
1433
1457
1454
1427
1369
1240
1066
830
587
359
121
-102
-332
-538
-717
-834
-890
-927
-946
-959
-958
-941
-946
-994
-1093
-1227
-1389
-1593
-1812
-2047
-2274
-2488
-2679
-2815
-2884
-2876
-2807
-2685
-2492
-2220
-1891
-1540
-1186
-825
-471
-143
138
379
586
739
842
917
984
1045
1099
1153
1235
1355
1512
1688
1876
2081
2291
2502
2706
2887
3043
3141
3172
3153
3113
3046
2936
2793
2656
2540
2443
2355
2297
2302
2331
2339
2311
2268
2217
2121
1949
1705
1403
1056
646
192
-268
-707
-1122
-1539
-1936
-2286
-2546
-2710
-2791
-2807
-2767
-2659
-2512
-2309
-2052
-1791
-1553
-1368
-1202
-1049
-921
-838
-808
-794
-780
-754
-698
-610
-498
-368
-235
-69
130
357
585
752
876
964
1051
1129
1133
1056
922
748
548
310
65
-186
-502
-876
-1263
-1575
-1811
-2064
-2347
-2615
-2830
-3016
-3192
-3291
-3279
-3229
-3211
-3206
-3114
-2910
-2682
-2474
-2279
-2043
-1793
-1532
-1235
-884
-504
-174
136
477
869
1256
1601
1919
2244
2560
2836
3074
3293
3487
3619
3670
3698
3745
3780
3755
3647
3519
3436
3399
3384
3380
3403
3494
3666
3969
4389
4760
4895
4703
4364
4070
3759
3228
2382
1368
351
-671
-1718
-2642
-3357
-3972
-4689
-5436
-5891
-5915
-5680
-5427
-5222
-4977
-4669
-4294
-3771
-3140
-2617
-2414
-2466
-2451
-2195
-1825
-1554
-1483
-1506
-1460
-1239
-791
-199
381
837
1179
1553
2094
2764
3356
3644
3622
3483
3381
3290
3082
2699
2186
1564
870
241
-207
-516
-877
-1347
-1743
-1906
-1854
-1711
-1538
-1365
-1328
-1473
-1622
-1602
-1511
-1651
-2112
-2656
-3040
-3287
-3537
-3799
-3988
-4116
-4217
-4169
-3828
-3253
-2682
-2232
-1775
-1161
-446
218
787
1279
1668
1900
2017
2114
2223
2253
2131
1916
1713
1619
1635
1715
1818
1900
1988
2126
2336
2629
2933
3139
3182
3121
3121
3213
3219
3067
2828
2642
2546
2503
2606
2853
3119
3322
3574
3974
4302
4290
4091
3995
3912
3461
2622
1812
1182
378
-750
-1825
-2536
-3123
-3943
-4774
-5163
-5182
-5199
-5256
-5063
-4606
-4213
-3959
-3549
-2905
-2355
-2162
-2111
-1905
-1608
-1422
-1395
-1399
-1388
-1370
-1265
-1015
-662
-297
44
409
821
1313
1910
2459
2779
2865
2936
3088
3130
2913
2538
2162
1759
1212
606
173
-100
-449
-973
-1489
-1789
-1905
-2010
-2204
-2454
-2694
-2890
-3024
-3091
-3156
-3270
-3441
-3614
-3701
-3657
-3511
-3344
-3223
-3127
-2922
-2545
-2050
-1540
-1025
-478
75
614
1163
1725
2249
2626
2829
2945
3029
3069
3046
2987
2901
2756
2605
2530
2545
2590
2572
2561
2632
2786
2983
3174
3388
3640
3896
4183
4522
4943
5402
5788
5981
5880
5556
5214
4912
4446
3623
2540
1479
531
-420
-1426
-2364
-3154
-3901
-4653
-5226
-5461
-5470
-5466
-5490
-5439
-5258
-5013
-4717
-4346
-3990
-3801
-3780
-3716
-3453
-3082
-2772
-2576
-2415
-2172
-1789
-1244
-595
51
628
1147
1659
2216
2820
3389
3763
3850
3775
3698
3659
3514
3148
2647
2118
1578
1027
546
212
-81
-458
-858
-1123
-1237
-1361
-1552
-1745
-1898
-2126
-2503
-2895
-3171
-3400
-3784
-4279
-4662
-4836
-4905
-4969
-4963
-4792
-4497
-4140
-3670
-3025
-2276
-1574
-949
-309
414
1135
1735
2187
2508
2726
2846
2906
2925
2880
2760
2571
2383
2255
2210
2248
2318
2416
2555
2758
3000
3214
3394
3560
3708
3790
3821
3903
4065
4239
4387
4604
4940
5259
5362
5216
5007
4842
4597
4117
3411
2597
1711
720
-343
-1347
-2213
-3054
-3960
-4839
-5507
-5871
-6022
-6116
-6169
-6123
-5967
-5705
-5329
-4853
-4373
-4017
-3812
-3608
-3266
-2851
-2511
-2295
-2092
-1798
-1444
-1055
-610
-93
422
837
1227
1721
2327
2881
3208
3348
3427
3490
3469
3312
3032
2641
2148
1576
1016
555
156
-279
-756
-1205
-1571
-1841
-2025
-2150
-2312
-2601
-2979
-3299
-3478
-3626
-3881
-4235
-4544
-4738
-4858
-4922
-4880
-4715
-4510
-4295
-3960
-3390
-2672
-1972
-1347
-719
-28
649
1266
1847
2385
2772
2935
2956
2967
2975
2887
2665
2375
2130
1999
1987
2054
2183
2350
2532
2729
2954
3207
3424
3553
3583
3600
3678
3795
3908
4036
4220
4521
4896
5207
5290
5132
4928
4788
4580
4013
3108
2215
1451
550
-618
-1739
-2502
-3156
-4094
-5115
-5673
-5738
-5811
-6071
-6168
-5889
-5544
-5357
-5077
-4502
-3927
-3699
-3619
-3282
-2736
-2325
-2142
-1950
-1608
-1256
-910
-477
34
527
917
1293
1747
2261
2792
3216
3428
3476
3524
3632
3618
3313
2858
2449
2039
1475
824
325
-23
-468
-1092
-1686
-2051
-2290
-2617
-3046
-3448
-3763
-4090
-4439
-4710
-4863
-4988
-5154
-5291
-5270
-5063
-4771
-4468
-4149
-3725
-3160
-2525
-1867
-1169
-416
334
997
1580
2139
2651
3007
3153
3172
3167
3125
2973
2737
2540
2465
2488
2573
2728
2972
3276
3524
3692
3831
3941
3971
3879
3722
3587
3472
3368
3342
3445
3687
4040
4478
4932
5184
5160
5067
5117
5131
4714
3819
2821
1967
1039
-157
-1416
-2471
-3445
-4578
-5710
-6424
-6669
-6793
-6969
-6997
-6723
-6299
-5862
-5315
-4589
-3903
-3487
-3244
-2893
-2380
-1910
-1649
-1557
-1484
-1330
-1048
-649
-200
209
596
1019
1539
2178
2886
3528
3947
4131
4253
4424
4518
4365
3943
3393
2781
2094
1369
701
128
-483
-1165
-1781
-2211
-2487
-2722
-2937
-3125
-3321
-3538
-3696
-3760
-3819
-4004
-4268
-4450
-4512
-4515
-4498
-4407
-4249
-4052
-3772
-3282
-2594
-1875
-1210
-521
278
1120
1888
2558
3122
3502
3656
3655
3609
3503
3253
2865
2453
2132
1973
2017
2213
2460
2685
2929
3215
3497
3702
3797
3803
3698
3514
3335
3272
3311
3362
3438
3658
4091
4633
5107
5366
5412
5380
5379
5284
4871
4083
3127
2191
1188
15
-1190
-2221
-3160
-4224
-5302
-5993
-6182
-6195
-6292
-6336
-6115
-5719
-5311
-4836
-4203
-3598
-3268
-3129
-2857
-2370
-1921
-1701
-1626
-1541
-1396
-1151
-771
-301
158
553
958
1473
2114
2826
3482
3923
4094
4152
4260
4350
4212
3773
3184
2574
1908
1213
602
105
-419
-1063
-1692
-2148
-2425
-2647
-2881
-3137
-3455
-3784
-4007
-4090
-4175
-4379
-4638
-4801
-4843
-4832
-4724
-4471
-4161
-3908
-3606
-3051
-2262
-1470
-789
-120
619
1339
1927
2417
2831
3071
3077
2913
2738
2566
2320
2028
1785
1673
1712
1922
2246
2582
2842
3036
3196
3307
3338
3295
3174
2953
2668
2449
2393
2476
2632
2841
3190
3730
4432
5151
5660
5862
5893
5959
5974
5603
4766
3758
2781
1694
318
-1101
-2234
-3216
-4380
-5622
-6425
-6632
-6659
-6809
-6866
-6562
-6048
-5589
-5104
-4409
-3677
-3259
-3127
-2926
-2511
-2135
-2025
-2072
-2118
-2067
-1918
-1621
-1174
-692
-228
258
875
1661
2542
3368
3949
4228
4384
4563
4674
4499
4008
3390
2726
1980
1202
535
-5
-581
-1270
-1899
-2322
-2590
-2799
-2993
-3181
-3453
-3781
-3975
-3990
-4024
-4255
-4571
-4744
-4764
-4753
-4690
-4498
-4218
-3977
-3690
-3111
-2259
-1383
-639
73
870
1640
2226
2645
2968
3135
3040
2744
2431
2159
1883
1610
1444
1467
1645
1914
2245
2589
2873
3062
3162
3196
3151
3012
2814
2575
2335
2149
2083
2181
2387
2667
3070
3700
4564
5401
5904
6072
6162
6328
6325
5822
4909
3926
2949
1761
300
-1082
-2146
-3149
-4365
-5564
-6259
-6408
-6455
-6586
-6553
-6197
-5713
-5301
-4819
-4106
-3427
-3095
-3030
-2884
-2531
-2239
-2190
-2266
-2302
-2246
-2098
-1793
-1291
-714
-176
343
982
1846
2821
3683
4234
4487
4653
4838
4910
4682
4151
3492
2788
2013
1233
585
62
-497
-1160
-1764
-2127
-2291
-2409
-2587
-2812
-3073
-3339
-3522
-3611
-3734
-3996
-4332
-4580
-4685
-4694
-4613
-4431
-4187
-3923
-3555
-2935
-2085
-1203
-416
322
1088
1810
2381
2803
3086
3178
3028
2701
2331
1982
1651
1360
1182
1166
1312
1616
2033
2442
2747
2933
3018
3010
2903
2722
2465
2116
1708
1368
1223
1275
1435
1656
1966
2480
3296
4332
5257
5712
5784
5892
6178
6219
5589
4493
3417
2397
1084
-497
-1873
-2875
-3932
-5285
-6452
-6913
-6879
-6895
-6999
-6822
-6307
-5799
-5382
-4786
-3960
-3315
-3142
-3177
-3029
-2701
-2483
-2515
-2698
-2875
-2920
-2725
-2306
-1786
-1267
-732
-106
672
1620
2667
3565
4072
4243
4403
4660
4719
4360
3706
3019
2321
1527
742
141
-351
-936
-1566
-2017
-2213
-2328
-2455
-2570
-2698
-2933
-3231
-3394
-3410
-3523
-3874
-4266
-4499
-4583
-4638
-4631
-4469
-4206
-3917
-3491
-2750
-1774
-836
-46
693
1450
2149
2668
2994
3153
3119
2918
2603
2237
1880
1579
1419
1401
1502
1775
2248
2812
3233
3421
3531
3627
3620
3431
3098
2734
2357
1977
1701
1628
1740
1947
2227
2675
3393
4394
5508
6346
6678
6718
6881
7140
6955
6060
4866
3780
2624
1087
-570
-1838
-2825
-4049
-5496
-6497
-6697
-6589
-6662
-6702
-6337
-5717
-5224
-4778
-4055
-3195
-2713
-2731
-2815
-2632
-2342
-2276
-2451
-2678
-2787
-2704
-2410
-1919
-1342
-735
-101
572
1378
2376
3430
4230
4581
4680
4840
5006
4875
4346
3628
2905
2107
1229
482
-18
-464
-1082
-1692
-2000
-2055
-2121
-2267
-2362
-2433
-2643
-2958
-3147
-3193
-3372
-3827
-4293
-4474
-4466
-4471
-4477
-4316
-3976
-3532
-2935
-2093
-1092
-142
679
1456
2196
2762
3096
3235
3206
3001
2656
2263
1892
1552
1310
1289
1492
1834
2265
2789
3296
3590
3667
3667
3653
3514
3180
2753
2361
2027
1720
1504
1501
1686
1959
2315
2881
3795
4958
5963
6424
6472
6590
6948
7020
6303
5075
3947
2937
1547
-203
-1671
-2649
-3698
-5164
-6449
-6885
-6765
-6817
-7034
-6832
-6151
-5548
-5196
-4653
-3744
-2999
-2868
-3045
-2986
-2667
-2485
-2626
-2910
-3111
-3117
-2917
-2527
-2018
-1439
-769
-39
713
1597
2669
3669
4203
4295
4356
4564
4605
4173
3427
2697
1995
1157
291
-319
-724
-1237
-1903
-2346
-2390
-2318
-2440
-2675
-2780
-2814
-2998
-3323
-3579
-3747
-4039
-4518
-4915
-5039
-5003
-5001
-5002
-4825
-4388
-3746
-2967
-2096
-1161
-219
643
1385
1978
2423
2682
2701
2479
2137
1801
1499
1169
856
728
883
1262
1746
2293
2855
3263
3410
3395
3357
3284
3020
2527
1991
1593
1299
1044
913
1022
1320
1693
2185
2974
4130
5358
6196
6478
6517
6758
7111
6973
6046
4759
3635
2544
1048
-678
-2053
-3048
-4239
-5750
-6819
-6953
-6710
-6781
-6946
-6608
-5849
-5241
-4846
-4219
-3352
-2806
-2857
-3047
-2890
-2557
-2484
-2733
-3012
-3111
-3003
-2686
-2161
-1520
-853
-179
537
1385
2411
3509
4331
4639
4643
4716
4897
4794
4198
3353
2567
1809
969
210
-280
-667
-1236
-1826
-2057
-1897
-1756
-1915
-2165
-2206
-2158
-2321
-2651
-2895
-3074
-3447
-4027
-4453
-4532
-4497
-4609
-4716
-4526
-4007
-3298
-2524
-1649
-675
275
1087
1763
2335
2747
2894
2751
2437
2119
1887
1673
1382
1110
1043
1245
1607
2016
2481
2965
3312
3450
3467
3494
3475
3209
2693
2188
1894
1718
1520
1377
1450
1764
2220
2781
3563
4682
5906
6796
7121
7172
7426
7836
7785
6872
5547
4449
3463
2041
254
-1187
-2109
-3195
-4718
-5910
-6109
-5810
-5861
-6159
-5960
-5201
-4551
-4235
-3770
-2965
-2370
-2398
-2657
-2586
-2267
-2159
-2379
-2654
-2743
-2628
-2317
-1829
-1225
-585
42
712
1497
2462
3536
4384
4702
4636
4660
4886
4879
4311
3422
2612
1920
1139
341
-198
-570
-1088
-1730
-2064
-1852
-1504
-1538
-1878
-2073
-1983
-1976
-2309
-2807
-3226
-3611
-4163
-4798
-5197
-5305
-5415
-5663
-5799
-5467
-4702
-3860
-3093
-2250
-1212
-170
616
1160
1630
1972
1949
1532
1045
774
590
248
-233
-521
-386
36
533
1061
1668
2255
2610
2705
2710
2703
2543
2083
1451
924
611
414
249
179
313
665
1182
1895
2897
4185
5461
6294
6600
6782
7248
7680
7358
6164
4789
3763
2734
1178
-618
-1984
-2999
-4284
-5808
-6747
-6756
-6530
-6685
-6867
-6439
-5593
-4963
-4577
-3981
-3164
-2680
-2755
-2920
-2761
-2481
-2474
-2771
-3092
-3197
-3055
-2682
-2171
-1637
-1066
-373
467
1411
2442
3508
4330
4651
4657
4767
5015
4947
4296
3378
2582
1891
1133
433
-22
-370
-875
-1384
-1449
-1012
-568
-551
-797
-863
-677
-583
-825
-1295
-1801
-2318
-2900
-3480
-3919
-4214
-4475
-4742
-4846
-4549
-3832
-2953
-2122
-1299
-322
768
1710
2381
2875
3223
3263
2931
2456
2139
1938
1622
1183
893
944
1259
1693
2202
2763
3224
3446
3490
3535
3583
3450
3019
2430
1920
1564
1308
1137
1106
1243
1551
2048
2789
3780
4952
6204
7265
7876
8125
8399
8798
8788
7879
6417
5153
4129
2734
830
-921
-2110
-3202
-4626
-5902
-6364
-6232
-6253
-6503
-6351
-5649
-4949
-4578
-4196
-3508
-2879
-2766
-3001
-3103
-2969
-2885
-3056
-3388
-3661
-3721
-3492
-3019
-2473
-1917
-1273
-470
439
1396
2437
3412
3984
4090
4107
4295
4372
3934
3087
2276
1621
921
156
-415
-710
-1002
-1430
-1673
-1440
-942
-612
-597
-697
-735
-740
-854
-1198
-1793
-2534
-3262
-3909
-4499
-5037
-5462
-5767
-5996
-6040
-5661
-4845
-3895
-3048
-2182
-1104
44
944
1552
2019
2274
2129
1667
1243
1021
803
371
-128
-354
-201
217
760
1361
1931
2331
2521
2630
2736
2756
2542
2049
1462
997
739
636
617
691
892
1287
1951
2872
3964
5150
6366
7409
8040
8274
8437
8692
8609
7694
6185
4809
3763
2456
583
-1269
-2520
-3486
-4741
-6005
-6533
-6322
-6161
-6335
-6278
-5625
-4822
-4394
-4110
-3542
-2890
-2677
-2907
-3104
-3056
-3021
-3241
-3613
-3873
-3883
-3642
-3202
-2674
-2084
-1392
-575
313
1248
2253
3211
3837
3992
3963
4059
4129
3760
2957
2125
1525
1001
410
-89
-353
-530
-816
-1041
-917
-480
-131
-124
-318
-478
-565
-738
-1154
-1828
-2650
-3441
-4124
-4754
-5332
-5798
-6093
-6267
-6291
-5993
-5268
-4270
-3320
-2428
-1399
-205
854
1523
1887
2093
2079
1747
1255
877
622
286
-123
-362
-250
99
515
976
1476
1902
2153
2285
2384
2396
2207
1824
1383
1024
804
723
748
864
1113
1588
2324
3226
4171
5139
6227
7375
8270
8658
8685
8697
8703
8260
7075
5541
4232
3091
1604
-258
-1872
-2886
-3774
-4961
-6011
-6287
-5966
-5768
-5830
-5625
-4923
-4214
-3864
-3564
-3018
-2504
-2488
-2859
-3134
-3138
-3109
-3290
-3610
-3856
-3816
-3430
-2808
-2152
-1512
-781
73
964
1867
2833
3760
4305
4367
4294
4390
4474
4125
3400
2705
2232
1781
1253
857
701
589
333
130
255
629
876
832
635
421
156
-233
-747
-1423
-2260
-3175
-3996
-4682
-5283
-5787
-6124
-6243
-6179
-5841
-5137
-4128
-3036
-1988
-886
261
1241
1876
2216
2360
2257
1862
1327
834
409
-36
-467
-723
-727
-510
-112
431
989
1422
1699
1904
2057
2064
1884
1561
1219
929
728
657
715
907
1225
1683
2303
3100
4032
4995
5958
6987
8056
8830
8991
8727
8523
8410
7811
6426
4781
3481
2332
772
-1059
-2415
-3164
-3969
-5112
-5956
-5928
-5445
-5246
-5285
-5009
-4366
-3864
-3673
-3441
-2996
-2703
-2871
-3278
-3522
-3533
-3552
-3738
-4034
-4227
-4096
-3594
-2919
-2266
-1601
-783
148
1053
1935
2884
3730
4143
4150
4137
4334
4435
4095
3451
2902
2536
2121
1630
1253
1057
848
514
279
333
553
657
556
377
176
-124
-585
-1176
-1887
-2738
-3683
-4568
-5287
-5850
-6302
-6646
-6824
-6732
-6282
-5508
-4548
-3521
-2433
-1249
-72
905
1575
1965
2069
1846
1372
848
378
-148
-762
-1287
-1513
-1440
-1213
-849
-285
431
1095
1584
1953
2261
2435
2378
2174
1979
1865
1803
1753
1733
1795
1995
2342
2822
3425
4139
4898
5671
6513
7445
8220
8499
8265
7916
7728
7354
6328
4808
3414
2309
1022
-618
-2077
-2952
-3626
-4607
-5619
-5988
-5712
-5448
-5501
-5463
-5029
-4520
-4269
-4087
-3691
-3282
-3271
-3613
-3897
-3921
-3881
-4009
-4287
-4521
-4508
-4156
-3573
-2931
-2289
-1522
-583
403
1365
2370
3401
4151
4428
4497
4704
4945
4819
4264
3610
3091
2603
2031
1530
1204
920
527
181
146
371
562
528
380
264
159
-59
-466
-1032
-1726
-2502
-3326
-4136
-4800
-5294
-5697
-6057
-6267
-6132
-5607
-4836
-3989
-3030
-1889
-677
406
1246
1878
2242
2212
1794
1193
603
23
-633
-1293
-1746
-1844
-1663
-1300
-744
7
810
1487
2072
2654
3187
3490
3476
3312
3167
3076
2950
2772
2607
2505
2529
2691
2993
3407
3911
4520
5200
5972
6887
7794
8286
8155
7773
7602
7496
6833
5458
3954
2763
1591
59
-1495
-2556
-3319
-4352
-5569
-6225
-6079
-5765
-5812
-5922
-5618
-5032
-4597
-4371
-4064
-3672
-3564
-3856
-4222
-4354
-4307
-4345
-4592
-4908
-5013
-4718
-4099
-3389
-2703
-1918
-921
181
1268
2393
3540
4427
4806
4854
5002
5295
5303
4766
3960
3284
2750
2176
1581
1116
760
348
-75
-241
-62
203
264
134
1
-56
-148
-434
-922
-1561
-2312
-3141
-3977
-4725
-5326
-5845
-6337
-6723
-6765
-6372
-5673
-4885
-4054
-3042
-1860
-677
303
1012
1436
1516
1250
753
230
-274
-835
-1425
-1877
-2030
-1875
-1482
-916
-195
641
1448
2162
2810
3365
3722
3756
3539
3271
3057
2836
2509
2139
1843
1716
1776
1989
2355
2865
3481
4157
4889
5754
6768
7713
8167
8006
7659
7530
7398
6658
5254
3795
2673
1556
61
-1459
-2500
-3205
-4131
-5231
-5811
-5641
-5306
-5324
-5445
-5188
-4664
-4300
-4138
-3891
-3552
-3492
-3828
-4226
-4365
-4297
-4303
-4508
-4731
-4697
-4285
-3581
-2796
-2033
-1204
-243
774
1777
2838
3934
4744
5028
4972
5012
5186
5098
4531
3747
3092
2548
1970
1411
1019
712
304
-118
-239
6
299
370
273
218
244
160
-177
-724
-1370
-2101
-2938
-3836
-4666
-5321
-5857
-6372
-6818
-6952
-6632
-5995
-5273
-4515
-3554
-2375
-1215
-280
417
924
1109
896
463
86
-218
-654
-1230
-1635
-1626
-1306
-897
-420
245
1057
1835
2477
3033
3491
3705
3607
3327
3043
2805
2546
2221
1890
1647
1565
1650
1863
2185
2647
3254
3940
4649
5435
6389
7379
7999
8006
7666
7454
7396
6968
5851
4424
3240
2264
1050
-429
-1676
-2502
-3329
-4415
-5342
-5584
-5348
-5276
-5478
-5475
-5050
-4570
-4353
-4229
-3941
-3648
-3666
-3934
-4095
-4032
-3943
-4022
-4198
-4248
-4018
-3494
-2808
-2093
-1356
-513
439
1414
2373
3356
4251
4784
4887
4868
4996
5098
4799
4106
3389
2838
2306
1691
1144
776
451
36
-306
-292
1
212
164
30
-8
-6
-175
-605
-1208
-1909
-2703
-3589
-4465
-5235
-5861
-6422
-6954
-7288
-7204
-6693
-5985
-5234
-4385
-3308
-2070
-902
47
751
1186
1267
1054
731
450
161
-261
-737
-1042
-1027
-761
-364
117
676
1281
1868
2405
2867
3181
3270
3111
2781
2449
2226
2058
1822
1527
1331
1343
1505
1753
2097
2589
3192
3827
4506
5331
6321
7254
7782
7763
7458
7230
7103
6655
5610
4248
3030
1967
718
-706
-1920
-2781
-3651
-4745
-5657
-5906
-5693
-5612
-5768
-5749
-5344
-4862
-4574
-4334
-3979
-3700
-3749
-3997
-4117
-4018
-3916
-3988
-4153
-4209
-3995
-3488
-2797
-2087
-1394
-622
268
1217
2199
3197
4060
4562
4680
4675
4779
4853
4592
3991
3333
2799
2315
1811
1352
1008
675
271
-47
-60
157
318
247
51
-95
-231
-497
-955
-1552
-2234
-2973
-3740
-4480
-5117
-5637
-6068
-6410
-6568
-6408
-5873
-5067
-4171
-3237
-2172
-973
176
1060
1621
1926
1982
1778
1414
1047
711
320
-78
-318
-297
-99
178
557
1056
1584
2008
2333
2612
2836
2879
2691
2399
2128
1920
1737
1554
1382
1270
1287
1460
1774
2200
2707
3288
3916
4567
5290
6137
7012
7591
7641
7336
7075
6976
6654
5762
4470
3247
2212
1068
-272
-1487
-2367
-3193
-4225
-5153
-5511
-5388
-5287
-5391
-5388
-5060
-4616
-4290
-4006
-3629
-3329
-3338
-3567
-3698
-3618
-3494
-3517
-3703
-3894
-3848
-3435
-2783
-2127
-1541
-914
-143
751
1700
2681
3579
4153
4328
4357
4513
4690
4570
4065
3397
2762
2190
1644
1166
747
264
-278
-699
-815
-689
-556
-572
-684
-802
-906
-1028
-1268
-1713
-2360
-3098
-3808
-4465
-5085
-5652
-6127
-6498
-6706
-6629
-6168
-5408
-4564
-3696
-2705
-1536
-332
664
1344
1719
1801
1624
1294
941
584
158
-325
-703
-814
-669
-373
5
449
928
1393
1831
2237
2559
2712
2654
2473
2265
2081
1952
1834
1714
1590
1532
1624
1895
2289
2726
3205
3748
4344
4982
5729
6592
7364
7723
7581
7270
7137
7047
6533
5428
4113
2990
1945
711
-621
-1710
-2543
-3445
-4463
-5189
-5315
-5132
-5090
-5172
-5048
-4629
-4166
-3839
-3562
-3264
-3088
-3168
-3393
-3531
-3512
-3494
-3641
-3896
-4022
-3821
-3286
-2599
-1926
-1243
-442
481
1464
2480
3499
4334
4780
4889
4973
5168
5233
4874
4166
3440
2835
2272
1689
1168
748
331
-107
-388
-345
-110
35
-8
-100
-95
-40
-111
-421
-944
-1578
-2233
-2884
-3520
-4132
-4701
-5207
-5605
-5775
-5607
-5125
-4480
-3774
-2956
-1932
-770
335
1217
1807
2088
2070
1840
1526
1181
779
286
-211
-544
-609
-455
-196
106
447
853
1302
1762
2171
2461
2596
2557
2408
2265
2180
2109
1985
1811
1659
1617
1708
1904
2193
2550
2960
3414
3949
4572
5280
6035
6719
7149
7218
7059
6908
6785
6388
5491
4302
3193
2211
1100
-184
-1343
-2222
-3037
-3983
-4840
-5241
-5231
-5189
-5274
-5254
-4976
-4607
-4338
-4127
-3880
-3696
-3733
-3942
-4099
-4104
-4072
-4139
-4291
-4398
-4292
-3907
-3304
-2652
-2023
-1330
-496
428
1339
2219
3019
3585
3824
3912
4058
4188
4018
3441
2719
2109
1610
1101
563
70
-351
-711
-960
-1007
-883
-736
-690
-707
-670
-533
-415
-512
-894
-1453
-2016
-2552
-3136
-3809
-4481
-5092
-5636
-6051
-6195
-6012
-5634
-5184
-4613
-3781
-2712
-1586
-569
291
946
1277
1286
1125
918
633
176
-423
-969
-1312
-1422
-1354
-1192
-962
-633
-158
430
1041
1560
1923
2128
2203
2227
2258
2275
2201
1992
1747
1588
1550
1583
1647
1761
1947
2239
2679
3294
4020
4728
5380
6018
6620
7028
7136
7053
6901
6603
5939
4920
3819
2802
1723
415
-945
-2049
-2883
-3703
-4572
-5194
-5343
-5215
-5115
-5052
-4817
-4378
-3962
-3713
-3507
-3257
-3100
-3195
-3450
-3627
-3642
-3644
-3766
-3943
-3974
-3715
-3209
-2582
-1931
-1234
-419
509
1486
2444
3332
4053
4509
4722
4846
4945
4881
4512
3900
3264
2716
2181
1617
1088
650
267
-72
-271
-256
-107
7
34
59
162
263
200
-99
-563
-1091
-1662
-2315
-3054
-3786
-4424
-4970
-5428
-5699
-5655
-5341
-4888
-4349
-3617
-2622
-1520
-528
275
944
1434
1618
1482
1177
857
477
-53
-646
-1090
-1255
-1211
-1058
-805
-425
63
606
1171
1735
2206
2505
2654
2746
2818
2799
2638
2376
2127
1942
1801
1679
1619
1678
1867
2191
2644
3227
3906
4595
5264
5944
6653
7247
7495
7356
7069
6820
6445
5656
4496
3320
2299
1255
22
-1194
-2122
-2846
-3616
-4378
-4808
-4825
-4718
-4730
-4746
-4571
-4270
-4042
-3919
-3805
-3688
-3694
-3883
-4135
-4293
-4329
-4333
-4391
-4476
-4425
-4085
-3482
-2780
-2071
-1295
-393
574
1508
2409
3245
3878
4181
4239
4266
4287
4114
3624
2980
2396
1901
1398
881
434
85
-224
-492
-606
-518
-330
-212
-192
-172
-89
-4
-67
-361
-838
-1393
-1966
-2588
-3268
-3915
-4472
-4953
-5378
-5644
-5609
-5278
-4811
-4305
-3671
-2806
-1785
-818
-13
652
1136
1321
1186
882
559
190
-292
-838
-1259
-1427
-1391
-1211
-901
-458
63
612
1181
1749
2232
2541
2683
2719
2680
2565
2395
2178
1958
1772
1633
1564
1580
1686
1904
2239
2673
3185
3783
4447
5142
5841
6510
7051
7309
7272
7094
6881
6506
5779
4764
3704
2707
1628
389
-820
-1791
-2602
-3447
-4244
-4750
-4920
-4961
-5032
-5046
-4898
-4649
-4426
-4242
-4041
-3887
-3896
-4048
-4207
-4283
-4300
-4325
-4391
-4439
-4357
-4035
-3486
-2826
-2132
-1394
-576
300
1187
2077
2907
3534
3848
3945
4004
4034
3883
3453
2866
2283
1751
1232
749
353
34
-235
-414
-437
-299
-88
100
240
358
478
571
561
338
-98
-604
-1098
-1635
-2309
-3045
-3663
-4107
-4455
-4729
-4818
-4629
-4240
-3768
-3198
-2439
-1528
-656
74
680
1161
1411
1369
1120
813
477
39
-493
-954
-1192
-1190
-1030
-763
-387
96
669
1278
1887
2418
2780
2944
2954
2909
2857
2741
2498
2184
1928
1828
1843
1866
1894
2017
2298
2700
3179
3753
4419
5091
5712
6327
6968
7492
7687
7552
7279
6992
6543
5763
4733
3669
2623
1478
257
-833
-1691
-2460
-3286
-4036
-4463
-4546
-4522
-4537
-4526
-4397
-4197
-4038
-3920
-3805
-3730
-3788
-3982
-4183
-4264
-4243
-4230
-4266
-4275
-4109
-3704
-3123
-2455
-1741
-967
-153
652
1434
2216
2941
3446
3641
3619
3554
3474
3261
2824
2230
1633
1101
629
233
-56
-249
-409
-539
-552
-386
-107
131
236
263
285
283
175
-114
-558
-1109
-1733
-2394
-3036
-3607
-4105
-4546
-4897
-5078
-5036
-4785
-4383
-3851
-3205
-2457
-1664
-908
-247
277
618
732
609
323
-13
-367
-759
-1175
-1501
-1619
-1551
-1354
-1055
-616
-61
520
1073
1600
2096
2451
2594
2578
2499
2378
2187
1916
1632
1411
1280
1224
1252
1368
1571
1875
2287
2825
3446
4083
4682
5266
5880
6455
6831
6886
6692
6414
6101
5589
4769
3754
2741
1754
685
-463
-1520
-2362
-3099
-3859
-4529
-4915
-5013
-5010
-5028
-5016
-4897
-4723
-4584
-4486
-4390
-4322
-4368
-4515
-4661
-4700
-4642
-4579
-4549
-4489
-4260
-3788
-3162
-2516
-1879
-1187
-418
366
1103
1795
2410
2839
3016
3032
3049
3047
2892
2508
2028
1602
1236
887
569
351
208
77
-39
-36
109
298
412
420
378
339
297
172
-92
-502
-996
-1501
-2011
-2512
-2998
-3452
-3851
-4184
-4369
-4344
-4123
-3795
-3407
-2927
-2325
-1643
-985
-409
80
449
622
575
382
142
-103
-380
-657
-866
-946
-867
-635
-283
136
583
1051
1556
2063
2503
2797
2927
2944
2893
2800
2664
2461
2216
1994
1861
1831
1871
1968
2146
2424
2786
3220
3746
4358
4982
5549
6087
6643
7105
7269
7081
6750
6444
6042
5337
4358
3346
2421
1427
309
-765
-1611
-2310
-3054
-3780
-4250
-4373
-4360
-4399
-4443
-4356
-4154
-3979
-3863
-3739
-3601
-3565
-3699
-3876
-3945
-3871
-3779
-3768
-3773
-3637
-3260
-2709
-2110
-1509
-879
-205
480
1162
1886
2602
3135
3369
3409
3468
3567
3514
3193
2696
2211
1802
1417
1060
766
505
238
-13
-120
-29
156
275
273
237
247
287
260
90
-241
-687
-1188
-1696
-2209
-2727
-3251
-3755
-4210
-4543
-4679
-4636
-4491
-4289
-3992
-3538
-2943
-2307
-1698
-1128
-647
-313
-131
-81
-120
-269
-522
-823
-1086
-1263
-1351
-1336
-1191
-914
-535
-92
386
894
1389
1825
2139
2316
2397
2417
2373
2222
1972
1693
1469
1326
1253
1238
1279
1368
1517
1777
2197
2745
3318
3831
4301
4823
5426
5980
6302
6289
6037
5743
5450
5005
4258
3269
2249
1269
276
-731
-1638
-2383
-3081
-3792
-4387
-4674
-4682
-4643
-4688
-4717
-4625
-4454
-4303
-4184
-4058
-3960
-3990
-4135
-4276
-4271
-4142
-4021
-3968
-3912
-3689
-3225
-2587
-1927
-1322
-739
-122
547
1235
1917
2516
2926
3094
3124
3169
3232
3166
2868
2435
2022
1691
1415
1178
982
803
596
412
382
518
703
777
730
672
673
700
665
507
208
-200
-655
-1058
-1400
-1766
-2213
-2693
-3080
-3329
-3462
-3505
-3473
-3373
-3190
-2897
-2477
-1963
-1437
-955
-532
-154
148
359
472
474
358
158
-29
-150
-204
-214
-150
10
275
622
1030
1494
1952
2336
2598
2764
2886
2937
2918
2800
2592
2347
2117
1981
1945
1943
1944
1979
2108
2374
2755
3207
3651
4058
4444
4873
5367
5851
6202
6313
6192
5952
5691
5384
4877
4094
3159
2242
1373
468
-461
-1273
-1950
-2622
-3332
-3904
-4152
-4179
-4225
-4352
-4418
-4316
-4146
-3998
-3854
-3684
-3585
-3638
-3742
-3728
-3579
-3427
-3371
-3383
-3317
-3091
-2708
-2234
-1756
-1305
-845
-327
265
915
1555
2083
2395
2530
2642
2804
2914
2804
2491
2119
1784
1478
1156
866
619
346
32
-216
-263
-140
-31
-43
-113
-115
-35
45
20
-124
-356
-660
-1021
-1419
-1828
-2248
-2718
-3236
-3724
-4077
-4253
-4327
-4355
-4305
-4101
-3747
-3300
-2786
-2199
-1596
-1069
-647
-279
73
339
421
311
133
-33
-184
-347
-488
-550
-529
-454
-322
-71
308
729
1077
1339
1572
1813
2026
2126
2110
2021
1881
1730
1581
1480
1416
1343
1259
1203
1275
1506
1839
2198
2546
2939
3429
3985
4552
5078
5499
5714
5668
5472
5278
5042
4538
3669
2650
1731
883
-38
-1021
-1886
-2576
-3231
-3879
-4318
-4405
-4295
-4249
-4264
-4149
-3851
-3523
-3297
-3136
-3009
-2980
-3081
-3230
-3314
-3322
-3365
-3505
-3646
-3662
-3470
-3088
-2612
-2110
-1593
-992
-279
487
1254
1954
2510
2862
3044
3176
3307
3327
3100
2648
2162
1773
1457
1142
813
522
295
144
110
201
379
559
659
710
786
918
1025
968
728
382
8
-394
-863
-1385
-1911
-2414
-2913
-3369
-3686
-3826
-3854
-3855
-3788
-3555
-3143
-2648
-2144
-1619
-1084
-595
-207
94
356
533
537
365
118
-103
-302
-503
-696
-829
-854
-767
-563
-245
157
579
991
1375
1735
2056
2291
2415
2408
2283
2086
1874
1646
1386
1120
900
765
698
704
846
1153
1558
2005
2507
3114
3793
4438
5013
5544
5983
6186
6103
5848
5537
5088
4367
3410
2404
1454
495
-493
-1398
-2126
-2736
-3321
-3812
-4063
-4075
-4003
-3962
-3910
-3792
-3629
-3488
-3399
-3360
-3395
-3537
-3755
-3960
-4094
-4154
-4189
-4227
-4217
-4066
-3701
-3164
-2556
-1935
-1296
-600
139
879
1580
2192
2648
2902
3000
3039
3038
2926
2640
2211
1760
1392
1133
913
697
518
435
464
588
787
1024
1256
1428
1531
1613
1697
1707
1559
1249
857
443
-20
-537
-1071
-1600
-2103
-2563
-2918
-3142
-3251
-3283
-3229
-3060
-2776
-2399
-1979
-1536
-1097
-684
-323
-31
175
293
328
261
93
-142
-361
-529
-681
-817
-872
-786
-575
-293
44
449
895
1313
1677
1990
2229
2350
2337
2226
2053
1825
1551
1268
1017
817
689
661
738
902
1157
1520
1991
2522
3074
3655
4246
4801
5276
5678
5995
6146
6042
5720
5291
4807
4172
3341
2420
1527
681
-156
-958
-1633
-2150
-2589
-3004
-3337
-3500
-3501
-3464
-3462
-3486
-3484
-3445
-3411
-3422
-3477
-3570
-3700
-3872
-4024
-4087
-4057
-3977
-3907
-3802
-3559
-3132
-2582
-2002
-1417
-811
-203
398
975
1528
2019
2346
2468
2474
2471
2457
2352
2101
1784
1507
1318
1203
1126
1095
1117
1182
1273
1404
1590
1787
1909
1919
1862
1777
1659
1451
1132
735
307
-139
-598
-1059
-1490
-1880
-2234
-2553
-2793
-2944
-3017
-3031
-2995
-2887
-2717
-2506
-2280
-2023
-1757
-1503
-1305
-1151
-1021
-924
-876
-894
-966
-1056
-1133
-1186
-1201
-1173
-1082
-924
-707
-427
-97
274
630
947
1232
1465
1629
1697
1686
1630
1529
1383
1228
1096
998
938
919
966
1094
1287
1527
1815
2155
2556
2986
3434
3854
4218
4558
4882
5154
5274
5201
4990
4731
4405
3942
3342
2678
2002
1307
586
-102
-698
-1227
-1745
-2258
-2695
-3005
-3207
-3356
-3498
-3639
-3746
-3787
-3788
-3808
-3859
-3905
-3942
-3999
-4069
-4088
-4008
-3865
-3726
-3584
-3350
-2991
-2540
-2048
-1532
-1009
-497
4
513
1048
1536
1909
2162
2349
2518
2652
2724
2717
2657
2548
2429
2336
2280
2231
2156
2073
1992
1948
1935
1940
1930
1849
1712
1572
1431
1242
989
684
347
-24
-412
-804
-1170
-1516
-1863
-2198
-2486
-2726
-2926
-3087
-3193
-3255
-3290
-3298
-3262
-3157
-3011
-2850
-2687
-2499
-2271
-2039
-1835
-1646
-1468
-1326
-1222
-1133
-1041
-946
-858
-773
-662
-518
-342
-128
116
369
613
856
1083
1288
1444
1546
1599
1617
1614
1589
1539
1469
1401
1364
1372
1405
1461
1529
1648
1835
2072
2336
2642
2997
3373
3739
4075
4405
4715
4945
5039
4998
4852
4603
4232
3727
3112
2412
1656
870
88
-661
-1361
-2000
-2567
-3065
-3457
-3738
-3921
-4026
-4105
-4160
-4188
-4184
-4173
-4165
-4179
-4225
-4294
-4370
-4416
-4409
-4362
-4285
-4163
-3959
-3656
-3251
-2757
-2192
-1580
-956
-320
329
979
1586
2099
2497
2786
2998
3135
3187
3147
3020
2823
2602
2386
2189
2018
1866
1736
1623
1544
1516
1524
1528
1495
1418
1300
1155
977
748
448
84
-320
-746
-1175
-1590
-1996
-2396
-2774
-3110
-3377
-3565
-3687
-3765
-3787
-3751
-3645
-3471
-3245
-2984
-2719
-2448
-2167
-1879
-1590
-1326
-1114
-954
-821
-694
-586
-495
-420
-355
-291
-195
-49
143
367
599
832
1077
1338
1597
1835
2017
2122
2156
2146
2104
2042
1946
1812
1662
1511
1406
1373
1409
1480
1574
1715
1926
2221
2576
2973
3369
3752
4113
4456
4774
5050
5220
5236
5103
4858
4524
4099
3569
2942
2233
1473
716
-1
-665
-1287
-1867
-2399
-2851
-3211
-3462
-3624
-3744
-3835
-3906
-3936
-3927
-3906
-3893
-3904
-3940
-4001
-4058
-4073
-4032
-3948
-3836
-3667
-3413
-3044
-2576
-2028
-1436
-813
-189
421
1017
1593
2112
2526
2819
3001
3106
3152
3136
3035
2864
2634
2393
2166
1962
1791
1639
1505
1378
1280
1224
1197
1160
1073
927
737
519
263
-37
-383
-774
-1195
-1608
-1990
-2324
-2605
-2852
-3068
-3237
-3334
-3354
-3314
-3247
-3167
-3064
-2937
-2780
-2598
-2393
-2184
-1994
-1826
-1652
-1460
-1247
-1041
-865
-721
-583
-428
-263
-82
86
240
377
514
671
849
1035
1193
1311
1403
1496
1595
1685
1748
1762
1734
1688
1655
1634
1628
1610
1577
1548
1558
1621
1729
1854
1976
2105
2245
2415
2620
2847
3062
3254
3433
3609
3793
3988
4149
4226
4219
4132
3986
3775
3472
3084
2604
2035
1416
788
198
-365
-927
-1480
-1986
-2407
-2752
-3023
-3226
-3386
-3522
-3632
-3695
-3687
-3632
-3572
-3525
-3486
-3427
-3333
-3197
-3018
-2824
-2626
-2394
-2103
-1741
-1318
-860
-372
110
564
1018
1481
1929
2307
2584
2777
2923
3007
3028
2988
2893
2737
2514
2268
2032
1813
1581
1328
1089
874
680
522
384
254
104
-61
-213
-351
-512
-698
-904
-1112
-1329
-1558
-1747
-1900
-2037
-2179
-2306
-2381
-2414
-2431
-2438
-2435
-2414
-2389
-2355
-2294
-2206
-2101
-1992
-1873
-1717
-1546
-1350
-1129
-910
-714
-538
-356
-160
12
140
257
368
460
517
574
657
741
790
806
854
934
1017
1070
1112
1170
1222
1257
1288
1316
1348
1344
1310
1276
1247
1229
1213
1195
1172
1153
1179
1264
1400
1562
1773
2035
2331
2643
2981
3357
3726
4006
4161
4238
4244
4138
3886
3509
3040
2465
1790
1071
396
-249
-901
-1552
-2137
-2615
-3000
-3294
-3502
-3631
-3719
-3776
-3774
-3696
-3580
-3472
-3394
-3332
-3281
-3226
-3151
-3039
-2929
-2842
-2731
-2552
-2293
-1982
-1617
-1192
-736
-291
163
648
1152
1592
1918
2162
2355
2470
2475
2398
2272
2074
1792
1454
1153
898
646
397
188
41
-58
-115
-127
-87
-51
-44
-45
-42
-66
-130
-234
-380
-574
-813
-1049
-1258
-1465
-1682
-1886
-2031
-2128
-2208
-2244
-2212
-2148
-2093
-2037
-1939
-1791
-1651
-1545
-1427
-1297
-1174
-1075
-980
-851
-728
-646
-580
-497
-405
-319
-233
-146
-54
24
101
197
291
375
442
507
564
596
620
653
672
665
632
611
601
574
541
527
531
530
526
554
628
715
799
915
1073
1259
1450
1672
1952
2265
2576
2898
3234
3577
3902
4185
4417
4563
4616
4572
4427
4145
3746
3275
2739
2108
1387
674
25
-594
-1227
-1819
-2283
-2632
-2946
-3227
-3383
-3415
-3425
-3459
-3472
-3389
-3269
-3203
-3174
-3121
-3042
-2987
-2947
-2872
-2756
-2624
-2471
-2272
-2013
-1708
-1346
-924
-492
-92
305
742
1173
1515
1761
1976
2168
2256
2231
2179
2140
2051
1861
1639
1474
1358
1225
1070
960
912
866
813
781
778
774
732
650
554
429
269
93
-110
-359
-627
-868
-1074
-1287
-1500
-1652
-1729
-1788
-1862
-1884
-1829
-1738
-1682
-1645
-1568
-1450
-1357
-1320
-1275
-1199
-1136
-1109
-1090
-1055
-1006
-953
-905
-852
-789
-714
-625
-531
-449
-372
-272
-167
-94
-49
8
91
164
201
234
300
376
420
457
531
626
702
752
817
908
989
1040
1098
1169
1225
1255
1290
1364
1449
1531
1629
1766
1937
2143
2377
2649
2934
3215
3492
3747
3950
4083
4145
4122
3976
3681
3301
2874
2361
1728
1037
365
-274
-929
-1584
-2136
-2554
-2918
-3263
-3523
-3636
-3646
-3654
-3666
-3621
-3510
-3402
-3334
-3271
-3179
-3090
-3024
-2979
-2912
-2791
-2635
-2451
-2243
-1996
-1676
-1281
-860
-448
-29
431
896
1289
1608
1895
2159
2342
2388
2353
2317
2252
2096
1849
1602
1406
1219
996
777
628
541
470
403
359
365
384
373
315
242
169
74
-77
-292
-527
-746
-965
-1204
-1445
-1653
-1807
-1931
-2043
-2120
-2141
-2114
-2075
-2044
-2008
-1934
-1838
-1758
-1707
-1671
-1618
-1558
-1507
-1469
-1420
-1339
-1244
-1169
-1093
-975
-824
-681
-566
-457
-323
-181
-61
45
142
234
304
345
372
394
408
415
404
384
373
390
435
472
507
561
644
741
817
891
1000
1120
1207
1266
1352
1482
1617
1734
1853
2022
2242
2482
2737
3017
3325
3634
3911
4137
4304
4415
4453
4367
4116
3749
3328
2849
2254
1561
867
229
-395
-1048
-1637
-2076
-2399
-2708
-2991
-3140
-3131
-3071
-3037
-2986
-2849
-2683
-2575
-2502
-2418
-2333
-2294
-2310
-2325
-2307
-2268
-2205
-2097
-1951
-1764
-1501
-1143
-737
-339
67
511
976
1372
1684
1982
2262
2440
2476
2449
2439
2400
2254
2027
1830
1676
1511
1314
1155
1089
1054
1002
965
984
1044
1073
1054
1007
930
810
631
406
137
-166
-479
-788
-1083
-1369
-1604
-1765
-1876
-1962
-2007
-1961
-1851
-1718
-1601
-1465
-1289
-1112
-967
-866
-765
-672
-625
-632
-669
-697
-723
-774
-834
-880
-894
-868
-822
-752
-668
-564
-448
-332
-232
-157
-71
13
63
73
85
138
204
243
262
312
411
516
590
669
798
942
1049
1119
1222
1375
1512
1594
1655
1746
1868
1977
2060
2149
2276
2430
2602
2791
3012
3274
3554
3808
3999
4137
4251
4319
4249
4004
3659
3294
2867
2292
1609
951
345
-293
-989
-1630
-2112
-2499
-2899
-3288
-3539
-3632
-3667
-3735
-3783
-3742
-3645
-3572
-3549
-3511
-3444
-3385
-3374
-3379
-3340
-3229
-3059
-2875
-2663
-2381
-1988
-1518
-1046
-580
-88
441
944
1363
1717
2065
2363
2533
2579
2582
2574
2507
2337
2115
1906
1706
1495
1267
1068
918
786
668
587
547
526
490
439
370
278
153
-9
-197
-425
-686
-960
-1212
-1437
-1652
-1841
-1985
-2060
-2084
-2084
-2038
-1955
-1851
-1755
-1658
-1558
-1465
-1402
-1363
-1339
-1344
-1363
-1387
-1423
-1479
-1552
-1598
-1597
-1573
-1540
-1489
-1377
-1230
-1085
-927
-739
-525
-338
-198
-73
66
192
271
310
337
369
397
432
484
542
598
664
764
876
981
1099
1229
1357
1452
1534
1650
1783
1878
1902
1922
1984
2066
2134
2196
2295
2432
2588
2761
2973
3220
3477
3720
3906
4023
4083
4087
4001
3764
3372
2901
2413
1862
1212
512
-135
-718
-1317
-1919
-2402
-2737
-3010
-3294
-3528
-3611
-3586
-3549
-3529
-3474
-3356
-3236
-3149
-3075
-2978
-2870
-2779
-2711
-2630
-2501
-2308
-2056
-1782
-1490
-1136
-693
-209
257
701
1154
1604
1980
2263
2490
2687
2807
2810
2720
2605
2471
2279
2047
1803
1574
1356
1161
1009
893
804
747
718
707
687
653
612
536
398
188
-45
-283
-558
-883
-1217
-1522
-1789
-2023
-2219
-2349
-2404
-2393
-2348
-2264
-2136
-1968
-1788
-1619
-1484
-1369
-1256
-1169
-1132
-1147
-1179
-1196
-1220
-1264
-1298
-1284
-1220
-1140
-1051
-913
-717
-491
-272
-77
138
357
541
682
775
841
867
844
785
709
640
578
516
466
460
489
533
589
668
769
875
971
1067
1163
1232
1278
1299
1324
1340
1328
1297
1275
1284
1305
1336
1396
1520
1689
1887
2113
2383
2704
3009
3249
3421
3535
3589
3521
3298
2944
2519
2040
1484
843
181
-427
-983
-1527
-2050
-2464
-2734
-2921
-3095
-3223
-3247
-3166
-3050
-2966
-2881
-2748
-2596
-2480
-2412
-2356
-2279
-2209
-2179
-2160
-2098
-1952
-1746
-1527
-1289
-989
-597
-163
246
620
996
1376
1689
1894
2027
2127
2171
2103
1932
1737
1556
1355
1096
813
558
367
208
55
-65
-126
-139
-136
-143
-139
-126
-130
-183
-301
-462
-638
-829
-1067
-1336
-1585
-1784
-1953
-2094
-2187
-2205
-2147
-2041
-1907
-1749
-1560
-1360
-1189
-1037
-908
-805
-734
-704
-708
-742
-784
-832
-885
-941
-978
-988
-955
-892
-804
-682
-547
-381
-209
-38
119
250
342
396
412
383
322
228
113
-17
-147
-255
-318
-345
-328
-274
-185
-50
104
272
446
615
769
900
1005
1084
1130
1143
1120
1088
1049
1005
973
964
999
1072
1186
1349
1572
1861
2174
2510
2855
3215
3542
3772
3915
3981
3974
3844
3554
3151
2704
2219
1667
1063
473
-52
-536
-1017
-1443
-1745
-1927
-2058
-2186
-2264
-2241
-2146
-2057
-2013
-1984
-1930
-1881
-1886
-1943
-1999
-2021
-2056
-2118
-2172
-2133
-1975
-1765
-1551
-1306
-958
-517
-64
343
712
1079
1422
1685
1850
1956
2024
2029
1919
1725
1533
1381
1225
1024
808
645
562
524
492
467
485
536
578
596
613
634
614
521
370
203
41
-133
-347
-583
-797
-961
-1080
-1169
-1215
-1214
-1160
-1066
-936
-770
-588
-402
-262
-165
-91
-51
-54
-121
-226
-358
-514
-670
-810
-925
-1005
-1066
-1101
-1083
-1006
-899
-795
-693
-586
-478
-387
-330
-302
-304
-326
-377
-469
-558
-642
-720
-788
-849
-871
-832
-723
-589
-426
-219
33
298
536
768
981
1174
1312
1384
1425
1436
1428
1385
1324
1290
1275
1278
1315
1395
1531
1708
1928
2177
2461
2766
3075
3389
3677
3919
4068
4128
4113
4011
3791
3443
3002
2488
1941
1357
747
156
-379
-868
-1319
-1709
-1989
-2169
-2304
-2427
-2532
-2565
-2545
-2527
-2555
-2601
-2626
-2650
-2701
-2764
-2794
-2790
-2781
-2772
-2728
-2589
-2353
-2075
-1780
-1457
-1066
-630
-192
222
585
918
1193
1385
1503
1568
1599
1554
1430
1265
1116
1000
890
762
630
545
504
486
472
474
486
483
454
410
380
337
249
103
-86
-274
-458
-656
-861
-1080
-1271
-1418
-1525
-1571
-1568
-1512
-1421
-1307
-1167
-1002
-814
-648
-538
-482
-456
-454
-486
-576
-716
-876
-1046
-1215
-1375
-1511
-1606
-1673
-1715
-1724
-1685
-1593
-1465
-1331
-1217
-1104
-982
-870
-785
-745
-726
-733
-764
-805
-854
-872
-862
-847
-820
-750
-608
-419
-212
5
244
492
740
965
1163
1343
1468
1535
1552
1546
1529
1488
1430
1364
1323
1313
1330
1381
1462
1589
1743
1925
2124
2355
2608
2851
3072
3265
3440
3575
3646
3636
3556
3414
3184
2843
2417
1960
1487
971
415
-122
-597
-1011
-1389
-1726
-1982
-2150
-2271
-2375
-2449
-2463
-2431
-2404
-2400
-2401
-2375
-2333
-2306
-2300
-2282
-2223
-2141
-2057
-1966
-1828
-1625
-1386
-1146
-899
-607
-273
58
347
613
867
1083
1234
1320
1371
1406
1392
1314
1206
1100
1014
920
815
717
636
575
527
491
473
459
429
378
320
266
211
123
-9
-166
-316
-458
-614
-773
-917
-1044
-1143
-1211
-1243
-1221
-1153
-1078
-998
-896
-758
-615
-504
-426
-378
-352
-352
-395
-477
-587
-714
-860
-1021
-1166
-1275
-1359
-1430
-1486
-1517
-1495
-1432
-1357
-1286
-1212
-1125
-1037
-952
-882
-822
-767
-737
-721
-700
-656
-586
-514
-448
-370
-259
-107
77
258
444
634
827
1019
1193
1357
1485
1562
1602
1623
1633
1634
1615
1576
1533
1516
1527
1556
1607
1684
1781
1895
2037
2209
2402
2595
2773
2935
3099
3255
3385
3454
3449
3389
3281
3107
2842
2494
2107
1685
1209
689
180
-279
-711
-1131
-1525
-1843
-2057
-2208
-2337
-2445
-2494
-2473
-2432
-2405
-2374
-2324
-2269
-2232
-2210
-2171
-2094
-1998
-1932
-1871
-1754
-1573
-1351
-1127
-911
-656
-368
-66
218
489
753
979
1149
1262
1358
1437
1470
1432
1333
1222
1128
1044
945
823
704
615
556
508
480
467
450
411
359
318
290
249
165
48
-79
-198
-305
-411
-522
-622
-711
-776
-811
-805
-759
-709
-646
-584
-499
-394
-297
-214
-174
-172
-194
-239
-316
-426
-570
-751
-959
-1167
-1352
-1509
-1652
-1791
-1898
-1956
-1966
-1935
-1870
-1783
-1682
-1576
-1456
-1310
-1159
-1024
-909
-810
-714
-617
-514
-409
-315
-231
-151
-48
77
218
363
501
647
794
949
1108
1255
1389
1487
1557
1610
1658
1694
1702
1694
1664
1623
1584
1563
1558
1551
1536
1527
1550
1597
1663
1748
1837
1934
2040
2155
2283
2405
2520
2603
2627
2596
2533
2444
2290
2045
1726
1366
987
575
130
-314
-742
-1140
-1525
-1872
-2135
-2319
-2448
-2563
-2642
-2655
-2608
-2538
-2481
-2426
-2360
-2297
-2247
-2199
-2151
-2089
-2028
-1965
-1883
-1754
-1562
-1336
-1099
-847
-563
-237
96
410
701
969
1204
1392
1526
1611
1655
1648
1572
1448
1306
1168
1032
880
722
583
483
410
353
312
293
281
265
245
225
197
150
75
-35
-154
-269
-389
-506
-632
-742
-831
-899
-934
-949
-934
-896
-840
-775
-702
-620
-548
-502
-491
-518
-575
-664
-786
-933
-1098
-1271
-1452
-1617
-1752
-1853
-1914
-1943
-1928
-1862
-1767
-1630
-1467
-1293
-1109
-942
-772
-622
-478
-350
-251
-163
-113
-66
-19
39
93
147
213
301
411
534
677
836
992
1134
1266
1387
1508
1608
1664
1682
1670
1641
1599
1544
1483
1408
1322
1244
1191
1169
1165
1180
1202
1233
1301
1400
1525
1660
1789
1927
2056
2182
2312
2428
2511
2529
2485
2413
2313
2168
1952
1669
1339
981
599
209
-174
-543
-912
-1270
-1587
-1829
-1987
-2109
-2212
-2292
-2329
-2306
-2251
-2181
-2118
-2072
-2025
-1971
-1897
-1793
-1673
-1546
-1422
-1277
-1081
-820
-523
-231
39
302
587
874
1137
1360
1524
1630
1686
1698
1685
1640
1549
1398
1206
1004
824
672
511
341
181
48
-44
-105
-152
-193
-230
-276
-324
-365
-401
-449
-529
-642
-764
-874
-966
-1052
-1131
-1203
-1254
-1269
-1244
-1183
-1107
-1010
-904
-789
-666
-540
-431
-352
-315
-318
-343
-402
-489
-607
-745
-897
-1043
-1173
-1282
-1355
-1409
-1421
-1401
-1343
-1249
-1142
-1021
-894
-763
-653
-555
-480
-427
-383
-360
-342
-330
-316
-294
-258
-212
-145
-52
59
185
321
467
621
772
911
1020
1107
1179
1220
1239
1225
1183
1118
1033
941
856
782
721
685
660
667
716
801
905
1022
1148
1277
1424
1573
1723
1864
1996
2120
2241
2365
2488
2609
2693
2734
2740
2720
2665
2551
2372
2114
1799
1443
1060
661
248
-176
-598
-994
-1339
-1616
-1830
-2007
-2162
-2278
-2336
-2336
-2298
-2242
-2182
-2123
-2062
-1986
-1894
-1786
-1680
-1599
-1522
-1420
-1278
-1101
-913
-733
-549
-356
-142
91
327
549
739
880
984
1068
1134
1171
1146
1064
941
815
700
583
451
298
150
7
-114
-193
-244
-281
-329
-379
-413
-420
-413
-413
-441
-490
-539
-577
-594
-609
-631
-657
-683
-695
-679
-641
-580
-519
-471
-436
-398
-355
-325
-329
-367
-437
-523
-619
-724
-835
-959
-1086
-1216
-1336
-1424
-1475
-1488
-1479
-1459
-1416
-1347
-1252
-1133
-1017
-907
-793
-682
-576
-464
-350
-249
-162
-90
-12
81
188
294
397
491
579
669
762
848
922
972
1000
1019
1027
1036
1034
1008
966
912
868
839
826
829
838
854
880
924
999
1100
1194
1268
1336
1416
1520
1624
1719
1792
1848
1889
1937
1998
2066
2112
2108
2060
1983
1898
1805
1677
1476
1205
894
589
291
-7
-311
-633
-965
-1280
-1537
-1719
-1843
-1952
-2063
-2152
-2181
-2144
-2060
-1966
-1892
-1837
-1778
-1697
-1581
-1451
-1336
-1250
-1191
-1108
-973
-789
-583
-407
-250
-86
108
338
574
776
917
1006
1066
1108
1149
1168
1115
985
819
662
535
419
295
151
-3
-137
-215
-242
-251
-260
-287
-330
-360
-352
-331
-329
-369
-436
-507
-562
-603
-637
-681
-736
-788
-815
-809
-773
-714
-657
-603
-550
-479
-388
-309
-257
-237
-243
-278
-326
-396
-485
-597
-729
-870
-1001
-1101
-1176
-1225
-1256
-1267
-1252
-1187
-1090
-974
-852
-725
-602
-476
-348
-229
-120
-43
18
67
106
141
169
191
206
221
254
300
349
406
463
515
554
589
618
633
626
608
570
513
447
384
334
293
251
219
210
217
260
328
414
510
604
707
816
928
1048
1163
1252
1322
1384
1452
1527
1602
1673
1734
1805
1883
1989
2110
2215
2297
2341
2354
2329
2272
2190
2041
1819
1537
1219
888
541
194
-154
-497
-820
-1097
-1315
-1476
-1593
-1675
-1741
-1788
-1793
-1753
-1687
-1636
-1602
-1576
-1546
-1516
-1467
-1402
-1350
-1303
-1241
-1149
-1014
-851
-669
-499
-346
-190
-13
174
336
468
551
589
601
584
555
495
403
274
131
3
-99
-183
-266
-340
-408
-446
-452
-426
-389
-353
-320
-302
-286
-265
-236
-216
-221
-240
-260
-267
-263
-254
-254
-276
-293
-312
-331
-342
-354
-381
-435
-495
-550
-592
-635
-681
-728
-779
-816
-839
-847
-842
-834
-825
-808
-779
-732
-672
-606
-543
-487
-436
-372
-305
-242
-177
-122
-76
-34
15
75
127
169
207
224
239
252
269
282
273
251
226
206
189
194
205
211
221
241
278
336
409
487
568
643
719
812
917
1020
1121
1208
1296
1388
1486
1601
1720
1832
1945
2050
2155
2260
2374
2466
2522
2534
2492
2424
2320
2180
1990
1738
1444
1121
805
496
196
-102
-400
-684
-929
-1112
-1242
-1346
-1442
-1531
-1595
-1628
-1635
-1620
-1620
-1629
-1649
-1657
-1638
-1600
-1541
-1492
-1438
-1371
-1268
-1123
-947
-760
-585
-417
-253
-89
77
227
332
394
407
397
381
359
317
243
145
41
-35
-81
-97
-106
-117
-124
-111
-66
-2
70
118
139
141
139
138
126
86
9
-87
-189
-279
-352
-424
-504
-582
-653
-711
-743
-756
-768
-787
-808
-827
-845
-849
-852
-868
-892
-929
-966
-988
-1004
-1010
-1005
-1003
-999
-972
-916
-839
-749
-655
-562
-469
-367
-250
-136
-47
15
64
106
141
169
197
197
178
154
139
136
130
134
122
105
98
107
129
152
168
176
194
216
245
284
317
340
354
372
410
453
504
560
606
644
697
768
839
914
977
1033
1088
1145
1220
1297
1367
1416
1454
1495
1546
1607
1660
1691
1692
1682
1669
1653
1625
1560
1452
1312
1157
999
843
670
457
221
-8
-207
-368
-508
-649
-791
-920
-1003
-1039
-1055
-1065
-1091
-1122
-1140
-1134
-1099
-1065
-1057
-1064
-1064
-1044
-994
-920
-849
-794
-744
-670
-575
-463
-355
-268
-205
-158
-109
-57
-10
5
-13
-63
-116
-164
-195
-230
-283
-348
-408
-446
-452
-437
-426
-418
-419
-407
-364
-299
-239
-204
-191
-190
-176
-153
-117
-107
-132
-167
-188
-191
-176
-155
-161
-177
-191
-174
-135
-97
-78
-86
-107
-121
-118
-106
-96
-108
-136
-152
-136
-97
-44
4
44
91
156
250
349
446
524
578
628
686
748
797
836
841
838
838
852
876
887
891
889
896
920
965
1009
1050
1079
1103
1143
1192
1243
1282
1305
1311
1313
1307
1297
1256
1187
1099
992
883
764
639
493
342
190
47
-79
-199
-315
-437
-553
-655
-738
-811
-886
-961
-1024
-1078
-1116
-1127
-1134
-1141
-1144
-1135
-1108
-1061
-1000
-943
-899
-856
-801
-736
-663
-606
-570
-560
-558
-562
-555
-554
-581
-628
-692
-748
-787
-801
-809
-833
-859
-876
-866
-826
-776
-728
-691
-666
-634
-581
-515
-452
-414
-389
-374
-353
-320
-281
-257
-250
-249
-243
-221
-191
-153
-124
-106
-91
-70
-38
-3
21
35
31
23
21
26
34
33
24
14
9
10
18
28
32
26
22
17
15
22
27
30
28
24
23
18
21
27
35
39
39
39
53
76
100
134
161
181
213
256
316
377
431
481
529
589
663
750
832
897
944
1000
1069
1136
1216
1273
1297
1319
1354
1414
1484
1534
1559
1564
1556
1567
1585
1573
1520
1417
1291
1163
1049
931
791
610
403
221
79
-26
-119
-227
-349
-453
-514
-519
-499
-507
-552
-630
-710
-775
-835
-935
-1108
-1346
-1609
-1828
-2001
-2133
-2250
-2360
-2435
-2426
-2304
-2081
-1814
-1560
-1315
-1073
-808
-518
-249
-61
26
28
3
-18
-41
-81
-160
-272
-362
-385
-326
-211
-95
17
124
245
412
575
699
743
704
620
528
424
308
159
-27
-201
-332
-384
-375
-335
-281
-209
-112
32
210
387
519
599
642
663
671
661
611
506
367
222
111
38
-25
-79
-122
-153
-140
-80
8
102
172
223
274
324
380
421
429
407
347
298
273
251
229
196
150
122
119
148
202
244
279
306
341
404
469
523
550
536
515
507
513
530
535
523
505
509
553
625
701
762
796
836
877
940
998
1017
996
942
886
839
791
737
664
562
448
357
301
255
204
133
57
-8
-65
-88
-112
-165
-239
-327
-403
-465
-525
-579
-648
-733
-813
-861
-873
-877
-893
-908
-932
-942
-927
-911
-890
-888
-899
-904
-902
-894
-891
-901
-915
-938
-943
-932
-922
-904
-885
-852
-798
-735
-655
-579
-513
-425
-339
-249
-170
-100
-40
8
53
87
119
120
117
118
123
134
128
118
107
92
103
129
149
153
148
154
163
168
176
171
155
132
110
110
117
130
143
159
182
197
232
270
294
324
334
351
357
359
370
367
359
350
337
331
333
344
355
362
370
384
415
460
513
569
615
650
689
729
763
779
783
772
755
729
709
689
668
644
624
616
606
597
607
617
622
618
604
579
542
499
451
390
308
207
106
13
-69
-134
-202
-274
-337
-378
-380
-374
-362
-367
-376
-385
-392
-377
-382
-414
-449
-489
-520
-530
-528
-539
-559
-581
-589
-582
-569
-559
-560
-577
-595
-600
-595
-601
-631
-660
-688
-706
-714
-710
-704
-703
-711
-700
-672
-629
-594
-568
-537
-520
-488
-447
-409
-372
-355
-335
-305
-264
-217
-169
-133
-112
-91
-66
-28
10
36
44
42
43
56
80
109
125
133
136
151
178
213
242
251
250
248
260
286
309
321
324
322
332
354
378
401
406
405
402
405
418
420
417
403
385
374
375
388
403
414
430
438
450
476
501
518
526
524
516
505
498
493
476
456
435
415
409
402
408
408
402
396
385
377
363
343
317
278
243
209
170
138
100
66
36
16
0
-15
-31
-56
-77
-96
-115
-128
-144
-165
-182
-192
-194
-199
-207
-221
-234
-256
-276
-303
-337
-379
-435
-482
-524
-562
-595
-628
-644
-655
-662
-648
-632
-605
-581
-562
-536
-520
-499
-486
-485
-484
-501
-519
-547
-576
-595
-615
-617
-622
-621
-609
-596
-563
-531
-495
-464
-443
-415
-398
-382
-358
-346
-346
-348
-348
-340
-331
-319
-300
-287
-269
-247
-218
-171
-128
-85
-38
-3
41
79
105
128
130
121
102
82
70
63
58
55
54
67
94
136
193
244
297
357
411
471
530
586
632
664
684
700
713
717
714
703
683
659
635
618
607
598
589
581
575
569
563
568
564
554
542
523
517
509
501
489
468
435
390
349
311
261
202
136
61
-7
-65
-112
-153
-202
-251
-299
-336
-363
-379
-398
-430
-467
-509
-538
-551
-555
-562
-579
-600
-610
-617
-602
-584
-570
-545
-522
-484
-432
-377
-323
-279
-249
-230
-213
-204
-206
-214
-238
-258
-275
-290
-296
-304
-302
-298
-288
-269
-245
-217
-200
-183
-159
-146
-123
-108
-106
-106
-112
-117
-126
-143
-166
-187
-202
-207
-207
-198
-185
-166
-151
-127
-100
-75
-53
-35
-18
-3
13
33
47
55
64
67
73
85
96
102
111
115
126
139
152
175
199
222
245
276
308
335
357
378
398
410
432
448
467
476
488
502
507
514
517
525
528
534
545
554
571
575
590
606
615
631
633
632
625
613
603
579
552
522
487
452
411
385
349
309
275
228
189
152
123
92
58
26
-7
-29
-53
-75
-93
-126
-158
-185
-210
-230
-253
-281
-306
-329
-347
-362
-370
-378
-393
-398
-401
-396
-393
-385
-378
-375
-367
-355
-344
-330
-327
-324
-327
-327
-317
-315
-310
-306
-301
-290
-274
-257
-235
-215
-197
-183
-159
-138
-125
-109
-105
-104
-98
-91
-82
-82
-85
-91
-91
-93
-99
-95
-100
-106
-105
-105
-101
-100
-100
-105
-112
-113
-119
-110
-110
-116
-112
-113
-105
-96
-84
-69
-66
-58
-48
-29
-12
-3
10
13
14
23
34
49
51
56
64
68
85
103
124
141
166
205
238
281
326
363
396
414
436
458
468
465
447
426
396
361
331
295
253
217
185
157
136
124
115
106
106
109
121
133
141
149
145
146
136
117
97
59
27
-14
-63
-114
-169
-219
-269
-308
-347
-374
-395
-410
-412
-411
-398
-384
-365
-341
-320
-302
-285
-276
-269
-263
-267
-273
-280
-284
-281
-273
-260
-241
-215
-181
-148
-112
-75
-45
-23
-7
-2
-4
-10
-30
-55
-81
-109
-125
-136
-148
-148
-145
-131
-111
-90
-58
-38
-15
-2
4
8
2
-4
-21
-41
-60
-80
-88
-100
-98
-93
-80
-59
-38
-11
10
32
49
58
65
71
66
64
58
50
39
34
32
34
40
41
52
58
73
83
84
88
93
86
80
76
70
67
60
52
47
47
53
62
71
82
101
122
141
159
174
191
207
216
227
236
246
251
254
250
252
257
257
258
254
255
255
254
254
251
252
250
252
254
262
263
265
267
265
266
256
247
226
203
181
151
119
81
45
7
-28
-62
-94
-119
-136
-149
-162
-172
-178
-174
-177
-179
-183
-192
-195
-200
-210
-220
-230
-236
-236
-234
-228
-214
-192
-170
-150
-122
-92
-64
-40
-23
-2
7
18
22
23
20
10
3
-1
1
0
3
10
11
25
38
54
63
78
88
92
102
103
106
103
101
95
93
92
90
94
93
94
96
96
91
96
86
81
72
61
57
47
40
28
23
14
11
13
12
16
19
29
32
40
52
62
72
76
78
83
86
84
71
58
49
36
26
12
-3
-20
-42
-56
-73
-81
-85
-96
-98
-94
-85
-74
-60
-46
-34
-21
-6
3
11
19
19
19
14
11
14
20
27
37
48
68
83
104
120
140
156
157
163
159
152
140
122
96
64
41
18
-3
-23
-37
-43
-44
-34
-23
-10
3
10
15
16
11
1
-19
-46
-78
-111
-140
-169
-192
-215
-227
-229
-230
-218
-205
-186
-161
-140
-109
-84
-58
-35
-18
-5
4
20
28
35
45
62
77
98
128
159
197
233
266
299
330
357
374
387
392
386
378
365
349
330
311
288
273
259
244
238
227
218
211
206
197
188
182
165
142
109
78
45
7
-32
-79
-121
-158
-192
-221
-253
-277
-295
-309
-326
-335
-343
-352
-360
-370
-380
-388
-395
-402
-414
-423
-433
-439
-446
-452
-461
-462
-458
-458
-450
-443
-435
-424
-411
-402
-394
-389
-380
-371
-366
-363
-363
-359
-355
-350
-350
-340
-332
-316
-297
-277
-250
-224
-200
-167
-138
-113
-87
-72
-57
-53
-51
-54
-60
-68
-84
-94
-104
-106
-104
-97
-90
-77
-61
-44
-25
-6
7
15
25
25
17
5
-11
-28
-43
-59
-75
-85
-96
-97
-100
-94
-85
-79
-68
-57
-47
-39
-29
-26
-19
-16
-14
-5
-1
13
24
41
62
83
109
131
156
178
202
222
236
249
251
255
256
252
245
240
239
237
237
233
229
227
225
224
220
215
206
195
179
165
141
120
103
85
68
52
43
34
26
19
10
-1
-15
-30
-49
-77
-107
-144
-179
-224
-270
-311
-350
-385
-422
-446
-470
-492
-508
-526
-541
-560
-582
-604
-629
-659
-684
-712
-737
-753
-770
-775
-778
-776
-768
-756
-743
-730
-707
-685
-663
-636
-608
-574
-533
-493
-446
-390
-331
-262
-193
-115
-34
48
136
220
298
371
440
505
562
617
666
713
758
801
846
888
933
968
991
998
981
938
863
762
631
471
294
104
-90
-273
-449
-606
-743
-855
-942
-1009
-1050
-1074
-1083
-1084
-1076
-1066
-1056
-1050
-1053
-1056
-1068
-1083
-1098
-1106
-1112
-1110
-1099
-1077
-1048
-1000
-940
-879
-808
-733
-654
-575
-493
-404
-319
-225
-128
-26
84
198
316
437
552
668
781
883
980
1063
1141
1206
1264
1319
1363
1404
1442
1473
1501
1533
1562
1588
1614
1638
1657
1668
1684
1693
1695
1684
1667
1650
1620
1588
1553
1511
1467
1420
1377
1336
1296
1250
1203
1156
1105
1055
998
941
882
820
765
709
657
606
557
508
453
393
339
282
226
169
118
73
32
4
-18
-29
-32
-26
-19
-5
17
40
59
82
103
116
139
155
169
184
191
200
210
219
226
236
248
262
278
291
308
321
330
342
349
352
354
358
356
354
356
354
353
349
344
342
329
317
301
284
260
233
206
173
142
109
78
45
12
-22
-51
-84
-113
-145
-177
-206
-232
-261
-292
-320
-347
-376
-402
-426
-447
-464
-479
-489
-497
-502
-503
-502
-502
-503
-500
-499
-505
-508
-513
-516
-520
-522
-524
-525
-522
-520
-517
-511
-508
-505
-504
-502
-499
-493
-481
-468
-459
-445
-428
-414
-396
-378
-364
-346
-328
-313
-296
-276
-256
-242
-232
-222
-215
-210
-207
-205
-205
-207
-212
-218
-222
-233
-243
-252
-261
-273
-279
-286
-294
-294
-295
-291
-282
-270
-256
-241
-220
-203
-187
-163
-147
-132
-116
-108
-96
-85
-80
-70
-62
-54
-42
-30
-18
-3
11
28
48
76
102
128
162
193
223
260
297
335
378
417
461
504
545
586
625
667
703
742
773
802
833
852
872
885
899
909
919
925
929
930
924
916
907
897
884
864
846
821
801
779
757
737
713
691
673
649
627
606
583
560
532
507
476
454
423
390
363
330
295
259
226
192
160
129
95
66
36
5
-21
-52
-87
-109
-135
-159
-179
-203
-225
-241
-258
-277
-281
-291
-298
-302
-309
-309
-322
-326
-332
-343
-353
-370
-384
-405
-423
-442
-470
-492
-513
-533
-553
-573
-587
-602
-613
-624
-630
-638
-645
-652
-658
-664
-672
-675
-687
-698
-706
-716
-725
-735
-743
-751
-757
-763
-770
-768
-774
-777
-781
-783
-784
-790
-788
-789
-791
-799
-801
-803
-804
-804
-807
-801
-799
-794
-787
-776
-759
-745
-726
-709
-687
-663
-646
-619
-597
-575
-551
-530
-507
-484
-462
-439
-418
-398
-381
-358
-335
-318
-296
-282
-263
-245
-230
-215
-199
-184
-176
-165
-153
-148
-139
-130
-122
-119
-115
-110
-101
-91
-80
-69
-62
-51
-38
-26
-13
0
16
27
39
54
61
72
85
91
111
119
128
150
166
185
205
223
244
268
291
310
336
357
375
398
414
428
446
463
477
491
508
522
539
551
560
576
586
594
601
604
609
607
606
604
600
596
582
580
573
564
560
555
548
541
538
529
527
518
512
508
496
488
479
474
465
451
435
423
414
402
389
381
366
357
345
330
318
300
285
265
245
226
209
188
167
141
114
91
62
38
7
-20
-48
-75
-107
-133
-160
-184
-205
-228
-245
-266
-280
-290
-305
-309
-314
-318
-320
-321
-315
-310
-298
-290
-280
-266
-251
-230
-204
-186
-163
-143
-127
-100
-74
-58
-38
-18
-4
11
22
30
38
49
55
63
68
67
75
77
76
79
74
63
59
51
40
30
13
-4
-21
-36
-56
-72
-87
-103
-110
-125
-134
-146
-159
-167
-179
-185
-194
-202
-203
-214
-220
-229
-233
-233
-236
-235
-237
-235
-233
-232
-230
-228
-225
-223
-219
-217
-221
-219
-221
-222
-214
-216
-217
-213
-212
-215
-218
-218
-221
-221
-226
-234
-236
-240
-252
-257
-265
-273
-280
-282
-286
-293
-294
-299
-303
-306
-308
-310
-310
-309
-310
-307
-308
-311
-307
-303
-298
-296
-294
-289
-280
-274
-269
-262
-258
-251
-246
-244
-239
-238
-237
-229
-230
-227
-220
-222
-219
-214
-210
-209
-200
-199
-194
-191
-189
-182
-172
-169
-166
-161
-158
-152
-143
-132
-122
-114
-103
-88
-71
-56
-42
-26
-4
16
28
49
67
89
113
130
152
174
197
216
240
257
276
295
320
340
355
375
392
409
422
432
445
457
467
473
483
492
498
510
514
515
519
520
525
530
534
530
531
536
537
535
533
535
532
536
534
532
531
527
530
535
534
528
528
534
529
531
525
518
522
521
516
514
505
501
497
492
484
477
472
461
449
441
428
418
409
394
375
360
348
336
325
306
290
274
254
236
223
208
188
172
156
137
124
107
96
82
65
55
44
32
23
15
1
-12
-27
-31
-40
-44
-55
-65
-72
-78
-82
-90
-94
-103
-111
-113
-115
-121
-125
-125
-128
-138
-148
-152
-157
-162
-164
-173
-183
-185
-193
-199
-208
-218
-220
-224
-231
-243
-252
-259
-265
-273
-279
-287
-299
-304
-313
-324
-335
-347
-351
-355
-378
-387
-390
-402
-414
-425
-430
-444
-458
-466
-477
-492
-505
-515
-525
-543
-561
-567
-586
-600
-610
-626
-641
-654
-664
-671
-686
-697
-707
-719
-726
-733
-743
-753
-756
-760
-765
-767
-773
-771
-767
-768
-762
-757
-753
-738
-727
-719
-706
-692
-673
-655
-641
-621
-598
-577
-551
-527
-505
-477
-449
-418
-392
-366
-333
-300
-270
-243
-211
-182
-149
-115
-82
-56
-26
9
40
71
100
126
162
191
214
245
275
298
324
346
366
391
414
437
465
484
500
518
536
551
566
584
596
608
618
628
634
640
650
658
662
663
666
672
673
673
669
671
673
671
668
666
658
655
651
642
637
629
619
615
608
598
592
578
566
559
542
529
516
503
487
471
452
434
412
393
374
350
326
301
281
259
230
205
180
150
122
96
67
38
15
-15
-41
-69
-97
-117
-144
-168
-185
-210
-232
-242
-259
-273
-279
-291
-296
-301
-306
-304
-305
-298
-283
-276
-266
-246
-230
-214
-191
-173
-142
-111
-87
-61
-33
-8
23
58
77
111
138
169
204
226
251
275
296
317
345
360
379
395
408
419
429
435
444
454
458
463
461
463
458
458
457
451
447
438
428
423
414
403
399
384
369
359
346
336
327
311
294
289
273
262
258
239
226
216
209
197
195
179
170
164
153
150
143
139
136
133
119
115
109
107
113
105
99
100
95
97
99
95
99
97
97
101
103
105
105
109
113
116
121
121
127
133
135
140
146
148
154
160
158
164
168
166
169
174
176
177
179
175
177
176
171
177
173
164
165
164
158
150
145
139
130
124
122
112
96
88
82
67
56
45
28
21
6
-7
-22
-42
-58
-73
-93
-106
-118
-136
-151
-169
-187
-201
-216
-235
-246
-261
-278
-288
-299
-313
-324
-334
-345
-349
-354
-361
-364
-362
-364
-369
-364
-360
-354
-345
-338
-332
-323
-308
-295
-279
-266
-255
-238
-218
-196
-174
-155
-135
-115
-96
-72
-50
-26
-6
12
35
54
72
93
111
131
148
164
178
193
205
217
232
241
247
255
266
269
274
273
275
276
276
271
270
270
261
254
248
235
225
218
207
197
183
166
154
139
126
112
94
78
61
44
30
15
-4
-20
-36
-51
-65
-84
-100
-116
-128
-137
-151
-162
-177
-188
-196
-208
-212
-221
-233
-236
-242
-247
-252
-259
-258
-261
-264
-271
-274
-273
-272
-271
-275
-278
-280
-276
-276
-280
-282
-286
-290
-284
-289
-288
-293
-298
-303
-308
-308
-314
-315
-320
-327
-332
-344
-351
-355
-358
-364
-371
-377
-383
-391
-393
-395
-401
-414
-419
-417
-418
-417
-424
-430
-438
-443
-434
-430
-432
-434
-440
-436
-427
-422
-420
-419
-414
-407
-399
-392
-387
-379
-370
-362
-352
-342
-331
-320
-305
-287
-275
-262
-249
-230
-208
-193
-176
-163
-142
-121
-98
-77
-61
-39
-22
0
26
46
62
81
99
118
139
157
174
187
197
213
222
234
245
251
260
261
263
269
264
267
263
254
246
242
238
226
222
209
194
180
172
162
151
135
119
107
93
84
72
57
44
35
31
23
14
6
-4
-6
-6
-6
-6
-6
-1
0
6
6
9
22
27
42
47
54
64
71
80
95
104
115
128
136
148
155
164
173
181
187
198
203
205
208
212
216
219
220
223
221
221
221
219
225
221
219
216
214
209
206
203
201
199
193
188
183
179
180
177
170
165
156
154
153
155
150
141
136
133
130
125
119
114
109
105
102
97
96
83
80
81
65
64
56
53
49
46
40
27
26
19
15
13
5
-1
-7
-9
-11
-15
-14
-20
-25
-31
-26
-27
-29
-27
-35
-30
-30
-29
-26
-24
-20
-20
-16
-12
-8
-4
1
2
0
0
9
8
8
13
14
13
16
16
15
18
12
11
10
7
6
1
-6
-7
-11
-17
-20
-26
-32
-38
-41
-47
-52
-54
-62
-69
-74
-79
-83
-81
-77
-85
-91
-95
-104
-97
-93
-93
-86
-95
-95
-92
-86
-78
-76
-75
-80
-77
-72
-67
-60
-61
-62
-64
-60
-51
-51
-50
-49
-51
-57
-58
-57
-58
-57
-59
-70
-75
-80
-82
-86
-93
-101
-116
-122
-124
-127
-136
-147
-156
-168
-174
-176
-182
-191
-200
-213
-217
-217
-222
-226
-228
-232
-238
-240
-242
-241
-237
-240
-242
-241
-240
-232
-227
-223
-219
-222
-214
-204
-201
-194
-188
-183
-178
-168
-159
-153
-144
-140
-134
-124
-114
-113
-101
-93
-88
-78
-69
-60
-54
-55
-50
-41
-37
-28
-23
-22
-16
-12
-11
-8
-1
-2
2
8
5
8
13
16
18
15
14
12
17
20
22
21
20
19
15
19
24
23
24
25
22
24
29
31
31
34
33
37
45
45
51
53
52
60
66
67
74
80
80
80
90
96
102
107
116
124
123
126
141
145
152
163
161
165
176
181
185
194
200
203
207
211
215
222
227
229
234
241
246
251
254
258
260
261
262
265
267
270
271
269
272
276
272
277
276
271
275
272
271
272
269
266
263
261
255
252
250
246
242
243
239
233
230
228
222
213
213
212
204
205
203
196
190
189
186
182
181
179
174
173
172
168
163
162
166
158
160
164
158
155
156
152
146
150
151
145
147
147
144
143
145
139
134
133
128
122
118
120
111
106
106
95
89
81
76
65
59
54
40
33
27
15
10
-7
-20
-27
-39
-46
-55
-67
-77
-85
-96
-108
-117
-126
-135
-146
-156
-161
-168
-179
-183
-189
-197
-199
-204
-206
-207
-214
-220
-216
-214
-215
-214
-208
-207
-207
-202
-199
-194
-188
-186
-183
-179
-170
-165
-161
-153
-147
-142
-137
-129
-126
-120
-112
-110
-103
-100
-97
-90
-88
-83
-78
-76
-68
-65
-58
-55
-52
-47
-44
-42
-39
-36
-35
-30
-26
-20
-21
-16
-16
-12
-12
-11
-5
-5
-2
-2
1
3
5
6
7
8
8
9
10
10
8
8
3
3
6
4
0
0
-4
-5
-4
-10
-15
-17
-17
-19
-21
-22
-28
-28
-33
-34
-35
-36
-35
-38
-39
-39
-38
-35
-36
-35
-35
-35
-36
-32
-30
-36
-29
-27
-29
-29
-28
-29
-33
-32
-34
-38
-38
-42
-46
-48
-57
-61
-60
-65
-72
-84
-92
-102
-112
-118
-127
-133
-141
-151
-161
-173
-179
-186
-200
-206
-214
-227
-230
-234
-241
-250
-256
-264
-269
-271
-269
-272
-279
-277
-279
-277
-275
-272
-272
-270
-268
-267
-266
-261
-257
-257
-251
-249
-249
-241
-233
-230
-226
-221
-223
-217
-208
-204
-205
-206
-205
-207
-203
-200
-200
-196
-193
-192
-189
-183
-182
-181
-178
-179
-177
-174
-171
-170
-168
-167
-164
-162
-157
-151
-146
-140
-134
-126
-118
-112
-107
-102
-92
-85
-82
-72
-65
-60
-49
-44
-33
-23
-14
-3
4
15
24
33
42
54
63
70
78
86
96
105
113
127
138
146
156
168
185
199
209
219
232
247
258
271
282
289
302
313
324
338
347
359
369
379
389
397
408
417
426
432
435
441
443
446
451
451
446
445
442
438
434
426
421
413
403
389
379
371
356
346
331
314
299
283
271
253
240
223
205
190
172
156
137
121
109
95
77
64
51
35
26
11
0
-12
-25
-31
-39
-49
-57
-65
-71
-76
-83
-88
-91
-90
-93
-95
-94
-92
-89
-91
-92
-89
-83
-77
-72
-66
-59
-47
-36
-30
-21
-9
3
16
30
43
55
71
87
99
120
138
152
170
191
202
219
239
254
268
287
305
319
333
353
364
370
381
393
400
408
414
420
423
423
427
423
423
417
417
413
410
400
392
385
374
360
348
335
322
316
299
287
273
259
247
235
221
209
198
186
176
163
153
138
124
117
108
92
84
77
68
62
56
47
38
34
26
21
18
14
9
-1
-7
-17
-28
-30
-38
-45
-50
-58
-66
-71
-77
-78
-90
-96
-100
-106
-116
-123
-131
-141
-147
-155
-162
-171
-178
-185
-191
-196
-203
-210
-211
-215
-219
-226
-232
-235
-239
-239
-246
-247
-249
-256
-253
-260
-262
-264
-265
-267
-270
-271
-276
-274
-275
-278
-278
-278
-275
-278
-277
-275
-275
-275
-275
-273
-273
-271
-272
-271
-271
-272
-272
-269
-267
-264
-264
-253
-251
-251
-244
-242
-232
-228
-224
-223
-221
-221
-218
-215
-214
-212
-207
-210
-208
-202
-201
-196
-191
-191
-191
-187
-184
-184
-182
-187
-190
-194
-196
-200
-199
-198
-204
-206
-208
-212
-213
-210
-213
-212
-212
-213
-216
-217
-217
-216
-217
-222
-217
-215
-209
-207
-206
-202
-202
-199
-194
-195
-191
-190
-184
-181
-182
-178
-176
-170
-170
-166
-162
-159
-156
-157
-150
-153
-153
-157
-161
-160
-170
-171
-175
-180
-184
-188
-189
-199
-204
-209
-211
-220
-227
-234
-244
-248
-256
-264
-272
-278
-286
-293
-299
-304
-309
-312
-310
-308
-302
-298
-290
-283
-274
-264
-253
-241
-234
-223
-210
-191
-176
-154
-136
-115
-85
-62
-31
-1
30
63
100
134
167
200
239
271
303
335
363
396
428
465
495
524
554
586
615
646
674
701
725
746
766
786
801
813
826
831
838
842
844
843
847
849
850
847
840
835
826
818
808
792
778
762
739
723
699
682
661
640
623
600
576
559
544
519
497
477
459
439
415
392
369
344
325
301
284
269
247
238
222
208
197
186
174
165
151
137
128
113
105
93
82
75
63
52
50
48
35
33
29
20
16
13
10
-1
-11
-19
-28
-37
-49
-58
-66
-76
-90
-100
-110
-120
-130
-142
-155
-168
-183
-202
-219
-235
-257
-276
-294
-311
-328
-346
-358
-375
-390
-406
-418
-431
-443
-458
-468
-480
-493
-499
-508
-510
-518
-522
-527
-528
-528
-524
-515
-511
-503
-497
-481
-469
-460
-446
-433
-418
-404
-390
-369
-346
-329
-308
-282
-261
-236
-214
-190
-166
-145
-117
-96
-78
-59
-38
-21
0
17
37
53
65
88
100
119
131
139
148
155
166
173
176
181
183
179
181
182
183
184
179
172
169
163
161
155
146
141
124
112
100
93
79
66
55
38
29
14
10
0
-15
-24
-40
-48
-57
-62
-71
-81
-86
-97
-104
-109
-113
-116
-122
-128
-129
-131
-133
-132
-131
-133
-131
-130
-126
-125
-122
-122
-121
-118
-123
-122
-121
-123
-123
-129
-132
-132
-136
-138
-146
-148
-154
-160
-169
-180
-185
-193
-199
-213
-225
-240
-251
-260
-272
-283
-293
-307
-316
-325
-334
-347
-353
-360
-368
-370
-378
-380
-382
-390
-393
-399
-398
-396
-397
-395
-395
-394
-392
-385
-387
-379
-373
-367
-362
-356
-344
-333
-327
-318
-309
-302
-298
-288
-281
-271
-264
-258
-252
-248
-240
-235
-230
-227
-219
-214
-210
-199
-192
-185
-176
-173
-170
-166
-159
-150
-142
-135
-130
-126
-117
-110
-98
-88
-78
-65
-56
-46
-35
-20
-8
4
17
24
37
49
62
74
85
95
106
120
136
149
163
174
181
194
210
220
231
243
250
266
276
286
295
306
311
318
330
339
354
358
361
373
383
391
394
398
402
412
414
421
428
434
443
447
454
455
464
469
468
473
475
479
478
481
480
479
478
477
478
473
474
471
472
468
466
464
455
452
445
437
432
429
420
415
404
399
394
391
388
384
380
374
369
366
363
361
358
351
344
342
338
336
334
337
332
331
328
328
330
332
337
336
334
329
330
326
322
323
318
317
315
313
313
312
309
304
301
298
292
291
285
280
273
261
252
241
234
224
215
201
194
186
172
164
158
146
131
120
105
96
81
65
55
38
22
14
1
-13
-26
-39
-49
-59
-74
-80
-93
-104
-118
-128
-135
-150
-157
-172
-176
-186
-193
-197
-203
-205
-219
-214
-217
-218
-220
-228
-223
-226
-224
-227
-222
-219
-221
-217
-214
-207
-203
-199
-190
-185
-178
-169
-159
-152
-142
-137
-130
-126
-113
-108
-101
-96
-85
-76
-68
-63
-53
-42
-38
-27
-20
-14
-9
-5
-1
1
8
9
18
19
20
21
17
18
18
24
21
23
16
13
9
2
1
-8
-12
-21
-26
-35
-48
-51
-61
-66
-78
-89
-97
-107
-115
-129
-138
-148
-159
-173
-180
-193
-204
-214
-227
-230
-237
-241
-254
-263
-267
-275
-282
-285
-289
-294
-301
-308
-311
-314
-312
-312
-311
-314
-310
-312
-310
-301
-303
-302
-297
-288
-285
-280
-277
-274
-264
-260
-253
-246
-239
-234
-230
-224
-215
-211
-202
-194
-187
-185
-178
-167
-160
-158
-154
-148
-144
-142
-137
-130
-124
-121
-116
-109
-108
-108
-105
-104
-103
-98
-98
-96
-92
-92
-92
-87
-86
-86
-85
-85
-81
-76
-82
-78
-76
-76
-77
-78
-77
-72
-73
-74
-70
-71
-69
-68
-66
-63
-63
-61
-64
-64
-59
-63
-63
-57
-56
-59
-57
-57
-56
-51
-50
-44
-43
-45
-44
-44
-41
-36
-37
-37
-34
-36
-34
-33
-29
-28
-30
-25
-23
-18
-19
-17
-13
-15
-17
-16
-11
-17
-20
-16
-21
-22
-24
-21
-20
-20
-19
-20
-18
-21
-25
-22
-22
-26
-29
-32
-32
-36
-42
-37
-41
-47
-43
-40
-40
-39
-41
-36
-35
-37
-36
-37
-36
-32
-36
-33
-31
-31
-27
-22
-18
-16
-15
-8
-5
-4
3
3
3
8
14
16
15
13
20
19
19
22
24
27
32
37
34
35
34
36
33
32
32
31
29
23
24
26
23
15
19
19
12
12
14
12
7
5
4
0
-7
-8
-10
-12
-15
-19
-23
-22
-22
-27
-27
-28
-27
-31
-33
-31
-32
-33
-37
-37
-35
-42
-42
-36
-39
-40
-36
-35
-33
-27
-28
-26
-20
-22
-17
-17
-16
-10
-13
-15
-5
-1
-5
2
8
12
18
26
29
33
37
41
50
55
57
64
70
70
74
77
80
81
89
94
99
105
112
114
115
124
131
131
135
144
143
141
147
151
153
153
163
167
168
175
179
185
186
191
191
198
198
203
204
206
211
213
217
216
224
230
232
233
242
243
246
254
257
261
258
264
269
271
272
276
277
280
282
285
293
289
294
298
297
299
300
302
299
304
301
294
299
300
298
291
295
296
291
291
290
288
284
280
281
278
272
269
263
258
255
247
243
237
238
232
224
220
217
214
209
207
201
200
193
193
191
180
177
175
174
169
164
164
160
158
160
158
153
154
154
153
147
149
149
144
144
138
138
135
134
133
131
127
122
119
117
112
107
103
97
91
92
87
74
71
69
55
48
41
31
21
19
5
-6
-12
-22
-32
-40
-47
-55
-67
-76
-83
-93
-106
-113
-124
-135
-146
-155
-160
-174
-179
-186
-194
-205
-212
-222
-234
-239
-246
-257
-268
-272
-277
-287
-294
-299
-303
-312
-315
-323
-330
-333
-339
-341
-348
-351
-354
-362
-367
-371
-377
-377
-379
-387
-386
-389
-393
-389
-392
-392
-394
-393
-394
-401
-403
-405
-408
-406
-406
-409
-409
-406
-410
-412
-409
-407
-411
-406
-406
-409
-408
-409
-410
-414
-415
-414
-414
-415
-415
-415
-420
-421
-419
-417
-421
-421
-418
-415
-416
-417
-416
-414
-412
-412
-413
-413
-412
-409
-408
-407
-406
-403
-400
-395
-393
-387
-383
-380
-378
-373
-368
-368
-362
-352
-350
-347
-341
-336
-332
-327
-316
-312
-308
-299
-294
-290
-281
-272
-266
-262
-254
-245
-240
-231
-227
-222
-216
-209
-203
-196
-189
-183
-178
-167
-164
-151
-138
-134
-124
-118
-110
-100
-94
-83
-73
-62
-51
-42
-31
-18
-7
-1
14
24
37
48
57
70
84
95
108
118
131
150
160
172
184
194
207
219
233
237
255
269
276
293
301
314
320
334
345
350
364
375
379
393
404
411
420
423
439
442
448
457
461
470
474
481
486
493
495
502
506
511
513
513
520
519
519
527
530
529
531
538
531
532
534
535
534
535
538
534
533
532
540
531
529
533
532
526
524
529
521
519
519
516
514
509
506
497
492
494
485
483
481
471
460
455
454
445
434
431
420
408
393
383
372
358
348
341
327
307
294
283
268
253
240
228
213
197
182
166
147
130
116
102
89
73
54
34
22
11
-7
-18
-29
-41
-59
-72
-85
-96
-113
-125
-128
-142
-156
-163
-174
-185
-196
-199
-205
-214
-215
-224
-232
-234
-230
-237
-242
-238
-240
-248
-252
-250
-252
-252
-247
-238
-240
-244
-241
-240
-239
-235
-231
-225
-222
-216
-212
-212
-208
-205
-200
-192
-184
-182
-179
-178
-169
-168
-166
-162
-154
-147
-147
-143
-140
-138
-132
-128
-129
-125
-124
-120
-120
-123
-120
-117
-119
-121
-118
-119
-119
-117
-117
-122
-121
-118
-118
-122
-118
-113
-117
-122
-121
-119
-124
-123
-119
-118
-122
-117
-115
-119
-121
-117
-114
-113
-109
-103
-105
-106
-102
-103
-102
-101
-92
-92
-92
-85
-81
-80
-79
-72
-64
-65
-58
-53
-53
-46
-42
-35
-36
-30
-24
-21
-17
-15
-10
-8
-1
4
10
16
19
27
26
26
34
38
39
45
49
50
54
56
58
58
57
63
66
65
66
70
69
66
68
68
66
65
63
57
61
62
55
57
56
55
51
51
52
50
49
43
40
44
42
40
39
40
38
37
38
37
39
41
41
46
43
38
41
42
40
38
42
45
45
44
47
47
49
52
50
53
52
54
50
54
55
52
55
56
54
51
50
49
48
46
45
47
48
47
50
43
39
42
39
38
38
35
32
32
30
28
24
23
23
20
18
15
12
6
0
1
-2
-1
-4
-12
-15
-18
-21
-24
-30
-30
-34
-40
-41
-50
-52
-59
-62
-69
-73
-71
-81
-82
-85
-90
-89
-96
-95
-96
-101
-101
-102
-104
-107
-108
-110
-113
-114
-110
-110
-111
-104
-102
-104
-100
-97
-95
-93
-87
-85
-87
-86
-81
-78
-74
-70
-69
-67
-59
-58
-64
-54
-56
-54
-48
-50
-47
-46
-47
-43
-46
-45
-47
-47
-44
-48
-41
-47
-46
-46
-46
-44
-44
-47
-50
-49
-48
-45
-48
-45
-43
-49
-46
-43
-43
-40
-38
-34
-37
-35
-28
-32
-30
-25
-24
-22
-20
-12
-9
-7
-2
-3
1
3
11
13
15
24
26
27
26
28
31
39
42
40
41
44
44
52
56
53
58
59
61
64
67
68
69
69
70
70
72
75
75
76
78
80
76
77
80
80
79
81
85
85
84
83
88
87
83
85
85
84
83
83
85
83
83
81
77
81
81
77
75
76
77
74
71
71
69
68
63
63
61
59
56
55
54
49
49
50
48
44
46
44
36
39
39
35
36
37
37
32
34
33
26
29
28
24
26
25
24
23
19
19
17
17
14
8
13
15
9
8
10
7
6
5
3
2
1
3
-8
-9
-9
-13
-12
-14
-13
-16
-20
-19
-20
-22
-26
-26
-25
-25
-27
-30
-30
-33
-37
-37
-41
-41
-39
-43
-42
-40
-41
-42
-44
-40
-41
-44
-45
-47
-48
-47
-44
-47
-48
-47
-46
-49
-51
-52
-53
-52
-53
-52
-50
-48
-51
-53
-51
-53
-58
-56
-55
-59
-60
-59
-59
-61
-63
-61
-64
-63
-62
-64
-61
-62
-66
-63
-64
-66
-67
-65
-64
-68
-66
-64
-65
-67
-64
-64
-62
-62
-65
-60
-56
-56
-58
-56
-57
-57
-50
-48
-47
-43
-40
-40
-41
-38
-34
-33
-35
-32
-33
-30
-29
-27
-21
-27
-22
-17
-15
-11
-12
-11
-8
-9
-10
-2
-1
4
8
8
10
12
16
20
21
25
28
29
37
37
40
45
50
47
53
60
61
64
64
70
71
73
74
79
83
82
85
88
91
95
97
100
100
101
104
106
108
111
113
113
113
116
115
113
115
119
120
121
121
124
122
124
132
129
130
134
135
139
141
139
138
139
143
144
143
144
142
144
145
150
146
148
152
151
151
151
150
148
147
148
148
148
145
143
141
134
130
130
130
127
125
126
122
115
114
109
104
99
97
96
91
86
77
76
69
59
61
56
50
45
42
39
32
27
25
16
8
7
7
-4
-10
-10
-15
-16
-23
-25
-28
-34
-36
-45
-49
-54
-58
-65
-65
-69
-76
-77
-84
-87
-91
-93
-94
-96
-102
-101
-103
-108
-109
-113
-117
-122
-121
-123
-124
-128
-127
-124
-129
-132
-133
-135
-139
-139
-137
-139
-142
-139
-140
-141
-141
-144
-144
-146
-150
-146
-146
-150
-150
-150
-149
-149
-156
-158
-153
-155
-155
-150
-149
-154
-154
-151
-151
-153
-150
-153
-154
-152
-150
-144
-146
-146
-141
-140
-141
-141
-134
-133
-135
-131
-126
-127
-128
-120
-117
-116
-113
-107
-106
-105
-101
-97
-96
-95
-90
-88
-80
-80
-81
-75
-71
-69
-64
-63
-58
-55
-52
-51
-45
-41
-41
-36
-33
-34
-34
-25
-22
-23
-17
-11
-10
-10
-6
0
3
4
8
9
13
13
14
16
20
22
23
26
25
22
29
29
28
32
35
36
35
37
39
35
35
34
37
40
37
42
40
41
42
45
48
43
45
46
44
42
41
44
43
46
49
49
51
54
52
54
51
50
52
50
49
54
57
55
53
54
56
56
55
54
54
52
48
53
50
54
50
51
52
50
47
44
45
42
42
44
42
41
40
41
44
42
45
46
43
45
44
45
54
52
48
53
57
55
53
54
59
59
58
63
65
63
62
66
70
67
69
65
65
67
73
72
69
75
76
75
78
75
75
70
66
68
68
68
69
72
70
68
70
69
68
65
70
69
69
74
73
72
71
73
73
70
69
71
69
67
71
71
74
69
69
72
72
75
71
71
72
71
71
70
68
65
70
66
64
64
60
59
57
57
54
54
56
52
52
49
45
44
45
44
40
39
39
36
39
37
37
38
37
38
31
28
25
21
23
24
25
25
24
24
21
20
19
15
15
10
5
10
7
7
4
0
4
1
-4
-7
-6
-6
-7
-7
-10
-10
-14
-17
-22
-24
-25
-27
-27
-27
-28
-33
-37
-36
-35
-39
-34
-37
-43
-42
-40
-41
-44
-43
-42
-47
-44
-47
-47
-44
-46
-41
-43
-45
-44
-42
-45
-48
-43
-43
-44
-45
-43
-39
-41
-44
-40
-39
-41
-40
-38
-39
-41
-41
-41
-38
-35
-37
-37
-35
-36
-33
-35
-36
-32
-31
-29
-29
-31
-30
-32
-32
-29
-32
-30
-31
-28
-28
-26
-24
-29
-25
-21
-24
-19
-17
-19
-14
-15
-13
-12
-13
-13
-17
-16
-12
-17
-13
-13
-11
-10
-10
-11
-11
-11
-16
-12
-12
-10
-15
-12
-13
-14
-12
-13
-13
-14
-14
-12
-12
-12
-13
-14
-18
-17
-15
-16
-17
-14
-16
-18
-18
-20
-17
-16
-16
-18
-20
-22
-22
-22
-21
-23
-25
-24
-23
-24
-22
-24
-22
-22
-25
-26
-28
-25
-29
-31
-32
-30
-29
-31
-31
-33
-31
-35
-34
-32
-35
-33
-33
-34
-32
-33
-34
-34
-36
-36
-39
-37
-36
-35
-33
-37
-37
-37
-35
-36
-33
-35
-36
-37
-36
-35
-37
-32
-35
-37
-34
-33
-34
-31
-32
-33
-31
-32
-29
-26
-26
-27
-26
-26
-23
-25
-24
-23
-26
-22
-20
-20
-20
-16
-16
-15
-13
-16
-12
-11
-9
-8
-8
-7
-4
-6
-4
-2
2
5
2
1
4
8
6
9
11
10
10
11
10
14
16
17
14
15
18
17
19
19
20
18
19
23
25
25
26
26
21
27
27
27
28
29
28
28
30
30
33
33
33
33
31
32
32
34
36
32
32
29
29
30
32
33
32
34
34
30
33
31
31
28
28
28
26
30
26
29
28
27
26
27
23
23
26
23
22
22
21
22
23
22
19
20
21
18
18
20
21
19
16
18
17
15
13
12
13
11
12
14
12
11
12
6
6
7
8
8
3
1
6
5
2
3
2
0
2
2
2
0
-1
0
0
-1
-1
2
0
-1
0
-1
-3
0
0
-3
-3
-4
-2
-2
0
-1
-1
1
-2
-4
0
2
-1
5
2
2
0
0
0
-3
-5
-4
-2
-2
0
-5
-1
-2
-4
-1
0
-1
-2
-4
-3
1
1
1
3
-3
-3
-3
-2
-1
0
-2
-4
0
2
6
7
2
1
1
0
-1
2
2
-2
1
0
1
3
1
1
2
3
4
3
5
4
1
1
-1
2
1
4
3
3
2
2
-1
-1
-1
-5
-1
-2
-1
-2
-5
-1
-2
-4
-3
-3
-5
-3
-5
-2
-5
-5
-5
-5
-3
-3
-3
-5
-5
-3
-3
-6
-4
-4
-5
-2
-4
-6
-6
-6
-8
-9
-2
-2
-2
-6
-5
-5
-6
-7
-7
-7
-9
-8
-4
-3
-2
0
-3
-1
-3
-1
2
1
2
-2
1
-2
-4
-3
-3
0
2
-1
-1
2
3
2
5
5
1
0
2
3
5
8
3
5
1
-1
1
-1
-2
-2
-2
-6
-2
-2
-2
-5
-4
-3
0
-1
-4
-5
-7
-3
-5
-3
-7
-3
-1
-2
-4
-3
0
1
3
0
0
-4
-2
3
4
6
5
2
4
4
8
6
4
4
0
6
3
6
6
3
5
2
1
2
6
2
5
4
2
1
1
1
1
-1
-1
1
2
3
5
3
5
7
6
6
9
7
7
8
3
6
5
8
10
6
5
3
5
8
8
6
3
7
7
7
8
7
5
4
5
5
7
5
8
7
2
4
5
2
1
0
0
3
2
3
4
7
6
3
6
7
5
5
2
5
2
6
6
2
3
3
5
3
3
4
2
6
3
4
5
3
3
5
4
4
3
-1
0
1
0
1
1
-2
-3
0
2
-1
1
2
0
-4
0
0
0
1
1
3
5
2
2
0
2
4
1
0
-1
1
1
3
0
2
4
1
0
2
2
0
3
3
0
-3
2
1
-2
-1
-2
-3
-3
-1
-2
-1
-2
2
0
-5
-3
-4
-1
1
1
-1
0
-5
-6
-5
-3
-3
-3
-5
-3
-3
-5
-2
-4
-2
-3
-1
-1
1
-1
-1
-1
-2
-4
-5
-4
-7
-7
-6
-6
-6
-4
-7
-10
-5
-6
-7
-7
-8
-7
-9
-11
-9
-6
-8
-11
-10
-9
-10
-11
-8
-9
-7
-9
-9
-7
-8
-8
-6
-5
-4
-1
1
0
-3
-1
-6
-8
-5
-5
-3
-6
-3
-2
-2
-2
-3
-6
-4
-2
-2
-1
-3
-5
-4
-5
-3
-5
-8
-4
-9
-8
-4
-3
-2
-4
-2
-6
-5
-6
-5
-2
-2
-1
0
0
0
4
3
1
3
3
5
5
7
3
3
3
4
5
3
5
4
4
6
7
9
13
11
5
4
4
6
9
6
3
2
0
1
5
9
6
5
6
7
8
7
8
9
6
9
7
5
8
10
11
12
8
11
9
7
10
8
13
11
11
12
11
13
10
12
11
7
11
11
11
9
8
7
6
11
10
6
6
6
6
5
5
2
2
-1
-5
-6
-4
-3
1
-2
-3
-2
-3
-1
-1
-3
-3
0
-5
-2
-2
-3
-1
-3
-3
-4
-4
-6
-6
-2
2
-2
-2
1
-2
-2
-1
-4
-3
-3
-6
-5
-1
-2
-2
-2
0
0
-4
-1
-3
-2
-3
-3
-2
-5
-6
-7
-9
-7
-5
-5
-4
-3
-3
-4
-3
-2
-3
1
-3
-1
-1
-2
3
5
4
4
2
3
3
4
5
4
5
3
3
3
3
5
4
4
2
0
1
0
-2
