6
5
3
1
3
4
0
1
-1
-1
-2
-1
1
1
0
0
-2
-2
-4
-6
-4
-5
-1
1
-1
-2
-1
-1
-4
-2
-3
-2
-1
-3
-4
-3
-4
-6
-6
-4
-3
-4
-1
-4
-3
-3
-1
1
-2
-4
-4
0
1
-2
-2
1
0
1
2
0
0
-3
0
0
-1
-3
0
0
1
2
-1
-2
-1
0
-3
-5
-3
-2
-5
-5
-6
-4
-1
-4
-3
-1
-4
-1
-2
-5
-4
-3
0
0
-1
-4
-3
-3
-2
2
-2
-3
-3
-3
-3
-2
-2
-2
-6
-5
-1
-5
-6
-3
-3
-2
-3
-5
-2
-4
-1
-2
-2
-2
-3
0
-1
1
0
-1
-2
-2
0
-1
-1
1
-1
0
0
-2
-2
-3
0
-1
-4
1
2
2
1
1
4
0
1
0
2
1
2
1
2
-1
0
-1
0
5
2
0
-1
-1
0
1
1
1
1
-1
-1
1
-1
0
-1
-2
0
-3
0
-2
-3
-3
-6
-5
-4
0
1
-1
-2
-2
-2
-3
0
-1
-4
0
1
1
0
4
3
1
-1
1
2
3
1
0
1
0
0
1
1
0
4
-1
-1
2
0
3
2
3
5
3
3
4
5
7
6
5
5
6
10
8
6
7
7
5
3
5
3
-1
4
3
3
5
4
3
2
0
1
2
3
-1
2
5
5
6
4
6
6
6
5
5
6
7
7
4
6
5
4
5
3
3
0
4
4
5
4
4
3
-1
3
2
-1
-4
0
0
1
-1
-2
-3
-1
1
0
2
2
2
0
0
3
0
-1
1
0
-1
-3
-5
-7
-1
0
-1
0
-1
1
1
-2
-3
-4
-4
-4
-5
-3
-5
-4
-3
-3
2
1
-1
-3
-2
-1
0
2
-1
0
-2
-2
-1
0
0
-3
-1
-3
-1
1
0
-3
-6
-6
-5
-3
1
-2
-3
-1
-4
-4
-2
-4
-5
-7
-1
-2
0
1
-5
-1
2
1
-1
-5
-2
-1
1
1
4
0
-1
1
3
3
0
4
1
2
-1
-2
-2
-2
0
-4
-4
-4
-2
-1
-1
0
-2
-5
-5
-5
-4
-4
-1
-4
-5
-2
-2
-1
-2
-3
-4
-3
-3
-1
0
0
-2
-1
0
-3
-1
0
-1
0
-3
-4
-1
-4
-3
1
0
0
1
1
1
0
1
2
2
1
1
0
1
2
2
1
0
1
3
0
1
0
-2
0
-3
-2
-1
-1
2
1
1
1
-2
-3
0
-4
-3
-1
-2
2
4
4
2
4
5
2
1
5
1
2
2
-1
-2
3
2
3
1
1
2
-2
2
1
0
0
-2
0
-1
0
-1
-3
-3
-1
-3
-1
0
-1
1
-2
-2
-4
-1
2
-2
0
-3
-4
-4
-4
-3
-3
0
0
-1
-3
0
1
0
1
2
0
3
1
2
5
1
1
1
1
4
5
1
0
3
3
4
2
1
1
-1
-3
1
1
2
0
0
5
3
-1
-1
3
1
0
-1
0
0
-1
1
-1
1
3
3
-1
2
0
2
3
1
-1
-1
3
1
0
-1
1
-2
0
2
2
2
6
5
2
5
5
6
9
7
4
4
3
3
1
0
-1
2
3
-1
1
2
2
1
1
1
4
0
-2
-2
-1
-3
-2
-1
-3
-2
-2
-2
-4
-1
-4
-4
-2
-2
-3
-5
-3
-3
-5
-3
-1
-5
-2
-2
-2
-3
-3
-4
-4
-3
-3
-7
-8
-3
-3
-5
-5
-7
-8
-4
-6
-6
-6
-6
-6
-6
-7
-6
-4
-6
-6
-4
-6
-6
-6
-7
-6
-5
-5
-9
-10
-10
-9
-5
-7
-8
-8
-7
-8
-4
-3
-4
-2
-2
-5
-3
-1
-2
1
0
-1
3
1
0
2
0
-1
-3
-3
-3
-1
-2
1
2
1
2
2
1
1
2
0
0
1
1
-1
-1
1
-1
3
3
-1
2
4
1
2
3
-1
-1
2
0
-1
3
2
5
5
3
1
-1
2
3
1
1
-1
2
1
3
3
2
1
0
2
0
1
1
2
2
2
5
6
6
4
1
5
4
3
5
3
4
3
4
4
3
2
5
3
0
3
-1
0
3
0
-2
2
-1
1
2
3
3
-1
3
0
3
4
4
4
1
2
2
7
2
1
6
8
4
2
2
4
6
8
7
5
6
2
3
3
4
2
2
5
3
1
4
2
0
0
0
3
3
1
-1
1
1
-3
-2
0
-1
2
-3
-1
-2
-3
-1
-4
2
1
2
5
5
4
4
3
3
4
2
1
2
3
3
5
1
0
1
2
2
2
1
2
6
4
2
0
0
3
-1
3
8
6
5
8
6
5
7
9
6
5
5
2
1
2
1
3
1
2
3
3
0
0
0
-2
0
1
2
1
4
0
-2
1
1
3
5
4
2
1
0
-4
-2
0
1
0
-2
-1
1
0
-1
-2
-4
-1
-2
-1
0
-1
-3
-1
-1
0
-1
-3
-1
0
2
1
1
3
3
1
-1
-2
-4
-2
-1
-1
0
-2
0
2
-2
-2
0
-3
-1
-2
-3
-3
1
1
4
0
0
2
0
-1
0
5
-3
1
2
-1
-1
-3
-2
-6
0
0
-2
-3
-2
-1
0
1
-2
-2
-4
1
2
4
2
-1
4
2
2
1
4
3
4
4
2
1
-1
3
2
0
1
0
-1
1
-3
-2
0
-3
-3
-4
-3
-6
-2
-1
-3
-5
-4
-2
-1
-2
-4
-2
-4
1
0
-2
-2
-3
-4
-3
0
-1
-2
-3
0
-1
0
0
-2
-1
-4
-1
-1
-1
1
2
3
2
1
1
-1
-3
0
-2
0
-1
-2
-2
-3
-2
-5
-3
-2
-2
-2
-5
-2
-1
0
0
-1
-2
-1
3
3
2
2
-1
5
3
2
4
1
-2
0
0
0
-1
0
-3
-2
2
1
-1
-3
-4
-4
-4
-3
-2
-2
-5
-2
-2
-3
-6
-4
-6
-5
-3
-5
-1
-4
-2
-3
-2
0
-4
-1
-4
-1
-2
1
1
-1
0
-4
-1
-2
-2
2
0
-1
0
1
4
1
1
3
0
-1
-2
-2
-1
-1
-1
2
1
0
1
2
2
1
0
-1
0
0
3
4
4
4
2
-3
-3
-1
0
1
1
1
1
1
1
2
1
-1
-1
1
-2
0
-1
-2
0
0
1
0
1
2
2
0
1
0
-2
0
0
-3
1
0
-4
-4
0
-2
-2
-2
-4
-4
-1
-2
-3
-1
2
2
-1
0
0
-2
3
5
4
5
5
4
5
3
2
1
-1
-2
-1
-1
-3
0
-2
-2
-2
-2
0
-2
1
-5
-6
-5
-5
-2
-3
-5
-8
-7
-7
-5
-3
-4
-3
-5
-4
-1
-1
-3
-3
-4
-5
-4
-4
-4
-7
-9
-6
-3
-3
-5
-3
-4
-5
-5
-9
-10
-9
-8
-6
-6
-6
-6
-6
-3
-4
-5
0
-2
-1
0
2
2
2
1
-3
0
5
3
1
-2
0
-3
-1
0
-2
-1
-2
0
-2
-2
1
0
-1
-1
-3
-3
-1
1
-1
-2
-1
-1
-3
-1
-2
-2
-1
-1
2
0
0
1
0
0
-1
-5
-1
-1
-1
0
-2
1
-1
-1
-2
0
0
-3
-1
0
-5
-2
-1
-1
0
-3
-2
-4
-2
-3
-2
-2
-6
-4
-4
-2
-2
-3
-4
-4
0
-3
-4
-2
-6
-4
-1
0
-2
-2
1
-2
-2
-1
0
0
-2
-2
-2
-3
-4
-4
-3
-3
-4
-2
-5
-4
-6
-6
-6
-6
-5
-6
-6
-4
-4
-5
-5
-4
-5
-4
-4
-5
-4
-2
-2
0
-3
-1
1
-1
2
3
-2
-2
-2
-1
2
1
2
0
-3
-4
-2
-4
0
1
0
0
2
1
0
1
1
2
3
0
1
1
-2
-1
-1
-2
1
1
2
2
4
6
5
4
3
2
1
2
1
2
4
4
0
-2
-1
-3
-1
0
0
-1
-2
-2
1
3
1
-3
0
1
1
-3
-1
3
1
3
3
4
3
5
5
3
2
4
3
2
3
3
0
1
3
3
4
0
-1
1
2
0
2
2
2
2
6
4
1
7
7
5
4
2
3
2
3
2
3
4
1
2
1
0
3
2
3
2
2
4
3
-1
1
0
1
-1
-2
0
1
3
0
-2
-4
-3
-3
-2
-1
-3
-1
-3
-1
2
1
-2
-2
-5
-2
1
-3
-2
-2
0
0
-2
-2
-3
0
-1
-4
0
0
-2
-2
-2
0
-1
-1
0
-3
-2
-1
0
1
2
-1
-5
0
-2
-2
2
-1
-2
0
-1
1
1
-1
0
1
1
2
4
2
1
2
5
1
3
4
4
6
3
5
2
1
2
0
-1
1
2
1
2
2
4
1
4
7
7
5
7
5
5
7
5
6
1
3
7
1
0
3
2
2
1
0
1
0
-1
-1
-3
1
1
-1
3
1
-1
1
3
3
4
4
5
5
2
4
4
3
6
3
3
5
3
5
8
11
6
2
1
4
6
1
3
4
5
3
4
4
-1
3
3
2
5
5
2
-1
1
0
2
3
2
-1
0
1
0
3
-1
1
1
0
-2
-1
2
1
0
0
0
0
2
1
-2
5
4
3
4
3
0
0
1
-1
1
2
0
1
2
2
1
-3
-5
-1
-2
-4
1
-1
1
-2
-2
2
1
0
2
3
2
4
0
0
0
0
0
0
4
3
-2
-1
-2
-2
1
2
0
-2
-2
4
2
-2
-1
2
3
-1
1
0
-1
-1
0
-1
0
0
0
3
-1
2
0
1
2
-4
1
0
-2
-1
1
0
-3
-3
-2
0
0
-3
-1
0
-1
0
-1
1
0
-1
-2
-3
-3
3
4
-2
2
-2
-2
-2
-3
-1
-4
-2
-3
-3
-1
1
-1
-3
-6
-6
-2
-4
-3
2
-3
-6
-3
-4
-5
-6
-5
-4
-6
-3
-6
-4
-2
-7
-1
-4
-4
-1
-2
-1
0
1
0
-1
-2
1
-1
-2
-1
-5
-3
-2
1
3
-1
-1
-3
-1
-4
-8
-4
-6
-4
-3
-4
-4
-5
-7
-5
-2
-2
-4
-5
-2
-4
-5
-5
-3
-5
-3
-2
-3
-2
1
2
-1
4
1
0
-4
-3
-1
0
1
-1
-1
0
1
0
-4
-2
1
-1
-1
1
0
-1
-4
-4
-4
-2
0
-1
0
1
2
1
1
-2
-1
1
0
2
-3
-3
1
6
2
3
4
2
2
0
-3
-4
-1
-3
0
-1
-1
-1
0
1
1
1
-2
-1
5
2
2
2
2
0
-1
4
1
2
3
2
1
3
4
1
2
4
4
4
4
4
4
3
1
6
4
3
5
4
2
6
8
5
7
8
8
8
7
7
6
9
8
10
10
7
6
8
9
7
7
8
7
3
4
5
4
4
6
-1
0
0
-1
3
2
-1
0
1
1
-1
0
2
3
2
3
3
1
3
2
3
2
2
1
1
2
2
0
1
0
-4
1
-3
-5
-3
-2
-1
-3
0
1
-2
-1
2
-4
-4
1
1
1
-1
0
0
0
0
-1
1
3
5
1
1
0
-1
0
1
-1
3
2
-1
1
1
-1
-3
-1
-2
-2
-1
-3
-1
-4
-3
0
-3
-3
-4
-3
-1
-2
-4
-3
0
-3
-3
-3
-4
-4
-2
-2
2
1
1
3
3
-1
-3
2
1
0
1
0
-3
-3
-1
0
0
0
1
0
0
1
2
3
0
1
2
2
1
0
2
4
1
2
-2
0
-1
0
-1
-2
-1
-1
1
-1
1
-2
-2
0
0
0
1
1
-1
1
2
2
3
3
1
-1
0
0
-1
1
0
-3
0
0
-1
0
-2
1
0
-3
-3
-3
-3
0
0
-1
1
-3
-7
0
-1
-2
2
0
-1
0
-5
-2
-1
-1
-1
-5
-3
0
-2
0
-2
-3
-2
-6
-3
1
-2
2
0
2
4
3
3
1
2
0
1
3
5
1
4
5
4
2
2
2
-1
0
-1
0
1
-2
1
2
0
1
1
-1
-1
-2
-3
-3
3
1
-2
1
-2
1
1
-3
-3
2
-1
-1
-1
-1
-4
-2
-4
-6
-8
-12
-11
-11
-10
-11
-11
-11
-9
-9
-7
-4
-5
0
1
3
4
4
4
0
-1
-1
-4
-7
-8
-10
-11
-9
-9
-11
-6
-2
-2
4
5
10
16
15
16
21
21
20
20
18
18
12
13
14
10
8
4
6
1
-1
-4
-6
-8
-10
-11
-10
-11
-14
-16
-18
-19
-19
-14
-14
-11
-3
-1
4
8
15
21
25
29
33
34
33
35
28
24
22
16
13
8
1
2
8
9
12
18
24
33
40
46
51
52
53
48
37
23
5
-20
-51
-89
-125
-157
-192
-219
-248
-271
-281
-285
-279
-263
-241
-208
-173
-140
-93
-44
1
45
78
117
152
174
194
212
223
226
231
234
238
240
241
246
250
255
264
268
269
267
260
245
227
205
175
133
86
31
-24
-85
-145
-206
-268
-326
-375
-418
-455
-481
-501
-506
-502
-490
-466
-438
-397
-349
-298
-244
-188
-128
-67
-10
45
103
156
203
248
291
328
365
393
425
453
474
490
500
509
513
508
499
481
464
433
401
365
322
275
220
173
121
71
22
-28
-75
-120
-161
-196
-230
-259
-286
-307
-323
-340
-353
-361
-368
-373
-381
-381
-377
-371
-365
-355
-345
-331
-314
-295
-274
-256
-237
-222
-207
-190
-181
-172
-169
-162
-156
-154
-146
-137
-130
-118
-95
-68
-38
5
46
92
142
191
238
287
329
364
395
419
435
443
444
436
427
412
398
385
373
361
357
355
358
365
377
391
402
415
419
418
407
390
356
311
257
189
112
31
-53
-135
-211
-284
-345
-391
-421
-437
-433
-413
-380
-330
-274
-216
-152
-89
-36
12
50
78
89
88
79
61
31
-5
-45
-93
-141
-199
-259
-328
-397
-478
-572
-672
-785
-903
-1029
-1162
-1290
-1412
-1522
-1613
-1677
-1710
-1711
-1670
-1587
-1464
-1300
-1098
-867
-619
-350
-73
195
458
705
927
1128
1303
1449
1581
1698
1806
1916
2032
2164
2317
2485
2675
2877
3082
3283
3464
3619
3712
3720
3628
3442
3161
2778
2289
1689
1026
316
-423
-1160
-1869
-2513
-3087
-3574
-3954
-4207
-4333
-4361
-4299
-4158
-3953
-3703
-3433
-3156
-2885
-2645
-2440
-2260
-2091
-1926
-1764
-1597
-1406
-1170
-873
-514
-97
369
883
1421
1963
2504
3016
3467
3827
4074
4216
4244
4156
3955
3645
3251
2798
2306
1807
1328
893
501
158
-113
-308
-435
-510
-560
-597
-636
-697
-784
-919
-1100
-1331
-1630
-1967
-2318
-2663
-2985
-3288
-3548
-3733
-3830
-3836
-3761
-3597
-3353
-3058
-2718
-2339
-1937
-1534
-1158
-826
-532
-263
-37
148
302
436
558
668
794
946
1119
1312
1512
1734
1983
2236
2486
2720
2932
3124
3286
3423
3540
3635
3710
3759
3793
3816
3837
3847
3828
3772
3674
3512
3265
2946
2566
2106
1542
883
161
-574
-1323
-2088
-2824
-3495
-4088
-4591
-4988
-5239
-5347
-5351
-5257
-5067
-4770
-4403
-4008
-3593
-3170
-2765
-2387
-2033
-1686
-1356
-1056
-779
-502
-189
151
518
912
1330
1763
2201
2644
3087
3497
3837
4085
4236
4303
4288
4183
3967
3645
3237
2785
2316
1829
1349
894
459
36
-344
-637
-854
-1052
-1293
-1566
-1834
-2086
-2345
-2650
-3005
-3409
-3827
-4219
-4549
-4808
-5000
-5131
-5195
-5135
-4911
-4524
-4015
-3459
-2873
-2227
-1520
-784
-74
585
1150
1591
1950
2269
2571
2798
2909
2945
2988
3090
3236
3418
3634
3876
4141
4448
4843
5312
5790
6191
6498
6759
6982
7130
7109
6819
6263
5531
4706
3777
2697
1477
201
-1061
-2274
-3370
-4266
-4964
-5561
-6116
-6521
-6649
-6538
-6337
-6154
-5951
-5693
-5424
-5137
-4820
-4492
-4260
-4161
-4055
-3823
-3470
-3081
-2703
-2294
-1794
-1182
-435
430
1321
2133
2851
3538
4227
4876
5381
5663
5714
5590
5362
5073
4696
4174
3516
2792
2075
1425
890
441
18
-438
-864
-1148
-1266
-1326
-1464
-1741
-2155
-2624
-3042
-3392
-3780
-4362
-5100
-5760
-6189
-6427
-6588
-6651
-6569
-6363
-6038
-5488
-4638
-3647
-2747
-1976
-1173
-265
625
1368
1955
2409
2713
2889
3071
3316
3534
3614
3611
3695
3966
4365
4779
5155
5503
5876
6331
6872
7419
7882
8222
8448
8578
8658
8711
8620
8141
7173
5968
4851
3820
2587
1024
-613
-2045
-3296
-4455
-5404
-6040
-6519
-7075
-7592
-7719
-7432
-7094
-6967
-6901
-6699
-6418
-6156
-5853
-5465
-5161
-5072
-4999
-4657
-4035
-3385
-2846
-2309
-1638
-811
141
1191
2241
3139
3843
4462
5076
5657
6094
6268
6131
5752
5324
4950
4524
3891
3085
2289
1577
912
325
-112
-459
-897
-1410
-1757
-1808
-1780
-1997
-2509
-3090
-3529
-3880
-4323
-4928
-5632
-6316
-6905
-7329
-7531
-7525
-7398
-7233
-6965
-6416
-5519
-4451
-3438
-2536
-1629
-671
266
1103
1833
2443
2849
3057
3235
3525
3851
4037
4078
4161
4416
4794
5203
5613
6023
6385
6704
7104
7628
8150
8499
8690
8831
8934
8974
8947
8805
8318
7319
6035
4903
3975
2821
1210
-533
-1996
-3190
-4356
-5414
-6171
-6734
-7370
-7990
-8184
-7909
-7586
-7502
-7476
-7258
-6919
-6593
-6235
-5814
-5484
-5376
-5271
-4865
-4195
-3536
-3010
-2481
-1816
-988
2
1104
2178
3062
3762
4442
5189
5905
6422
6637
6555
6244
5885
5585
5225
4620
3768
2881
2094
1393
769
259
-179
-704
-1306
-1729
-1826
-1868
-2218
-2879
-3531
-3977
-4387
-4967
-5680
-6377
-7029
-7667
-8158
-8334
-8255
-8137
-8040
-7768
-7110
-6122
-5031
-4000
-3012
-2009
-984
54
1058
1964
2666
3124
3445
3772
4185
4575
4801
4879
4974
5230
5611
6018
6386
6736
7062
7356
7701
8152
8599
8864
8932
8958
9018
9030
8929
8703
8233
7304
5999
4760
3800
2766
1242
-598
-2222
-3438
-4523
-5636
-6568
-7228
-7820
-8432
-8776
-8620
-8216
-7995
-7982
-7862
-7498
-7026
-6576
-6159
-5798
-5559
-5360
-4980
-4352
-3628
-2997
-2431
-1790
-982
12
1125
2218
3134
3863
4543
5260
5955
6505
6815
6823
6547
6161
5839
5527
4984
4138
3194
2360
1630
913
258
-277
-790
-1371
-1892
-2177
-2351
-2710
-3294
-3866
-4306
-4805
-5493
-6191
-6710
-7175
-7769
-8315
-8493
-8328
-8126
-7986
-7647
-6930
-5984
-5024
-4039
-2944
-1811
-765
219
1229
2199
2971
3509
3952
4405
4845
5216
5498
5705
5882
6093
6386
6729
7049
7331
7581
7822
8087
8381
8661
8859
8962
9045
9110
9062
8888
8675
8349
7614
6365
4989
3887
2875
1436
-469
-2264
-3594
-4725
-5945
-7066
-7794
-8295
-8866
-9354
-9348
-8881
-8469
-8349
-8232
-7837
-7283
-6792
-6359
-5924
-5556
-5329
-5093
-4615
-3909
-3210
-2637
-2074
-1364
-422
679
1800
2813
3659
4434
5208
5974
6635
7078
7219
7028
6648
6264
5899
5363
4529
3543
2628
1831
1061
356
-218
-724
-1290
-1899
-2359
-2618
-2897
-3387
-4010
-4627
-5232
-5888
-6538
-7068
-7560
-8138
-8675
-8904
-8745
-8443
-8174
-7790
-7116
-6194
-5142
-4012
-2816
-1625
-556
453
1517
2553
3410
4056
4574
5016
5401
5729
6045
6319
6470
6565
6739
7022
7319
7568
7785
7966
8108
8238
8435
8681
8853
8885
8836
8740
8574
8346
8009
7372
6261
4893
3680
2642
1391
-291
-2057
-3478
-4626
-5785
-6861
-7582
-8058
-8568
-9109
-9273
-8918
-8480
-8298
-8202
-7904
-7422
-6937
-6481
-6008
-5592
-5333
-5124
-4700
-4006
-3279
-2673
-2103
-1421
-553
473
1558
2599
3493
4256
4967
5663
6314
6806
7052
6965
6587
6149
5748
5284
4576
3641
2716
1901
1139
408
-198
-683
-1208
-1883
-2586
-3057
-3322
-3688
-4343
-5161
-5891
-6466
-6986
-7507
-7977
-8384
-8762
-9000
-8917
-8492
-7931
-7412
-6849
-6049
-4937
-3679
-2472
-1339
-258
784
1791
2743
3619
4393
4972
5338
5608
5899
6232
6513
6654
6694
6805
7025
7283
7504
7668
7804
7898
7966
8078
8304
8529
8565
8407
8229
8146
8035
7695
7028
6046
4882
3690
2552
1361
-48
-1645
-3193
-4489
-5565
-6485
-7254
-7881
-8438
-8896
-9092
-8916
-8540
-8247
-8051
-7808
-7435
-6966
-6459
-5951
-5552
-5312
-5109
-4701
-4025
-3305
-2722
-2163
-1463
-595
397
1441
2508
3458
4202
4841
5490
6150
6639
6833
6731
6422
6028
5593
5113
4496
3675
2744
1871
1144
543
2
-508
-1034
-1620
-2257
-2815
-3175
-3488
-4016
-4805
-5639
-6281
-6725
-7153
-7647
-8128
-8497
-8683
-8588
-8189
-7596
-6978
-6341
-5539
-4465
-3192
-1938
-782
296
1307
2258
3162
4036
4808
5374
5684
5868
6118
6436
6714
6866
6926
6999
7158
7385
7590
7763
7902
7976
8015
8081
8222
8353
8332
8127
7840
7636
7458
7130
6529
5614
4524
3420
2391
1340
98
-1328
-2767
-4023
-5085
-5989
-6739
-7378
-7959
-8493
-8785
-8724
-8421
-8145
-7994
-7803
-7481
-7025
-6525
-6028
-5571
-5237
-4968
-4584
-3959
-3198
-2526
-1960
-1354
-592
344
1337
2313
3179
3863
4450
5026
5641
6160
6437
6413
6140
5800
5458
5088
4566
3814
2926
2063
1332
722
166
-371
-942
-1580
-2269
-2895
-3339
-3711
-4240
-5050
-5944
-6638
-7065
-7407
-7863
-8345
-8686
-8764
-8588
-8210
-7631
-6940
-6216
-5457
-4514
-3284
-1931
-720
293
1250
2262
3285
4167
4888
5447
5796
5974
6129
6384
6677
6809
6765
6729
6835
7070
7275
7427
7578
7672
7730
7780
7884
8002
7978
7799
7503
7225
7019
6786
6360
5565
4443
3325
2424
1558
389
-1076
-2495
-3659
-4677
-5685
-6551
-7140
-7653
-8296
-8816
-8883
-8562
-8281
-8245
-8169
-7816
-7299
-6840
-6412
-5889
-5408
-5102
-4801
-4267
-3464
-2695
-2129
-1594
-910
-5
958
1880
2706
3389
3984
4522
5061
5553
5897
5979
5757
5377
5054
4796
4403
3718
2850
2055
1390
772
147
-410
-902
-1492
-2228
-2921
-3392
-3744
-4270
-5076
-5934
-6587
-7020
-7406
-7859
-8280
-8548
-8622
-8502
-8164
-7573
-6844
-6131
-5423
-4532
-3344
-2032
-868
102
1031
2016
2986
3804
4464
4962
5279
5420
5521
5725
5975
6120
6111
6100
6236
6514
6795
7012
7201
7357
7446
7478
7515
7566
7516
7269
6896
6579
6399
6258
5974
5439
4642
3740
2932
2239
1451
350
-969
-2214
-3195
-4063
-4931
-5737
-6448
-7115
-7757
-8174
-8217
-8034
-7949
-7998
-7931
-7595
-7092
-6566
-6058
-5592
-5198
-4825
-4311
-3583
-2808
-2167
-1636
-1075
-395
399
1248
2065
2725
3207
3657
4186
4754
5193
5387
5361
5180
4951
4750
4552
4220
3636
2897
2204
1656
1176
655
81
-524
-1165
-1828
-2468
-3024
-3548
-4177
-4976
-5788
-6416
-6834
-7200
-7620
-8000
-8159
-8050
-7777
-7359
-6764
-6042
-5306
-4546
-3622
-2471
-1279
-264
605
1493
2438
3295
3986
4537
4987
5307
5502
5678
5899
6119
6243
6276
6309
6454
6684
6904
7047
7112
7151
7161
7110
6999
6863
6691
6429
6117
5894
5832
5844
5783
5536
5078
4457
3796
3207
2591
1655
343
-1042
-2186
-3129
-4134
-5235
-6243
-7084
-7851
-8498
-8780
-8689
-8546
-8576
-8575
-8232
-7567
-6887
-6353
-5883
-5419
-4973
-4486
-3856
-3140
-2548
-2149
-1773
-1212
-465
337
1081
1722
2286
2852
3511
4223
4841
5221
5357
5337
5263
5198
5096
4819
4256
3475
2718
2117
1587
983
291
-399
-1053
-1708
-2334
-2858
-3318
-3865
-4588
-5350
-5934
-6299
-6619
-7056
-7515
-7783
-7772
-7574
-7282
-6873
-6315
-5676
-4990
-4162
-3095
-1912
-856
16
884
1893
2914
3748
4380
4901
5353
5683
5896
6095
6298
6410
6345
6213
6234
6442
6700
6837
6861
6913
7030
7112
7069
6951
6825
6663
6409
6144
6035
6093
6110
5860
5340
4700
4089
3540
2917
2020
813
-502
-1659
-2607
-3522
-4512
-5505
-6397
-7183
-7812
-8129
-8113
-8011
-8047
-8114
-7924
-7423
-6844
-6372
-5968
-5570
-5187
-4787
-4253
-3553
-2885
-2428
-2088
-1608
-893
-64
702
1345
1901
2440
3033
3695
4330
4784
4983
4966
4859
4769
4696
4508
4026
3283
2517
1931
1503
1008
394
-250
-869
-1486
-2097
-2613
-3062
-3642
-4492
-5434
-6157
-6603
-7014
-7555
-8094
-8399
-8419
-8269
-7966
-7452
-6775
-6081
-5386
-4501
-3327
-2063
-995
-151
691
1670
2652
3447
4043
4514
4890
5127
5278
5468
5682
5772
5670
5556
5690
6106
6559
6821
6917
7005
7135
7205
7131
6930
6639
6262
5827
5448
5253
5224
5197
4988
4548
3996
3513
3145
2734
2036
986
-193
-1249
-2136
-3014
-3979
-4982
-5967
-6899
-7654
-8092
-8224
-8286
-8448
-8581
-8423
-7938
-7340
-6778
-6257
-5740
-5251
-4750
-4117
-3356
-2649
-2178
-1871
-1461
-808
-37
660
1202
1667
2161
2743
3404
4059
4594
4920
5042
5092
5179
5269
5219
4897
4325
3683
3122
2653
2182
1598
900
185
-443
-944
-1402
-1927
-2564
-3243
-3895
-4509
-5059
-5534
-5958
-6404
-6888
-7237
-7278
-7059
-6787
-6550
-6188
-5560
-4724
-3827
-2906
-1914
-909
23
906
1862
2904
3802
4396
4776
5157
5580
5877
5939
5844
5751
5712
5728
5830
6030
6278
6515
6734
6948
7140
7247
7233
7112
6892
6613
6327
6064
5842
5677
5616
5622
5499
5120
4598
4171
3864
3377
2478
1332
278
-628
-1595
-2706
-3788
-4714
-5634
-6616
-7429
-7837
-7934
-8054
-8265
-8322
-8048
-7554
-7067
-6611
-6106
-5570
-5096
-4680
-4180
-3557
-2961
-2528
-2211
-1827
-1249
-557
99
633
1101
1615
2201
2817
3392
3888
4238
4379
4381
4390
4442
4395
4063
3480
2854
2332
1891
1391
795
157
-486
-1125
-1771
-2347
-2837
-3342
-3971
-4733
-5411
-5880
-6219
-6599
-7097
-7504
-7657
-7602
-7447
-7222
-6826
-6272
-5663
-4974
-4111
-3042
-1989
-1100
-262
689
1738
2642
3290
3778
4221
4584
4774
4840
4894
4940
4899
4786
4774
4971
5279
5531
5716
5903
6108
6236
6213
6088
5913
5684
5353
4963
4658
4527
4557
4617
4571
4358
3996
3618
3295
2957
2423
1529
444
-582
-1472
-2342
-3344
-4384
-5387
-6349
-7209
-7845
-8134
-8204
-8289
-8436
-8450
-8125
-7557
-6961
-6467
-6047
-5620
-5182
-4701
-4118
-3487
-2939
-2554
-2233
-1777
-1106
-346
332
859
1330
1874
2526
3223
3824
4265
4526
4637
4691
4744
4771
4618
4171
3536
2923
2466
2057
1527
866
187
-419
-1026
-1668
-2257
-2763
-3298
-4032
-4835
-5446
-5811
-6128
-6627
-7155
-7449
-7462
-7341
-7184
-6851
-6320
-5705
-5088
-4382
-3411
-2313
-1333
-513
296
1268
2289
3127
3722
4179
4587
4899
5105
5245
5362
5457
5431
5384
5465
5734
6114
6419
6622
6787
6956
7069
7080
7008
6842
6555
6171
5828
5654
5648
5726
5773
5697
5446
5056
4694
4437
4112
3455
2420
1322
396
-417
-1315
-2362
-3407
-4389
-5321
-6122
-6644
-6852
-6980
-7205
-7420
-7399
-7054
-6547
-6062
-5660
-5337
-5016
-4614
-4065
-3425
-2875
-2494
-2216
-1857
-1307
-615
85
655
1108
1548
2124
2830
3519
4053
4373
4541
4600
4616
4595
4447
4053
3362
2573
1899
1373
868
242
-393
-907
-1303
-1649
-1990
-2256
-2491
-2847
-3390
-3973
-4380
-4648
-4990
-5506
-6009
-6221
-6105
-5822
-5484
-5050
-4495
-3924
-3366
-2705
-1879
-1034
-369
173
842
1726
2606
3255
3729
4199
4702
5128
5427
5672
5877
5981
5982
6020
6236
6567
6853
7023
7172
7377
7577
7653
7582
7419
7204
6940
6624
6320
6125
6093
6165
6224
6145
5867
5462
5084
4764
4314
3486
2310
1063
-50
-1095
-2253
-3513
-4746
-5928
-7082
-8109
-8818
-9169
-9431
-9792
-10100
-10076
-9682
-9167
-8731
-8371
-8004
-7612
-7202
-6716
-6152
-5623
-5249
-4982
-4625
-4043
-3306
-2599
-2034
-1558
-1019
-335
441
1183
1783
2203
2454
2608
2761
2919
2934
2660
2121
1523
1034
616
127
-480
-1132
-1743
-2308
-2844
-3360
-3855
-4367
-4958
-5602
-6205
-6672
-7020
-7375
-7807
-8218
-8425
-8369
-8168
-7938
-7632
-7155
-6526
-5827
-5017
-4046
-2994
-2031
-1194
-300
747
1812
2651
3223
3706
4202
4658
4965
5118
5188
5210
5211
5268
5469
5780
6102
6375
6619
6876
7107
7235
7224
7094
6898
6667
6415
6166
5964
5854
5874
6000
6085
5967
5627
5288
5098
4888
4340
3410
2390
1502
665
-330
-1421
-2410
-3305
-4268
-5228
-5883
-6088
-6110
-6271
-6461
-6376
-5934
-5374
-4889
-4424
-3913
-3430
-3048
-2646
-2083
-1445
-986
-774
-583
-160
515
1235
1802
2235
2683
3250
3940
4655
5287
5751
5993
6053
6098
6234
6332
6151
5606
4892
4274
3801
3301
2642
1873
1119
425
-221
-831
-1378
-1888
-2475
-3177
-3882
-4435
-4820
-5201
-5720
-6275
-6623
-6673
-6569
-6456
-6279
-5931
-5423
-4846
-4175
-3307
-2319
-1430
-703
83
1101
2194
3044
3578
4022
4500
4929
5192
5323
5395
5370
5221
5066
5076
5239
5406
5491
5602
5823
6070
6179
6098
5929
5733
5481
5134
4759
4444
4207
4028
3954
4047
4188
4125
3785
3399
3191
3012
2472
1483
383
-545
-1409
-2450
-3603
-4629
-5514
-6460
-7454
-8167
-8396
-8399
-8512
-8674
-8551
-8028
-7373
-6819
-6324
-5768
-5211
-4775
-4381
-3854
-3224
-2715
-2465
-2305
-1943
-1291
-574
-22
380
842
1483
2226
2926
3529
4036
4386
4547
4616
4743
4863
4725
4199
3480
2884
2462
2001
1350
587
-113
-699
-1213
-1695
-2176
-2723
-3352
-3984
-4520
-4960
-5391
-5872
-6360
-6766
-7049
-7185
-7172
-7023
-6784
-6466
-6013
-5358
-4524
-3611
-2719
-1851
-953
8
1017
1978
2806
3465
3970
4389
4774
5120
5350
5386
5265
5118
5072
5143
5221
5242
5246
5327
5505
5684
5770
5717
5565
5360
5110
4838
4567
4317
4074
3877
3873
4122
4397
4359
3959
3546
3416
3358
2900
1937
853
-52
-913
-1960
-3087
-4050
-4906
-5912
-6987
-7683
-7800
-7714
-7864
-8120
-8056
-7554
-6930
-6441
-6003
-5503
-5023
-4688
-4371
-3863
-3238
-2796
-2661
-2588
-2226
-1541
-807
-269
108
539
1143
1865
2561
3172
3651
3920
3982
4012
4170
4349
4237
3680
2930
2327
1933
1528
937
229
-455
-1055
-1557
-1934
-2261
-2707
-3335
-4009
-4535
-4922
-5338
-5875
-6446
-6915
-7258
-7480
-7542
-7435
-7253
-7038
-6693
-6074
-5192
-4241
-3373
-2546
-1638
-647
320
1219
2045
2778
3338
3719
4046
4388
4678
4740
4573
4375
4311
4380
4464
4508
4565
4679
4867
5094
5303
5413
5357
5159
4901
4660
4445
4234
3983
3690
3511
3645
4073
4450
4412
4027
3743
3791
3822
3349
2394
1373
506
-390
-1465
-2516
-3393
-4272
-5379
-6453
-7018
-7031
-6955
-7147
-7355
-7173
-6599
-5965
-5436
-4904
-4336
-3892
-3609
-3264
-2675
-2049
-1727
-1710
-1638
-1206
-493
183
651
1010
1453
2060
2770
3500
4154
4622
4829
4894
5026
5285
5457
5235
4607
3876
3339
2958
2502
1871
1141
449
-139
-575
-841
-1091
-1546
-2223
-2887
-3303
-3565
-3953
-4558
-5194
-5644
-5933
-6125
-6199
-6122
-5954
-5763
-5460
-4850
-3944
-2973
-2147
-1416
-566
445
1473
2364
3114
3751
4259
4623
4898
5168
5370
5355
5095
4800
4708
4814
4923
4897
4830
4913
5169
5479
5697
5749
5609
5300
4925
4597
4364
4117
3761
3352
3125
3301
3791
4230
4279
3993
3757
3815
3928
3632
2805
1785
858
-19
-1020
-2088
-3068
-4034
-5157
-6292
-7011
-7163
-7121
-7300
-7576
-7533
-7035
-6359
-5786
-5258
-4721
-4267
-3963
-3648
-3114
-2513
-2174
-2196
-2246
-1953
-1369
-766
-363
-78
292
820
1498
2224
2946
3504
3832
3980
4116
4388
4622
4549
4044
3344
2769
2366
1937
1314
578
-126
-734
-1254
-1671
-1973
-2285
-2752
-3347
-3884
-4208
-4432
-4752
-5245
-5776
-6181
-6394
-6444
-6437
-6390
-6302
-6062
-5623
-4961
-4118
-3244
-2387
-1608
-758
219
1236
2151
2837
3399
3886
4304
4577
4722
4797
4738
4557
4320
4191
4198
4226
4203
4195
4324
4579
4851
5006
5018
4920
4774
4623
4418
4169
3884
3645
3475
3419
3619
4065
4487
4449
4048
3779
3931
4091
3614
2571
1516
785
28
-1003
-2101
-2992
-3825
-4940
-6031
-6599
-6553
-6504
-6819
-7123
-7011
-6429
-5880
-5487
-5062
-4605
-4217
-4050
-3782
-3274
-2738
-2454
-2514
-2479
-2104
-1451
-840
-491
-193
246
914
1651
2334
2994
3534
3893
4024
4152
4440
4669
4509
3859
3139
2677
2380
1938
1257
560
-49
-563
-984
-1232
-1387
-1724
-2349
-3014
-3397
-3599
-3892
-4443
-5053
-5479
-5767
-5914
-5960
-5857
-5725
-5621
-5337
-4759
-3848
-2948
-2173
-1409
-540
499
1460
2331
3076
3714
4213
4511
4762
4960
5121
5107
4865
4633
4531
4590
4625
4546
4508
4583
4815
5036
5159
5224
5175
5010
4726
4426
4181
3961
3693
3368
3148
3237
3653
4175
4388
4159
3882
3922
4196
4106
3392
2381
1511
802
-105
-1177
-2184
-3078
-4118
-5299
-6122
-6348
-6255
-6422
-6800
-6874
-6468
-5794
-5270
-4817
-4338
-3948
-3679
-3485
-3013
-2446
-2123
-2158
-2329
-2124
-1603
-972
-546
-327
-47
395
1086
1833
2557
3150
3503
3684
3815
4084
4404
4431
3969
3213
2590
2222
1854
1254
469
-257
-861
-1352
-1701
-1926
-2165
-2611
-3197
-3638
-3848
-4045
-4464
-5061
-5589
-5973
-6252
-6484
-6643
-6713
-6759
-6710
-6429
-5819
-5035
-4284
-3574
-2801
-1849
-821
191
1098
1848
2454
2911
3305
3612
3811
3855
3684
3406
3128
3002
3024
3029
3006
2994
3148
3463
3820
4112
4252
4278
4195
4091
4030
3934
3741
3430
3156
3082
3256
3673
4115
4311
4120
3842
3907
4242
4286
3598
2525
1653
1044
306
-761
-1860
-2822
-3837
-5000
-5946
-6278
-6266
-6480
-6940
-7158
-6804
-6165
-5665
-5294
-4886
-4435
-4097
-3778
-3296
-2715
-2307
-2242
-2269
-2070
-1572
-989
-579
-348
-112
361
1074
1843
2524
3067
3504
3814
4040
4314
4630
4758
4423
3754
3156
2827
2554
2011
1247
512
-60
-498
-836
-1053
-1286
-1707
-2256
-2673
-2844
-3007
-3419
-4028
-4578
-4952
-5249
-5547
-5774
-5895
-5963
-5989
-5810
-5293
-4550
-3836
-3228
-2534
-1615
-564
423
1235
1941
2583
3122
3541
3846
4069
4169
4092
3875
3658
3573
3577
3543
3406
3278
3339
3591
3895
4141
4325
4463
4514
4448
4337
4233
4090
3812
3467
3254
3263
3459
3793
4187
4434
4368
4183
4265
4597
4617
3904
2808
1947
1388
618
-591
-1869
-2897
-3853
-4944
-5892
-6320
-6385
-6604
-7033
-7198
-6793
-6116
-5629
-5342
-5011
-4556
-4120
-3778
-3422
-3036
-2761
-2677
-2679
-2508
-2083
-1540
-1104
-870
-617
-90
713
1539
2187
2740
3265
3702
3987
4230
4534
4668
4352
3665
3062
2780
2530
1976
1172
461
-22
-375
-644
-835
-1043
-1427
-1927
-2269
-2350
-2431
-2832
-3488
-4092
-4474
-4743
-5052
-5372
-5601
-5738
-5800
-5703
-5307
-4666
-3981
-3369
-2720
-1830
-739
313
1156
1824
2470
3080
3556
3861
4032
4110
4019
3785
3549
3445
3438
3340
3128
2966
3036
3336
3680
3971
4188
4348
4427
4391
4329
4274
4141
3819
3408
3167
3193
3365
3581
3917
4397
4740
4747
4677
4903
5264
5124
4262
3199
2502
1985
1068
-280
-1576
-2550
-3486
-4575
-5491
-5913
-6041
-6301
-6652
-6664
-6185
-5558
-5122
-4799
-4370
-3858
-3414
-3112
-2802
-2448
-2203
-2154
-2191
-2054
-1657
-1195
-884
-713
-398
248
1087
1846
2443
3030
3607
4036
4289
4528
4798
4816
4382
3694
3164
2865
2472
1770
940
279
-176
-569
-927
-1129
-1229
-1458
-1869
-2222
-2329
-2371
-2695
-3358
-4040
-4479
-4753
-5120
-5601
-5996
-6187
-6256
-6250
-6000
-5442
-4759
-4176
-3604
-2783
-1699
-677
49
611
1225
1859
2278
2436
2503
2560
2480
2180
1840
1682
1677
1614
1439
1351
1521
1890
2258
2557
2856
3152
3315
3283
3173
3096
2999
2735
2359
2117
2166
2389
2646
3011
3570
4130
4390
4440
4633
5019
5091
4469
3452
2627
2031
1157
-196
-1624
-2720
-3646
-4719
-5783
-6417
-6627
-6807
-7112
-7216
-6851
-6249
-5780
-5455
-5022
-4453
-3998
-3777
-3618
-3338
-3033
-2887
-2918
-2901
-2660
-2233
-1796
-1433
-1047
-486
268
1073
1810
2484
3126
3639
3966
4201
4442
4549
4293
3725
3162
2794
2413
1807
1059
437
10
-359
-660
-806
-846
-1015
-1382
-1696
-1772
-1798
-2123
-2778
-3449
-3899
-4238
-4678
-5216
-5657
-5917
-6054
-6097
-5948
-5529
-4966
-4395
-3811
-3043
-2070
-1080
-253
448
1148
1813
2306
2600
2808
2985
3006
2800
2528
2390
2400
2362
2199
2058
2112
2371
2692
2988
3259
3516
3694
3743
3697
3616
3475
3219
2884
2635
2615
2760
2921
3110
3541
4238
4875
5110
5083
5217
5550
5605
5009
4044
3185
2463
1489
172
-1107
-2108
-3071
-4253
-5364
-5942
-6022
-6113
-6415
-6564
-6209
-5536
-4977
-4586
-4145
-3614
-3235
-3096
-2940
-2586
-2195
-2085
-2238
-2301
-2036
-1554
-1131
-853
-545
-32
671
1438
2193
2908
3506
3888
4088
4320
4650
4841
4597
3968
3367
3032
2769
2287
1610
1016
609
267
-19
-128
-88
-177
-523
-887
-994
-968
-1183
-1736
-2355
-2799
-3160
-3605
-4081
-4431
-4661
-4895
-5085
-5020
-4625
-4108
-3629
-3129
-2396
-1415
-401
476
1227
1969
2667
3199
3537
3787
3994
4050
3876
3589
3405
3361
3276
3052
2823
2788
2968
3208
3442
3719
4041
4299
4399
4399
4406
4389
4197
3812
3436
3285
3352
3451
3492
3684
4228
4953
5425
5498
5497
5740
6004
5773
4979
4070
3353
2585
1460
154
-947
-1872
-2968
-4213
-5131
-5469
-5564
-5825
-6125
-6056
-5597
-5090
-4713
-4308
-3761
-3292
-3078
-2948
-2632
-2192
-1951
-2034
-2185
-2106
-1787
-1442
-1208
-988
-611
-70
538
1139
1764
2397
2891
3171
3390
3726
4095
4181
3829
3288
2907
2668
2312
1717
1058
515
75
-312
-557
-598
-614
-826
-1198
-1433
-1398
-1323
-1555
-2124
-2757
-3221
-3550
-3932
-4420
-4937
-5379
-5716
-5905
-5856
-5577
-5222
-4888
-4498
-3849
-2922
-1954
-1153
-502
176
891
1501
1915
2195
2400
2426
2217
1908
1714
1638
1473
1167
905
888
1109
1395
1666
1951
2243
2466
2591
2655
2712
2689
2504
2209
1972
1932
2062
2205
2320
2567
3113
3877
4504
4775
4887
5128
5421
5380
4812
4011
3268
2483
1418
160
-979
-1961
-3059
-4326
-5366
-5868
-6041
-6294
-6646
-6744
-6435
-5958
-5554
-5156
-4666
-4201
-3935
-3791
-3524
-3122
-2856
-2916
-3142
-3216
-3012
-2681
-2416
-2248
-2040
-1681
-1150
-505
187
873
1437
1818
2120
2505
2961
3230
3078
2637
2236
2014
1805
1404
868
364
-34
-361
-553
-531
-388
-365
-563
-756
-694
-472
-452
-845
-1465
-1996
-2376
-2775
-3352
-4024
-4620
-5108
-5486
-5684
-5617
-5356
-5080
-4788
-4286
-3424
-2387
-1477
-751
-48
731
1486
2060
2463
2756
2882
2783
2548
2357
2257
2117
1815
1449
1249
1313
1541
1814
2080
2374
2698
3030
3345
3611
3750
3699
3502
3299
3224
3262
3330
3367
3441
3712
4292
5100
5788
6068
6054
6142
6467
6650
6276
5419
4492
3665
2730
1569
363
-742
-1915
-3252
-4420
-5022
-5169
-5365
-5775
-6022
-5791
-5249
-4746
-4344
-3917
-3500
-3246
-3105
-2841
-2445
-2209
-2342
-2674
-2844
-2718
-2456
-2261
-2180
-2061
-1766
-1256
-582
158
866
1440
1840
2162
2601
3144
3516
3470
3118
2811
2704
2622
2347
1906
1469
1114
827
663
680
766
709
468
234
200
285
215
-185
-841
-1523
-2068
-2514
-3047
-3769
-4562
-5229
-5662
-5884
-5937
-5821
-5601
-5329
-4926
-4229
-3241
-2233
-1451
-831
-149
641
1362
1840
2112
2239
2223
2078
1903
1775
1596
1272
877
628
627
783
985
1218
1523
1892
2285
2700
3119
3449
3585
3555
3500
3515
3585
3655
3715
3771
3865
4101
4604
5334
5940
6115
5991
6010
6336
6543
6116
5130
4079
3234
2391
1295
56
-1120
-2271
-3513
-4626
-5251
-5448
-5646
-6083
-6452
-6330
-5772
-5184
-4799
-4525
-4233
-3951
-3724
-3478
-3187
-3029
-3136
-3377
-3497
-3356
-3069
-2852
-2743
-2609
-2296
-1748
-1049
-332
342
960
1510
2033
2631
3305
3880
4109
3993
3829
3831
3893
3753
3347
2863
2466
2151
1886
1692
1544
1342
1022
679
460
339
152
-232
-803
-1439
-2020
-2529
-3050
-3682
-4420
-5105
-5581
-5846
-5986
-6057
-6025
-5840
-5464
-4877
-4107
-3251
-2439
-1714
-996
-250
465
1050
1434
1636
1687
1626
1521
1401
1223
935
590
334
269
369
538
766
1126
1647
2260
2870
3452
4000
4457
4725
4799
4796
4808
4808
4706
4537
4430
4450
4593
4878
5311
5718
5853
5732
5702
5940
6074
5621
4620
3600
2852
2092
993
-316
-1504
-2560
-3689
-4800
-5549
-5887
-6178
-6637
-7002
-6917
-6447
-5966
-5649
-5348
-4949
-4555
-4274
-4056
-3818
-3635
-3654
-3848
-4013
-4003
-3837
-3660
-3556
-3440
-3147
-2603
-1873
-1061
-243
555
1295
2001
2766
3609
4333
4703
4710
4620
4620
4577
4296
3757
3143
2552
1966
1418
1012
733
427
16
-367
-540
-564
-664
-944
-1311
-1672
-2064
-2519
-2996
-3466
-3997
-4636
-5257
-5651
-5814
-5898
-6004
-6008
-5735
-5202
-4518
-3791
-3019
-2211
-1429
-701
-9
644
1160
1439
1497
1446
1380
1299
1132
858
554
329
272
384
639
1015
1505
2107
2784
3537
4326
5060
5605
5877
5945
5922
5846
5648
5297
4883
4559
4373
4271
4274
4475
4891
5299
5468
5469
5617
5968
6146
5776
4968
4191
3580
2828
1702
407
-757
-1823
-2992
-4160
-4972
-5378
-5700
-6128
-6428
-6288
-5817
-5372
-5058
-4698
-4226
-3811
-3585
-3434
-3229
-3036
-3042
-3236
-3415
-3404
-3233
-3051
-2899
-2669
-2243
-1607
-841
0
918
1844
2672
3350
4015
4750
5395
5662
5507
5212
5011
4811
4384
3701
2953
2272
1645
1080
668
415
170
-146
-400
-434
-324
-303
-474
-738
-1002
-1299
-1691
-2174
-2698
-3279
-3944
-4621
-5156
-5512
-5751
-5958
-6070
-5962
-5581
-4990
-4315
-3597
-2838
-2023
-1204
-430
274
874
1310
1557
1665
1739
1822
1827
1683
1461
1328
1350
1484
1662
1923
2322
2808
3321
3859
4455
5059
5493
5647
5594
5466
5322
5098
4726
4265
3865
3619
3508
3501
3635
3985
4473
4871
5026
5090
5327
5643
5624
5033
4148
3375
2687
1744
435
-935
-2131
-3271
-4503
-5648
-6412
-6856
-7279
-7726
-7920
-7692
-7255
-6904
-6607
-6195
-5678
-5253
-4990
-4740
-4419
-4157
-4103
-4181
-4177
-3969
-3669
-3432
-3229
-2914
-2394
-1710
-976
-200
621
1419
2103
2696
3333
3987
4442
4507
4304
4095
3972
3741
3244
2578
1920
1345
808
346
40
-160
-397
-665
-795
-693
-538
-584
-852
-1147
-1371
-1661
-2145
-2774
-3405
-4026
-4716
-5432
-6020
-6411
-6687
-6917
-7009
-6819
-6348
-5724
-5044
-4270
-3354
-2359
-1404
-541
249
948
1494
1834
2026
2156
2237
2211
2050
1844
1728
1724
1777
1844
1978
2240
2607
3002
3423
3885
4338
4674
4834
4881
4861
4749
4484
4110
3741
3454
3237
3085
3010
3059
3323
3825
4432
4874
5045
5157
5429
5723
5638
5042
4222
3469
2686
1646
406
-772
-1838
-3005
-4259
-5253
-5771
-6031
-6347
-6651
-6651
-6271
-5747
-5264
-4776
-4232
-3744
-3423
-3164
-2833
-2487
-2341
-2483
-2720
-2803
-2675
-2478
-2344
-2261
-2083
-1670
-1027
-254
544
1321
2051
2724
3387
4104
4771
5162
5165
4950
4769
4644
4355
3783
3064
2392
1809
1285
859
560
337
62
-215
-301
-152
17
-44
-335
-639
-841
-1078
-1503
-2103
-2757
-3418
-4107
-4764
-5271
-5590
-5821
-6030
-6091
-5820
-5207
-4470
-3756
-3018
-2131
-1125
-158
673
1378
1970
2377
2574
2637
2683
2690
2531
2193
1825
1604
1540
1516
1481
1535
1751
2115
2548
3031
3571
4085
4469
4681
4792
4842
4757
4476
4072
3675
3357
3106
2908
2786
2768
2919
3308
3877
4379
4601
4658
4846
5176
5263
4818
4024
3255
2533
1616
436
-762
-1817
-2903
-4091
-5137
-5758
-6023
-6253
-6527
-6608
-6322
-5805
-5284
-4794
-4290
-3806
-3445
-3182
-2901
-2610
-2467
-2559
-2787
-2969
-2999
-2907
-2810
-2764
-2685
-2424
-1898
-1189
-417
364
1114
1806
2459
3149
3865
4396
4523
4296
4021
3845
3604
3093
2336
1554
859
244
-280
-664
-926
-1190
-1488
-1670
-1566
-1255
-1042
-1132
-1387
-1556
-1597
-1726
-2126
-2727
-3350
-3929
-4505
-5059
-5474
-5713
-5896
-6056
-6027
-5622
-4900
-4116
-3399
-2625
-1680
-647
264
1007
1647
2161
2436
2471
2422
2394
2300
2024
1615
1257
1072
1024
1021
1056
1178
1425
1792
2264
2825
3401
3884
4233
4487
4697
4827
4762
4476
4056
3664
3358
3119
2912
2765
2737
2845
3151
3715
4423
4953
5118
5144
5392
5788
5820
5202
4230
3367
2618
1651
399
-865
-1987
-3121
-4319
-5269
-5719
-5869
-6080
-6357
-6354
-5911
-5263
-4686
-4209
-3754
-3346
-3067
-2860
-2616
-2422
-2456
-2745
-3104
-3290
-3265
-3165
-3104
-3056
-2867
-2426
-1744
-920
-41
822
1607
2288
2957
3684
4370
4752
4685
4352
4042
3811
3437
2755
1897
1080
378
-218
-700
-1024
-1250
-1469
-1654
-1654
-1395
-1018
-797
-856
-1064
-1210
-1266
-1426
-1861
-2534
-3264
-3906
-4456
-4975
-5436
-5797
-6058
-6201
-6139
-5743
-5081
-4355
-3690
-2996
-2118
-1100
-171
527
1034
1429
1701
1816
1800
1716
1552
1244
865
587
512
568
628
681
820
1135
1612
2173
2744
3264
3703
4064
4372
4639
4811
4781
4516
4090
3668
3358
3121
2893
2675
2562
2620
2872
3345
4036
4738
5151
5263
5421
5864
6272
6090
5250
4271
3548
2859
1820
486
-777
-1872
-2979
-4090
-4885
-5212
-5367
-5637
-5881
-5751
-5211
-4585
-4122
-3762
-3379
-3024
-2779
-2605
-2453
-2383
-2506
-2799
-3072
-3173
-3091
-2963
-2885
-2786
-2500
-1908
-1106
-256
555
1351
2129
2847
3527
4193
4740
4953
4759
4366
4054
3821
3406
2695
1855
1125
562
104
-252
-485
-626
-740
-785
-656
-325
56
295
330
252
163
55
-152
-557
-1209
-1990
-2731
-3348
-3875
-4391
-4892
-5274
-5445
-5362
-5048
-4572
-4010
-3411
-2747
-1966
-1099
-276
381
859
1196
1400
1465
1423
1332
1165
896
602
411
375
428
507
634
854
1176
1553
1978
2458
2913
3275
3549
3793
4010
4100
4020
3796
3487
3124
2731
2376
2101
1927
1853
1901
2113
2535
3185
3965
4657
5059
5267
5556
5955
6111
5678
4796
3898
3134
2248
1056
-278
-1507
-2630
-3765
-4785
-5442
-5745
-5966
-6234
-6330
-6049
-5514
-5015
-4634
-4279
-3908
-3619
-3461
-3359
-3265
-3242
-3380
-3624
-3816
-3834
-3700
-3536
-3378
-3159
-2762
-2146
-1379
-548
287
1084
1795
2418
3025
3638
4093
4192
3950
3625
3379
3113
2661
2029
1374
804
332
-36
-244
-334
-411
-487
-464
-243
103
394
525
507
428
340
210
-66
-548
-1202
-1909
-2571
-3195
-3789
-4343
-4813
-5193
-5457
-5504
-5292
-4918
-4507
-4066
-3490
-2763
-2031
-1396
-834
-315
113
356
447
510
564
520
329
93
-31
0
96
184
291
504
835
1225
1618
1997
2349
2644
2866
3050
3229
3373
3383
3239
3025
2818
2632
2413
2169
1980
1902
1945
2109
2398
2804
3329
3947
4559
5024
5287
5469
5647
5677
5322
4569
3712
2916
2040
919
-344
-1495
-2478
-3446
-4415
-5171
-5595
-5811
-6010
-6134
-6017
-5669
-5270
-4927
-4582
-4219
-3923
-3761
-3681
-3583
-3485
-3491
-3627
-3804
-3856
-3707
-3442
-3160
-2875
-2483
-1895
-1140
-318
511
1303
2019
2629
3177
3732
4203
4412
4297
4009
3750
3512
3156
2629
2043
1522
1108
802
612
535
508
497
537
709
1023
1350
1566
1602
1537
1478
1432
1280
906
321
-336
-965
-1574
-2179
-2771
-3302
-3770
-4153
-4346
-4287
-4035
-3729
-3420
-3021
-2471
-1828
-1194
-637
-150
254
547
772
979
1132
1146
1000
813
720
727
768
793
852
1004
1250
1573
1951
2345
2705
2981
3179
3346
3505
3633
3655
3540
3346
3162
3051
2957
2796
2579
2406
2390
2545
2793
3093
3420
3795
4281
4898
5543
5972
6046
5920
5829
5742
5371
4553
3494
2463
1483
410
-760
-1846
-2780
-3691
-4583
-5242
-5518
-5556
-5610
-5697
-5617
-5282
-4829
-4410
-4063
-3765
-3562
-3470
-3402
-3281
-3171
-3211
-3405
-3611
-3658
-3500
-3246
-3002
-2779
-2482
-1982
-1288
-513
232
915
1549
2121
2644
3142
3588
3862
3843
3611
3360
3179
2974
2608
2115
1621
1231
956
797
746
728
678
638
711
937
1193
1320
1285
1152
1018
884
676
327
-191
-813
-1451
-2062
-2631
-3174
-3700
-4198
-4625
-4907
-4967
-4814
-4556
-4305
-4010
-3555
-2919
-2221
-1615
-1122
-683
-284
52
303
483
589
559
404
246
196
246
300
315
387
595
945
1357
1770
2177
2556
2877
3133
3352
3535
3610
3540
3353
3138
2932
2717
2452
2135
1812
1538
1357
1289
1331
1473
1684
1956
2313
2803
3425
4026
4376
4403
4305
4277
4221
3817
2959
1920
993
161
-778
-1849
-2852
-3666
-4384
-5061
-5537
-5674
-5596
-5540
-5530
-5357
-4924
-4401
-4017
-3802
-3641
-3497
-3432
-3474
-3568
-3681
-3847
-4086
-4321
-4415
-4302
-4050
-3766
-3467
-3058
-2442
-1638
-777
48
826
1548
2181
2701
3154
3543
3741
3620
3255
2876
2589
2300
1864
1315
832
515
328
235
245
342
450
529
653
887
1174
1339
1294
1108
899
707
429
-18
-615
-1279
-1938
-2563
-3145
-3659
-4088
-4440
-4699
-4814
-4722
-4446
-4090
-3713
-3292
-2770
-2177
-1595
-1085
-650
-261
49
253
378
464
506
475
391
324
319
378
482
632
832
1098
1418
1787
2180
2553
2868
3114
3300
3427
3494
3466
3340
3126
2850
2562
2305
2079
1858
1653
1492
1419
1445
1569
1775
2055
2394
2779
3211
3687
4194
4693
5107
5343
5350
5192
4987
4728
4254
3457
2472
1529
730
-55
-935
-1818
-2539
-3070
-3511
-3878
-4082
-4093
-4035
-4026
-4006
-3882
-3666
-3512
-3495
-3537
-3577
-3638
-3777
-3959
-4096
-4168
-4229
-4291
-4273
-4090
-3758
-3355
-2927
-2434
-1824
-1137
-449
189
784
1343
1812
2155
2404
2606
2734
2709
2515
2268
2086
1942
1742
1465
1204
1061
1014
1003
1004
1050
1124
1168
1176
1166
1163
1125
978
714
402
92
-217
-565
-964
-1395
-1826
-2238
-2605
-2900
-3137
-3352
-3554
-3694
-3693
-3543
-3354
-3211
-3067
-2842
-2539
-2224
-1963
-1726
-1483
-1260
-1087
-921
-709
-463
-263
-146
-44
131
385
649
853
1035
1246
1489
1738
1969
2185
2384
2526
2576
2575
2567
2557
2510
2376
2187
2015
1902
1838
1797
1775
1770
1790
1854
1965
2114
2271
2407
2562
2777
3060
3368
3639
3885
4154
4482
4795
4955
4911
4759
4626
4472
4149
3590
2915
2283
1691
1032
299
-390
-970
-1512
-2085
-2604
-2939
-3099
-3232
-3421
-3577
-3604
-3521
-3427
-3378
-3351
-3311
-3286
-3280
-3241
-3159
-3069
-3033
-3015
-2933
-2735
-2447
-2134
-1822
-1471
-1033
-501
89
697
1277
1800
2251
2663
3057
3418
3658
3719
3638
3508
3407
3294
3092
2792
2462
2158
1914
1711
1558
1432
1315
1183
1065
1009
1024
1045
973
791
564
359
160
-95
-441
-853
-1291
-1734
-2160
-2540
-2873
-3179
-3488
-3755
-3893
-3897
-3825
-3740
-3629
-3433
-3160
-2852
-2542
-2219
-1879
-1564
-1324
-1138
-939
-723
-572
-521
-534
-526
-461
-390
-338
-283
-181
-26
147
343
577
847
1105
1305
1457
1607
1744
1818
1791
1689
1576
1450
1302
1124
938
775
667
616
611
651
728
839
1016
1269
1576
1905
2242
2593
2942
3285
3621
3950
4211
4327
4250
4056
3833
3579
3186
2586
1864
1158
517
-121
-772
-1401
-1957
-2467
-2951
-3365
-3633
-3788
-3937
-4139
-4328
-4408
-4379
-4340
-4358
-4410
-4445
-4439
-4403
-4332
-4225
-4074
-3906
-3719
-3480
-3136
-2686
-2199
-1751
-1316
-839
-279
315
845
1292
1684
2049
2368
2623
2823
2942
2965
2890
2759
2634
2541
2420
2223
1985
1772
1625
1511
1394
1248
1092
931
755
576
407
238
25
-250
-548
-821
-1051
-1286
-1570
-1873
-2141
-2355
-2551
-2765
-2962
-3115
-3225
-3328
-3416
-3452
-3423
-3370
-3331
-3267
-3138
-2935
-2721
-2526
-2335
-2095
-1831
-1565
-1300
-1023
-749
-517
-329
-147
77
300
463
542
610
711
835
932
988
1038
1110
1185
1246
1299
1361
1431
1471
1463
1440
1434
1437
1411
1346
1268
1204
1167
1134
1099
1070
1065
1075
1118
1197
1322
1483
1674
1906
2202
2537
2886
3231
3583
3928
4208
4353
4363
4300
4184
3941
3482
2859
2195
1549
863
91
-703
-1403
-1993
-2527
-3024
-3387
-3557
-3622
-3660
-3673
-3580
-3355
-3088
-2874
-2716
-2549
-2359
-2199
-2102
-2032
-1947
-1854
-1794
-1754
-1670
-1485
-1215
-924
-651
-330
88
585
1080
1533
1961
2365
2697
2940
3131
3278
3320
3198
2970
2732
2518
2250
1888
1487
1144
883
658
452
303
226
182
135
119
179
274
308
220
62
-89
-199
-348
-607
-952
-1304
-1603
-1862
-2104
-2312
-2462
-2578
-2676
-2711
-2634
-2456
-2253
-2080
-1896
-1663
-1393
-1130
-891
-661
-475
-362
-309
-239
-130
-50
-63
-133
-154
-79
22
85
132
220
361
519
658
792
928
1053
1131
1162
1186
1228
1251
1189
1060
943
874
805
704
579
474
423
406
424
491
596
710
822
974
1192
1426
1599
1711
1839
2016
2201
2362
2510
2681
2880
3061
3249
3492
3784
4014
4077
4014
3971
3988
3920
3628
3116
2565
2084
1611
1046
403
-210
-769
-1321
-1832
-2217
-2428
-2568
-2757
-2964
-3051
-2948
-2763
-2623
-2566
-2522
-2467
-2404
-2338
-2266
-2204
-2232
-2340
-2438
-2423
-2299
-2157
-2072
-2002
-1849
-1572
-1219
-842
-465
-114
212
512
828
1167
1468
1635
1635
1572
1535
1526
1450
1243
958
696
497
354
236
131
55
-18
-76
-85
-15
83
128
77
-35
-148
-228
-316
-475
-728
-1044
-1354
-1616
-1808
-1978
-2176
-2394
-2561
-2619
-2557
-2443
-2338
-2252
-2130
-1925
-1672
-1427
-1222
-1065
-932
-823
-742
-678
-622
-618
-693
-807
-890
-909
-910
-939
-996
-1009
-955
-874
-765
-619
-461
-318
-198
-71
89
255
382
439
457
471
495
516
510
466
392
340
353
404
452
499
565
670
805
963
1156
1361
1531
1641
1733
1892
2099
2286
2421
2537
2702
2908
3139
3379
3636
3893
4090
4172
4160
4128
4094
3969
3631
3096
2498
1948
1398
769
67
-619
-1245
-1842
-2406
-2867
-3181
-3424
-3692
-3954
-4089
-4065
-3977
-3917
-3873
-3797
-3690
-3573
-3447
-3296
-3134
-2995
-2888
-2768
-2573
-2298
-1977
-1662
-1356
-1013
-604
-119
382
842
1260
1645
1990
2299
2570
2803
2945
2956
2870
2775
2713
2618
2445
2200
1973
1803
1663
1527
1397
1299
1220
1134
1042
988
952
893
771
596
422
282
125
-102
-387
-667
-898
-1115
-1345
-1564
-1742
-1886
-2011
-2098
-2108
-2053
-1991
-1965
-1918
-1792
-1617
-1472
-1373
-1294
-1194
-1091
-1011
-938
-860
-789
-755
-728
-666
-547
-411
-311
-230
-115
41
210
364
509
657
777
854
908
976
1062
1107
1076
1017
977
976
961
922
888
869
855
847
862
917
1002
1071
1129
1196
1294
1387
1476
1548
1595
1631
1640
1669
1724
1782
1832
1896
2003
2165
2347
2521
2710
2910
3084
3169
3150
3087
3006
2826
2466
1955
1410
890
341
-307
-1004
-1632
-2157
-2647
-3115
-3480
-3679
-3773
-3852
-3916
-3871
-3690
-3457
-3276
-3125
-2955
-2756
-2582
-2463
-2358
-2239
-2123
-2041
-1974
-1859
-1662
-1422
-1177
-921
-612
-232
188
605
1008
1397
1753
2050
2291
2496
2656
2709
2634
2480
2314
2149
1938
1656
1337
1049
815
606
406
244
132
40
-42
-130
-187
-204
-239
-344
-504
-669
-802
-956
-1164
-1399
-1624
-1804
-1976
-2136
-2256
-2306
-2317
-2324
-2313
-2241
-2091
-1916
-1765
-1638
-1500
-1333
-1166
-1024
-919
-839
-775
-734
-701
-665
-608
-557
-530
-515
-473
-360
-229
-133
-66
19
150
266
325
353
392
431
420
354
292
269
242
164
66
13
16
25
15
7
45
116
190
252
324
423
522
596
645
713
800
862
886
903
946
1016
1076
1125
1203
1335
1489
1647
1835
2072
2331
2529
2690
2863
3055
3174
3129
2976
2803
2614
2323
1883
1380
903
427
-101
-642
-1105
-1455
-1763
-2064
-2298
-2393
-2357
-2297
-2254
-2184
-2043
-1855
-1708
-1626
-1561
-1490
-1446
-1468
-1517
-1545
-1539
-1549
-1581
-1582
-1506
-1347
-1170
-976
-758
-477
-165
144
456
754
1030
1258
1411
1525
1616
1664
1634
1524
1388
1241
1115
973
807
653
523
436
367
315
296
291
278
252
223
217
194
133
2
-157
-302
-454
-621
-824
-1019
-1184
-1315
-1419
-1487
-1489
-1431
-1346
-1246
-1109
-923
-714
-510
-358
-234
-116
-26
13
-13
-75
-152
-267
-435
-613
-768
-892
-1022
-1161
-1274
-1324
-1323
-1304
-1258
-1189
-1088
-982
-867
-736
-604
-483
-391
-318
-237
-171
-128
-87
-40
8
50
87
144
240
353
454
552
662
781
899
991
1058
1119
1172
1202
1192
1171
1166
1172
1165
1138
1119
1136
1191
1257
1318
1397
1518
1675
1853
2049
2260
2505
2755
3012
3260
3487
3691
3844
3924
3924
3830
3655
3408
3083
2677
2189
1660
1116
587
68
-429
-876
-1253
-1569
-1827
-2018
-2122
-2151
-2150
-2140
-2119
-2059
-1973
-1895
-1873
-1869
-1864
-1860
-1872
-1901
-1918
-1909
-1874
-1833
-1767
-1643
-1443
-1214
-980
-725
-415
-72
266
571
846
1109
1328
1482
1566
1600
1609
1557
1436
1267
1098
952
800
647
500
402
348
319
307
317
354
391
408
406
400
380
326
214
79
-72
-224
-404
-588
-764
-928
-1064
-1187
-1277
-1330
-1346
-1340
-1320
-1277
-1210
-1133
-1056
-1007
-957
-921
-900
-906
-951
-996
-1053
-1121
-1204
-1288
-1346
-1370
-1383
-1382
-1352
-1278
-1169
-1042
-912
-764
-593
-419
-258
-119
9
124
224
292
323
347
364
371
362
346
350
368
409
448
497
570
664
766
867
963
1055
1142
1208
1272
1314
1339
1349
1354
1348
1337
1315
1293
1281
1277
1271
1276
1314
1390
1491
1607
1739
1909
2119
2333
2526
2684
2827
2923
2946
2877
2729
2514
2233
1872
1432
948
475
15
-452
-905
-1322
-1652
-1926
-2149
-2327
-2440
-2489
-2510
-2518
-2515
-2480
-2444
-2431
-2446
-2472
-2504
-2535
-2570
-2602
-2614
-2589
-2527
-2425
-2268
-2060
-1787
-1475
-1142
-791
-421
-33
336
662
933
1161
1342
1456
1520
1523
1488
1411
1285
1156
1028
927
830
746
677
636
631
665
714
760
797
822
839
833
801
727
620
463
259
39
-190
-409
-626
-848
-1062
-1246
-1370
-1441
-1476
-1496
-1503
-1492
-1453
-1394
-1349
-1324
-1310
-1313
-1350
-1405
-1460
-1501
-1541
-1600
-1670
-1711
-1693
-1632
-1551
-1457
-1325
-1150
-943
-714
-477
-228
-2
200
366
499
620
708
748
729
692
654
631
616
600
600
613
657
730
830
952
1079
1193
1292
1382
1466
1539
1572
1573
1529
1443
1326
1188
1046
879
697
500
318
180
80
16
-29
-27
11
90
193
314
455
600
736
848
952
1057
1164
1258
1320
1371
1431
1492
1547
1574
1581
1575
1540
1468
1353
1221
1064
872
635
376
117
-134
-380
-636
-888
-1113
-1311
-1481
-1630
-1752
-1836
-1899
-1942
-1957
-1935
-1881
-1799
-1718
-1618
-1504
-1380
-1247
-1126
-996
-875
-755
-654
-551
-436
-317
-206
-109
-3
102
226
337
435
524
597
665
714
757
779
778
754
712
650
577
497
402
291
163
36
-85
-196
-307
-421
-527
-627
-709
-789
-864
-939
-1014
-1094
-1175
-1264
-1357
-1448
-1553
-1663
-1790
-1903
-2000
-2076
-2147
-2211
-2238
-2225
-2167
-2079
-1960
-1815
-1631
-1423
-1202
-971
-740
-525
-333
-165
-17
108
203
277
320
349
381
416
456
493
538
585
650
726
799
872
932
972
994
1007
995
954
882
780
654
508
360
207
56
-96
-245
-361
-446
-493
-513
-512
-483
-417
-319
-202
-70
75
218
350
487
624
763
890
1002
1109
1219
1347
1481
1628
1773
1921
2072
2223
2371
2500
2611
2669
2677
2620
2519
2385
2185
1928
1609
1266
915
559
209
-136
-443
-718
-954
-1141
-1274
-1352
-1401
-1423
-1435
-1412
-1370
-1325
-1287
-1269
-1258
-1257
-1261
-1272
-1286
-1300
-1301
-1295
-1267
-1213
-1114
-980
-830
-659
-465
-233
8
253
482
687
869
1015
1130
1204
1244
1231
1172
1091
995
891
776
660
540
439
358
300
262
239
221
209
201
191
185
161
120
53
-48
-159
-282
-428
-590
-768
-947
-1122
-1276
-1415
-1521
-1605
-1666
-1691
-1682
-1632
-1555
-1459
-1359
-1251
-1136
-1024
-910
-805
-718
-651
-600
-547
-496
-443
-399
-350
-289
-216
-120
0
143
286
442
603
771
941
1098
1242
1351
1427
1473
1499
1499
1463
1398
1299
1195
1083
969
860
755
663
582
522
492
484
501
526
560
609
660
717
775
823
852
866
866
863
858
847
843
839
852
880
941
1031
1140
1259
1385
1524
1658
1782
1880
1940
1944
1895
1794
1651
1456
1217
932
614
292
-25
-317
-591
-829
-1030
-1191
-1305
-1367
-1379
-1357
-1324
-1278
-1220
-1171
-1125
-1092
-1076
-1089
-1129
-1175
-1224
-1273
-1305
-1322
-1323
-1293
-1226
-1115
-955
-771
-566
-353
-128
99
317
509
659
769
829
838
807
743
638
498
340
176
14
-128
-249
-347
-420
-465
-474
-456
-416
-364
-315
-272
-240
-236
-252
-297
-369
-471
-599
-742
-891
-1041
-1186
-1311
-1417
-1496
-1542
-1550
-1525
-1464
-1375
-1265
-1127
-988
-841
-697
-564
-440
-342
-259
-200
-165
-151
-145
-143
-139
-137
-121
-96
-50
15
97
197
296
406
511
614
703
774
820
843
834
801
755
688
616
525
424
325
235
159
96
39
-3
-31
-43
-35
-20
12
43
76
107
141
169
192
208
211
205
191
188
180
180
178
186
208
254
324
404
504
616
751
896
1053
1213
1370
1517
1640
1744
1822
1872
1888
1868
1792
1681
1541
1379
1195
988
761
538
329
126
-59
-225
-368
-492
-596
-680
-749
-805
-847
-890
-935
-988
-1039
-1090
-1152
-1220
-1286
-1349
-1394
-1422
-1434
-1420
-1378
-1304
-1208
-1080
-921
-745
-558
-370
-184
-14
147
289
397
481
533
560
565
553
527
491
445
403
372
346
334
333
337
353
380
409
439
466
480
486
473
445
394
327
246
146
29
-90
-202
-311
-414
-502
-566
-611
-630
-622
-600
-566
-509
-451
-387
-319
-266
-217
-190
-173
-172
-186
-212
-253
-303
-358
-408
-447
-475
-492
-495
-477
-438
-387
-314
-232
-155
-77
-4
65
122
166
185
193
191
179
163
145
132
120
123
135
167
215
279
354
438
528
621
722
812
891
948
997
1029
1049
1052
1041
1022
996
970
951
950
951
966
985
1002
1032
1048
1059
1054
1015
944
851
727
580
399
195
-24
-255
-480
-700
-901
-1086
-1241
-1366
-1458
-1504
-1512
-1486
-1436
-1364
-1271
-1159
-1046
-928
-818
-729
-644
-568
-506
-454
-407
-371
-334
-294
-239
-173
-95
-12
70
160
258
354
446
533
597
647
673
683
675
648
594
524
435
345
251
158
66
-21
-97
-163
-204
-230
-242
-248
-249
-244
-239
-229
-224
-225
-242
-268
-297
-326
-356
-388
-422
-453
-479
-495
-502
-496
-480
-462
-432
-397
-362
-322
-284
-256
-233
-226
-232
-238
-264
-306
-350
-399
-459
-514
-556
-592
-612
-624
-621
-598
-562
-511
-453
-392
-322
-253
-185
-114
-51
2
47
89
124
159
193
217
243
264
289
328
364
403
445
494
542
594
642
678
719
739
744
750
738
721
698
656
610
572
530
494
463
429
412
398
387
398
406
419
435
451
471
498
521
548
567
576
582
587
591
588
580
566
552
536
525
514
500
479
457
433
412
383
346
304
252
199
144
87
29
-31
-99
-164
-228
-287
-341
-398
-454
-502
-548
-591
-617
-642
-662
-677
-677
-676
-668
-654
-639
-624
-607
-590
-572
-543
-528
-513
-494
-481
-466
-447
-435
-430
-427
-428
-429
-426
-425
-432
-436
-435
-435
-423
-411
-401
-381
-359
-337
-304
-274
-241
-209
-180
-148
-112
-80
-46
-12
6
33
53
75
95
101
105
108
114
117
122
130
127
121
122
128
132
136
138
133
134
146
153
168
180
189
207
231
260
288
324
355
380
422
465
506
549
592
624
662
708
745
788
828
853
874
891
905
912
911
889
847
804
741
667
581
478
345
206
67
-86
-230
-379
-540
-685
-806
-919
-1002
-1068
-1129
-1166
-1181
-1182
-1163
-1121
-1082
-1035
-979
-920
-862
-788
-716
-662
-597
-529
-464
-386
-306
-238
-162
-84
-13
73
161
232
295
353
392
420
452
452
431
403
351
294
243
182
111
44
-21
-81
-120
-151
-176
-195
-210
-218
-217
-207
-199
-196
-193
-200
-207
-209
-218
-227
-241
-253
-268
-272
-265
-257
-244
-223
-197
-166
-123
-80
-37
1
35
63
84
105
116
125
119
104
93
78
62
45
28
4
-12
-22
-31
-35
-39
-45
-52
-54
-63
-68
-71
-85
-102
-112
-132
-160
-176
-200
-228
-249
-265
-287
-304
-312
-313
-317
-309
-301
-291
-264
-243
-218
-182
-151
-117
-77
-39
0
38
75
107
139
172
204
232
261
288
318
352
383
415
452
491
519
548
583
612
635
650
667
676
683
681
673
666
655
634
615
598
575
553
529
508
480
449
422
388
354
316
273
228
172
111
54
-11
-85
-155
-229
-301
-368
-434
-499
-555
-606
-654
-697
-729
-759
-782
-799
-822
-836
-839
-846
-856
-856
-853
-851
-843
-833
-819
-800
-776
-751
-718
-680
-643
-596
-555
-505
-452
-402
-351
-303
-252
-210
-167
-127
-93
-61
-29
-1
20
43
70
96
116
147
178
211
252
293
336
385
431
480
529
577
622
662
692
714
737
756
763
762
760
749
738
725
709
699
686
671
661
658
654
651
647
641
630
618
607
585
561
540
509
475
443
408
381
349
321
299
285
274
268
263
256
254
247
236
217
188
153
107
42
-28
-101
-185
-273
-366
-453
-536
-605
-670
-726
-765
-792
-804
-809
-797
-777
-750
-719
-687
-650
-611
-579
-548
-518
-493
-458
-426
-396
-365
-325
-287
-247
-198
-152
-104
-55
-11
25
54
79
87
84
71
50
12
-29
-81
-134
-187
-243
-292
-335
-366
-390
-402
-405
-397
-373
-347
-313
-274
-237
-192
-146
-110
-73
-42
-17
7
28
49
70
91
111
133
160
199
234
271
314
358
402
447
490
525
562
587
599
608
609
603
588
561
535
505
476
443
409
381
349
321
299
281
263
248
228
202
177
153
127
96
58
10
-33
-80
-129
-169
-206
-242
-283
-311
-325
-331
-331
-329
-317
-300
-278
-252
-226
-199
-178
-158
-139
-127
-114
-101
-100
-103
-103
-103
-99
-99
-102
-102
-95
-90
-85
-75
-66
-61
-59
-54
-54
-49
-48
-54
-59
-65
-67
-66
-68
-68
-64
-59
-49
-39
-22
3
17
31
52
70
89
103
109
117
120
120
118
117
113
104
94
77
67
59
47
29
15
4
-4
-9
-24
-38
-49
-61
-71
-79
-85
-98
-105
-117
-132
-137
-140
-144
-149
-158
-160
-157
-155
-147
-144
-137
-134
-129
-113
-98
-81
-67
-57
-46
-31
-12
11
26
41
62
84
113
143
175
204
229
256
291
327
363
393
411
434
455
474
487
491
492
480
470
458
443
427
404
372
344
315
295
280
257
236
215
199
188
180
174
169
159
150
140
138
142
137
131
121
119
118
123
126
124
121
115
114
115
120
118
112
99
84
80
68
49
28
-1
-25
-50
-74
-97
-121
-149
-182
-210
-234
-246
-256
-275
-293
-307
-317
-320
-328
-337
-351
-366
-374
-383
-389
-393
-401
-416
-425
-434
-429
-422
-419
-413
-410
-400
-389
-374
-351
-332
-320
-302
-284
-261
-242
-224
-210
-196
-184
-169
-155
-145
-136
-123
-114
-105
-93
-78
-71
-71
-69
-59
-52
-47
-44
-49
-53
-57
-58
-60
-58
-60
-65
-70
-69
-55
-43
-33
-20
-8
8
24
44
67
81
102
119
127
144
169
181
194
201
211
227
238
256
271
286
307
322
339
359
379
396
413
429
444
460
471
471
470
465
467
464
455
449
433
415
393
377
361
340
317
293
262
230
208
176
142
103
67
28
-12
-49
-81
-118
-161
-196
-230
-258
-283
-307
-329
-349
-363
-380
-392
-413
-420
-423
-442
-455
-468
-472
-487
-508
-525
-538
-549
-565
-577
-587
-601
-609
-615
-624
-626
-624
-622
-621
-621
-607
-594
-587
-575
-559
-544
-527
-510
-487
-460
-434
-406
-378
-347
-313
-278
-243
-210
-175
-136
-98
-68
-30
7
38
70
94
124
153
178
202
224
248
273
297
319
338
360
380
396
413
429
447
460
469
478
487
490
496
495
487
485
480
474
464
456
440
427
410
392
380
364
347
330
316
298
278
260
248
236
223
215
207
199
194
195
191
187
186
191
193
190
190
190
193
193
188
186
177
171
158
142
132
116
104
89
68
52
36
17
-4
-24
-46
-69
-91
-110
-134
-157
-181
-201
-220
-242
-261
-278
-291
-308
-319
-329
-347
-353
-363
-368
-373
-375
-379
-380
-377
-385
-386
-384
-384
-384
-380
-380
-375
-364
-354
-346
-331
-310
-293
-268
-243
-216
-193
-164
-136
-107
-79
-48
-18
5
29
51
74
90
100
118
135
151
164
183
197
209
227
242
256
271
284
294
304
318
327
331
334
338
342
331
330
326
318
311
297
289
280
269
259
247
232
220
207
194
181
160
149
134
109
90
70
52
28
9
-11
-25
-43
-61
-70
-88
-98
-105
-106
-112
-109
-104
-102
-103
-100
-92
-98
-95
-95
-92
-93
-95
-93
-91
-93
-94
-89
-94
-85
-80
-77
-68
-66
-52
-42
-33
-21
-16
-5
3
6
8
11
11
9
7
5
-2
-4
-7
-16
-18
-19
-17
-20
-20
-19
-26
-26
-27
-26
-24
-24
-26
-24
-26
-30
-30
-32
-34
-36
-33
-31
-27
-19
-10
-4
6
19
30
42
50
57
61
68
77
78
82
81
79
84
86
89
94
100
109
112
121
131
148
159
170
181
191
206
209
211
212
205
199
191
187
181
168
165
156
148
142
138
132
121
115
105
95
84
64
46
21
-6
-34
-57
-85
-116
-144
-173
-194
-214
-233
-243
-251
-257
-255
-257
-252
-245
-243
-243
-239
-238
-243
-239
-243
-245
-245
-250
-246
-245
-243
-234
-223
-215
-200
-180
-165
-142
-125
-109
-89
-78
-69
-64
-60
-60
-65
-71
-75
-80
-85
-88
-96
-97
-95
-92
-88
-79
-70
-59
-50
-38
-23
-15
-5
3
8
13
11
11
11
12
11
12
15
17
26
35
44
60
77
94
110
123
140
156
173
184
191
198
203
206
202
201
196
194
192
185
185
186
189
191
192
195
198
202
205
206
199
200
196
189
180
165
150
138
125
105
89
72
53
39
25
12
3
-5
-13
-17
-24
-30
-34
-34
-42
-51
-55
-62
-71
-78
-86
-95
-98
-98
-99
-99
-96
-90
-85
-80
-72
-63
-53
-48
-41
-31
-29
-29
-26
-27
-31
-38
-44
-49
-56
-64
-67
-67
-69
-64
-65
-63
-58
-57
-50
-48
-46
-42
-45
-43
-42
-46
-47
-49
-55
-55
-62
-68
-66
-64
-59
-58
-58
-53
-52
-42
-37
-31
-25
-20
-18
-16
-17
-21
-18
-20
-22
-26
-21
-25
-23
-18
-19
-16
-10
-2
0
10
15
23
33
41
44
48
52
51
56
55
55
56
51
50
48
47
51
54
53
58
58
58
62
64
67
69
73
72
75
76
69
64
61
54
44
37
32
25
17
13
8
3
4
-1
-1
-1
-5
-6
-9
-10
-12
-14
-16
-23
-26
-25
-32
-33
-37
-45
-41
-46
-46
-45
-43
-41
-39
-32
-31
-28
-22
-20
-17
-17
-21
-16
-18
-16
-12
-9
-6
-4
-3
3
4
6
11
14
18
23
26
29
30
35
34
35
38
36
35
32
32
25
21
18
17
15
10
10
3
-2
-7
-15
-22
-30
-35
-42
-47
-54
-61
-65
-70
-76
-77
-79
-82
-85
-86
-88
-91
-88
-89
-87
-89
-93
-90
-91
-91
-91
-87
-83
-78
-72
-62
-54
-47
-41
-30
-22
-16
-7
0
6
13
16
19
24
28
32
36
44
48
54
66
69
76
83
90
98
105
110
113
119
119
115
114
109
106
102
97
90
88
87
81
76
75
68
68
67
64
62
61
52
48
43
32
23
11
3
-11
-22
-30
-34
-41
-47
-53
-53
-52
-53
-48
-50
-49
-46
-42
-39
-38
-35
-38
-40
-41
-43
-42
-47
-48
-46
-43
-40
-29
-21
-13
-5
7
18
23
35
39
42
46
50
51
52
57
58
58
53
50
46
48
47
48
53
54
57
60
64
67
63
64
61
54
52
46
34
28
19
13
4
0
-4
-15
-16
-23
-20
-17
-20
-20
-17
-20
-20
-16
-23
-27
-31
-38
-45
-52
-57
-61
-71
-76
-79
-77
-74
-77
-75
-73
-71
-67
-61
-59
-59
-52
-50
-50
-43
-42
-40
-39
-41
-41
-41
-44
-38
-31
-25
-18
-9
-1
5
15
22
26
31
37
38
42
47
53
50
55
54
52
50
47
43
43
40
39
38
36
39
44
40
39
40
36
31
27
24
13
9
5
-2
-6
-9
-13
-18
-20
-24
-23
-25
-32
-30
-27
-26
-18
-14
-13
-8
-3
-3
-4
-2
2
0
0
3
5
6
10
14
22
21
26
32
33
36
40
43
45
49
48
53
55
47
45
44
37
31
27
23
22
16
19
17
13
10
6
2
-5
-8
-13
-22
-25
-26
-30
-35
-42
-48
-54
-56
-65
-70
-72
-73
-77
-76
-75
-75
-71
-75
-78
-75
-74
-78
-83
-85
-82
-85
-83
-82
-82
-82
-76
-75
-73
-72
-73
-70
-73
-69
-65
-59
-53
-51
-46
-41
-42
-40
-39
-36
-39
-36
-29
-24
-19
-13
-8
-3
-2
-7
1
1
1
2
6
4
5
13
17
19
17
17
15
15
12
11
8
5
4
3
-2
0
0
-2
-3
-5
-10
-15
-15
-16
-15
-14
-12
-13
-12
-14
-9
-4
-11
-11
-9
-12
-8
-9
-4
2
5
9
9
17
26
27
38
42
48
52
55
63
66
77
79
83
88
93
93
100
101
103
111
111
115
115
118
121
117
117
115
116
111
105
106
100
97
94
94
87
82
75
69
64
59
52
42
36
32
27
21
12
8
3
-11
-19
-23
-26
-33
-35
-38
-46
-48
-55
-60
-64
-71
-78
-80
-86
-91
-90
-92
-96
-94
-92
-90
-94
-93
-93
-93
-94
-91
-87
-85
-80
-76
-74
-71
-63
-69
-68
-62
-57
-54
-51
-41
-32
-27
-22
-19
-11
2
6
7
12
15
19
20
23
32
33
40
44
44
59
59
65
68
71
74
73
76
81
80
80
78
80
78
71
69
66
65
59
55
52
53
51
49
44
39
43
38
33
31
23
24
19
17
17
10
8
9
3
5
5
4
7
9
11
9
12
12
13
15
17
19
15
22
23
20
26
24
22
23
26
26
26
31
32
31
31
34
36
33
34
35
35
31
28
29
24
22
17
9
4
-1
0
-5
-12
-11
-16
-21
-25
-30
-27
-33
-39
-47
-48
-54
-59
-62
-70
-75
-82
-85
-93
-97
-101
-102
-105
-106
-110
-110
-117
-116
-114
-118
-116
-118
-117
-120
-122
-122
-122
-124
-125
-125
-123
-125
-117
-118
-112
-106
-106
-94
-90
-83
-76
-72
-60
-60
-54
-43
-42
-34
-28
-21
-13
-3
7
10
20
31
35
43
52
59
67
76
81
89
94
93
97
103
102
100
103
101
94
101
101
101
100
96
96
89
90
85
79
77
68
64
60
51
47
44
39
31
24
16
10
8
5
4
2
-2
-4
-5
-6
-3
-4
-6
-7
-6
-4
-2
-3
-2
3
5
5
12
22
22
25
28
32
37
43
46
50
54
56
61
61
64
67
66
67
67
70
70
67
69
73
66
68
65
60
59
56
54
46
43
41
40
30
25
20
16
11
0
-3
-8
-19
-22
-26
-32
-35
-42
-46
-51
-54
-59
-67
-67
-73
-77
-80
-82
-83
-86
-84
-92
-91
-92
-98
-96
-97
-95
-93
-95
-89
-89
-85
-83
-83
-75
-72
-67
-67
-58
-56
-50
-46
-38
-27
-26
-19
-14
-8
-6
4
9
13
20
28
34
38
48
53
58
58
65
67
65
68
68
71
69
72
72
67
66
61
58
57
58
53
50
47
38
40
34
26
25
17
13
10
5
-4
-10
-12
-13
-17
-22
-21
-25
-30
-29
-33
-32
-34
-37
-31
-34
-31
-28
-30
-28
-29
-25
-22
-19
-17
-11
-10
-8
-6
0
4
5
11
12
13
18
26
26
25
27
27
28
26
30
27
29
28
25
26
28
27
25
25
19
17
19
18
14
13
11
7
5
0
-4
-7
-9
-9
-10
-19
-19
-18
-23
-21
-27
-27
-25
-29
-31
-31
-34
-32
-33
-33
-35
-31
-33
-36
-37
-40
-36
-39
-32
-30
-31
-30
-35
-29
-32
-28
-26
-28
-21
-22
-18
-15
-18
-15
-14
-12
-10
-5
-1
-4
4
5
6
4
10
14
12
20
20
21
18
17
21
21
22
22
21
21
21
25
22
20
21
15
16
17
15
13
8
11
7
7
8
0
-2
0
0
-6
-9
-9
-11
-10
-13
-13
-16
-14
-17
-20
-14
-16
-16
-14
-13
-13
-14
-13
-12
-9
-4
-4
-5
1
0
3
3
5
11
13
19
20
25
20
24
31
30
33
34
39
37
36
40
39
35
39
38
35
35
35
37
36
32
30
28
25
24
18
17
18
14
12
6
2
2
1
-2
-5
-8
-11
-16
-15
-21
-19
-21
-25
-26
-31
-33
-37
-36
-34
-35
-40
-41
-41
-41
-43
-43
-43
-42
-42
-44
-43
-44
-42
-42
-36
-37
-36
-34
-31
-29
-29
-25
-21
-22
-15
-12
-12
-8
-8
-3
1
5
9
10
12
16
18
20
26
30
31
33
35
33
34
34
37
36
37
38
35
37
34
35
32
27
26
24
19
17
16
11
8
2
-3
-5
-10
-17
-19
-25
-31
-35
-37
-40
-44
-45
-49
-49
-50
-55
-56
-52
-47
-51
-48
-44
-42
-40
-40
-35
-34
-24
-23
-18
-11
-4
5
8
16
22
29
37
39
46
49
55
62
65
68
71
78
80
83
87
89
89
91
93
91
93
92
93
90
89
87
84
79
75
74
70
64
54
54
47
44
40
31
27
21
17
11
6
-6
-8
-12
-21
-23
-30
-36
-44
-48
-55
-63
-67
-68
-73
-79
-80
-84
-87
-88
-91
-95
-97
-97
-94
-99
-98
-94
-94
-93
-93
-92
-88
-84
-86
-83
-76
-72
-67
-63
-56
-53
-49
-44
-40
-30
-26
-21
-16
-12
-2
-1
3
7
9
10
15
19
21
24
25
25
25
25
27
29
27
27
24
20
18
18
16
12
9
5
2
-2
-6
-10
-14
-19
-21
-25
-31
-31
-31
-32
-36
-38
-40
-43
-41
-40
-38
-40
-38
-36
-38
-36
-32
-28
-25
-21
-17
-10
-5
-1
2
8
18
22
27
34
44
49
53
60
62
68
73
76
84
89
89
97
99
103
107
106
107
110
110
114
114
111
109
107
105
102
100
101
95
89
83
78
75
75
63
55
49
41
37
33
29
20
9
0
-3
-8
-18
-23
-33
-38
-44
-51
-54
-62
-67
-71
-77
-78
-81
-85
-85
-89
-92
-92
-94
-91
-89
-85
-80
-79
-78
-76
-77
-70
-61
-63
-54
-50
-46
-36
-35
-27
-22
-23
-16
-7
0
5
9
13
14
19
23
28
27
29
34
31
38
39
33
32
28
31
29
28
27
25
22
15
16
14
10
9
6
7
1
-3
-6
-11
-12
-15
-16
-21
-20
-20
-25
-25
-29
-28
-27
-29
-27
-23
-24
-24
-22
-25
-25
-22
-18
-14
-11
-10
-8
-9
-6
-2
1
10
8
10
13
17
25
27
29
30
36
40
45
50
52
55
55
55
57
63
68
70
70
74
72
71
77
74
74
73
76
73
73
73
72
72
62
57
52
47
43
41
34
28
21
14
8
2
-4
-12
-17
-30
-33
-45
-49
-54
-62
-65
-73
-79
-84
-88
-93
-98
-102
-103
-104
-104
-107
-107
-109
-108
-106
-105
-100
-99
-94
-87
-86
-80
-76
-72
-67
-63
-55
-50
-43
-36
-30
-22
-18
-16
-7
-3
3
8
12
16
20
24
25
28
26
30
34
32
36
36
35
33
31
28
26
28
26
27
23
19
17
13
11
11
8
9
8
5
2
2
-6
-9
-7
-7
-9
-10
-13
-14
-17
-16
-13
-18
-12
-17
-18
-16
-19
-17
-15
-18
-13
-12
-14
-11
-13
-8
-7
-5
-3
-1
2
4
8
8
9
13
17
18
24
27
28
32
36
39
39
44
47
50
53
56
59
64
60
61
64
63
67
72
71
71
74
72
74
70
66
69
67
69
69
60
58
58
56
51
45
41
37
35
33
25
21
18
12
9
5
1
-2
0
-6
-11
-13
-17
-19
-23
-22
-24
-22
-22
-22
-22
-27
-25
-22
-24
-21
-20
-21
-21
-18
-17
-16
-16
-15
-11
-11
-10
-8
-12
-9
-8
-8
-6
-3
-5
-6
-7
-7
-4
-7
-4
-7
-9
-9
-9
-8
-8
-9
-8
-13
-13
-13
-18
-17
-20
-17
-24
-23
-22
-24
-24
-30
-32
-35
-38
-32
-36
-39
-38
-44
-43
-48
-47
-40
-45
-44
-43
-46
-48
-48
-45
-46
-45
-45
-43
-41
-40
-40
-40
-37
-36
-33
-38
-33
-28
-29
-25
-19
-18
-16
-14
-9
-8
-6
-3
-4
5
8
13
15
13
20
15
19
24
20
23
20
27
29
26
31
30
29
27
32
31
29
30
29
28
30
29
26
28
28
30
27
27
26
22
22
21
21
24
23
22
21
22
22
23
21
18
16
17
17
16
14
17
16
16
16
13
14
14
16
12
15
12
8
11
8
6
6
5
6
1
2
3
0
0
-5
-5
-4
-2
-4
-3
-4
-6
-7
-4
-5
-5
-6
-4
-7
-6
-3
-4
-3
-7
-8
-8
-9
-7
-6
-10
-12
-12
-16
-16
-20
-21
-21
-23
-21
-28
-32
-29
-37
-40
-43
-44
-44
-44
-46
-49
-52
-55
-54
-54
-55
-55
-57
-56
-50
-51
-55
-51
-48
-44
-42
-41
-36
-33
-29
-23
-18
-13
-10
-6
-1
7
8
14
21
24
31
34
36
42
44
48
50
51
55
56
56
58
61
59
61
62
60
56
53
54
50
49
49
46
44
42
42
40
33
34
32
30
26
23
23
20
21
21
21
19
16
12
15
19
16
15
12
13
14
11
10
11
12
12
12
13
12
10
9
6
7
8
5
4
3
2
5
0
1
2
-2
-3
-4
-7
-7
-10
-11
-10
-10
-7
-10
-11
-16
-16
-11
-14
-16
-16
-13
-11
-9
-9
-14
-12
-9
-11
-11
-15
-12
-10
-13
-13
-15
-14
-18
-21
-22
-20
-23
-27
-28
-34
-35
-35
-39
-40
-41
-42
-45
-47
-50
-52
-52
-56
-57
-60
-59
-58
-55
-55
-58
-59
-58
-52
-56
-53
-50
-48
-42
-41
-41
-35
-28
-27
-21
-17
-15
-5
-2
4
8
13
15
23
29
32
39
41
46
50
53
54
60
63
63
66
69
70
68
71
71
67
71
68
65
64
61
58
57
56
52
49
46
42
39
36
36
32
31
24
19
21
19
15
15
14
10
9
9
5
5
2
3
5
-1
5
4
4
7
5
6
4
5
6
7
9
7
9
8
7
8
7
7
5
8
5
5
3
5
3
-2
1
1
-2
-1
-3
-2
-6
-4
-6
-10
-13
-15
-13
-17
-16
-17
-22
-24
-26
-29
-32
-30
-34
-32
-36
-38
-38
-42
-40
-38
-40
-42
-42
-46
-46
-46
-45
-46
-47
-43
-41
-43
-41
-40
-42
-38
-37
-37
-33
-32
-30
-28
-28
-26
-23
-23
-20
-16
-15
-11
-11
-8
-4
-5
0
1
4
7
7
9
15
17
17
18
19
20
21
24
25
27
24
24
24
29
28
28
28
33
28
30
32
28
27
25
25
25
28
28
23
19
20
18
13
14
12
12
12
8
9
7
7
7
5
2
-1
2
-2
-1
-2
-1
-3
-4
-4
-4
-4
-6
-3
-5
-2
-3
0
3
5
7
9
12
15
17
11
20
21
21
26
30
31
34
33
40
40
39
44
42
47
47
54
52
52
55
51
53
54
50
46
49
42
39
38
33
31
29
24
25
18
13
12
5
3
2
-5
-8
-11
-18
-22
-25
-29
-34
-34
-38
-43
-45
-49
-48
-54
-54
-53
-57
-54
-53
-54
-57
-56
-57
-58
-57
-57
-54
-52
-50
-52
-49
-46
-46
-42
-41
-40
-40
-34
-31
-27
-25
-22
-20
-25
-20
-18
-14
-15
-16
-13
-8
-6
-4
-4
-1
-1
-1
1
2
3
5
6
10
14
11
15
15
14
9
8
12
12
12
11
10
12
12
10
9
8
3
3
2
-3
0
-1
-4
-7
-8
-11
-14
-16
-18
-18
-17
-21
-23
-24
-26
-25
-26
-22
-26
-25
-21
-23
-20
-20
-16
-13
-16
-12
-4
-2
0
6
9
11
18
20
24
31
35
42
46
50
59
56
62
65
68
74
76
76
77
79
78
80
79
80
77
75
74
73
69
64
62
57
53
49
44
39
38
31
22
19
16
10
2
-5
-8
-16
-19
-22
-27
-34
-38
-42
-49
-52
-56
-58
-59
-61
-65
-68
-71
-74
-73
-73
-75
-76
-76
-73
-75
-76
-77
-75
-71
-70
-66
-65
-64
-63
-62
-59
-55
-54
-50
-47
-45
-37
-34
-33
-30
-27
-25
-19
-15
-15
-6
-1
-1
4
4
8
16
20
22
20
24
26
24
30
32
34
36
36
36
36
37
39
37
34
36
31
32
30
30
28
24
19
16
15
14
10
7
5
0
0
-2
-5
-8
-5
-10
-16
-10
-14
-13
-14
-14
-13
-11
-10
-11
-7
-7
-1
2
2
7
10
14
22
23
24
30
31
35
39
43
48
50
52
55
58
60
57
61
63
61
64
65
62
62
62
58
55
57
56
52
50
47
40
39
32
28
22
19
18
15
9
9
7
-1
-5
-10
-12
-17
-22
-26
-25
-28
-33
-38
-44
-44
-45
-49
-53
-55
-57
-55
-60
-59
-59
-60
-60
-64
-62
-60
-61
-59
-57
-59
-58
-56
-56
-54
-54
-49
-45
-42
-39
-37
-34
-31
-28
-23
-21
-17
-14
-10
-8
-3
2
2
9
11
14
16
18
19
20
26
28
30
31
32
28
34
37
32
32
35
33
27
27
28
27
26
27
19
15
15
13
13
11
12
9
6
4
2
1
-2
-1
-3
-4
-8
-5
-3
-4
-6
-5
-4
1
-1
0
3
2
5
3
2
6
7
10
13
13
19
17
18
22
21
24
23
25
29
26
30
28
29
30
30
30
28
30
30
30
29
30
28
26
27
28
25
23
21
19
20
16
16
14
6
7
1
-1
1
-3
-6
-10
-11
-11
-17
-20
-21
-25
-29
-29
-34
-41
-38
-41
-44
-44
-46
-47
-48
-52
-54
-54
-58
-57
-57
-56
-56
-54
-53
-54
-54
-51
-48
-46
-44
-40
-35
-31
-32
-31
-26
-22
-19
-13
-10
-6
-3
-1
3
7
6
8
19
20
21
22
26
27
27
32
29
31
32
32
32
33
33
29
29
27
26
20
21
18
18
14
11
12
4
2
1
-3
-5
-5
-9
-15
-18
-18
-15
-17
-23
-23
-25
-27
-24
-25
-26
-27
-29
-24
-25
-25
-24
-24
-21
-22
-20
-17
-17
-11
-12
-10
-4
-5
-3
2
3
8
11
14
16
16
23
27
30
32
35
38
37
38
42
45
47
50
49
52
54
54
52
51
55
53
53
52
52
50
48
49
45
44
44
40
34
32
28
24
24
20
17
13
8
5
-1
-5
-3
-8
-13
-16
-21
-20
-24
-23
-27
-28
-35
-33
-34
-38
-40
-41
-36
-38
-35
-37
-36
-37
-33
-33
-35
-29
-24
-23
-23
-21
-18
-10
-10
-12
-12
-8
-5
-5
3
3
5
10
9
9
7
9
11
12
15
15
16
14
11
15
18
16
13
13
13
13
11
9
8
4
1
1
3
1
-2
-3
-5
-4
-7
-10
-9
-12
-10
-12
-17
-18
-19
-22
-21
-22
-23
-21
-22
-24
-24
-25
-23
-23
-23
-23
-20
-15
-18
-21
-18
-16
-14
-15
-9
-7
-7
-3
-1
0
-2
4
7
6
11
9
13
14
20
21
20
24
28
27
29
34
31
31
33
40
39
38
36
34
37
34
34
32
32
31
32
28
24
25
24
22
18
15
14
11
8
9
7
4
1
1
-2
-2
-4
-7
-9
-13
-15
-16
-18
-15
-18
-17
-16
-20
-22
-21
-19
-20
-20
-25
-23
-20
-21
-19
-17
-18
-19
-16
-17
-17
-18
-16
-13
-13
-13
-12
-14
-16
-11
-12
-11
-13
-13
-9
-10
-8
-13
-14
-15
-17
-13
-12
-13
-11
-15
-13
-13
-12
-11
-14
-12
-12
-13
-12
-13
-17
-15
-16
-18
-17
-16
-14
-14
-15
-15
-20
-17
-15
-17
-19
-17
-15
-17
-16
-14
-13
-14
-14
-16
-18
-14
-12
-12
-7
-8
-9
-10
-13
-9
-7
-6
-7
-5
-2
-1
2
5
8
6
5
10
12
16
16
