2
4
1
2
-1
-1
-3
2
1
1
-1
-1
1
1
2
2
0
1
3
2
-1
-1
-1
-2
-3
-3
-4
-5
-4
-1
-1
-3
0
-1
-1
0
-2
1
-1
1
-4
-1
0
-3
-2
-2
-2
-3
-3
-5
-5
0
-3
-4
-1
-3
-2
-3
-4
-4
-3
-4
-2
-1
-3
-2
-2
-3
-5
-1
-3
0
1
-1
-1
-2
0
-3
-2
-1
-1
2
0
5
0
-3
2
0
0
0
0
0
-1
-2
-4
-2
1
0
-1
1
-2
-3
-2
-2
0
-1
-2
1
1
0
-1
-1
-3
-3
-2
-5
-3
-2
-3
-6
-3
-1
0
-2
-3
-3
-4
-2
-3
-1
-1
-6
-2
-2
-3
0
-4
-2
-1
-2
1
-3
-2
-3
-5
-5
-2
-3
-5
-3
-3
-4
-6
-1
-2
-5
-5
-2
-2
0
0
-2
0
2
2
0
3
3
1
3
1
1
2
1
-2
2
1
2
3
2
1
1
1
-2
0
3
2
1
2
2
2
1
1
2
3
1
-1
2
2
3
2
2
1
1
4
6
3
4
3
2
6
1
1
5
4
6
4
0
2
2
4
4
3
0
1
2
1
-1
0
4
2
1
4
5
1
2
3
2
-1
2
3
2
3
-1
1
0
-2
1
0
1
-3
1
-2
0
-1
-1
1
1
1
2
4
0
0
0
4
2
-1
0
2
-2
1
1
2
5
3
1
0
1
-1
0
2
0
2
-1
-3
1
-3
1
2
1
2
-1
2
-1
2
0
-4
-1
1
0
3
2
2
2
2
3
1
4
3
0
0
-1
2
0
0
0
1
1
-3
1
-1
-1
2
2
0
0
3
4
1
3
5
3
3
5
5
6
2
1
0
2
4
4
5
4
3
2
4
3
1
1
3
2
3
1
4
2
2
2
2
2
0
2
-1
2
0
-1
0
-1
4
1
3
2
0
4
2
2
2
5
4
3
5
1
4
2
3
4
3
2
0
3
5
5
3
0
2
2
3
1
1
-1
-1
-1
-5
0
1
-2
-2
1
-1
-2
-1
-3
-3
-2
-3
-4
-4
-5
-3
-5
-2
-4
-7
-6
-5
-5
-7
-4
-4
-4
-3
-2
-3
-2
-4
-4
-2
-5
-4
0
-4
-5
-3
-5
-4
-3
0
-2
-4
-5
-5
-3
-6
-5
-5
-4
-4
-7
-6
-10
-8
-7
-7
-9
-9
-8
-10
-6
-9
-8
-7
-7
-3
-5
-4
-6
-2
-2
-3
-3
-5
-4
-3
-4
-3
-4
-3
-4
-3
-5
-4
-4
-8
-5
-5
-5
-3
0
-3
-5
0
-4
-5
-4
-1
-2
0
-1
-1
-3
-4
0
-1
0
-3
-1
0
3
3
2
-1
2
1
0
2
-1
1
3
3
3
2
0
2
2
3
5
4
3
3
2
2
1
-1
1
1
1
1
1
2
2
2
1
2
3
2
3
7
4
2
3
2
3
3
1
-2
1
1
2
-1
1
0
-3
4
-1
-1
2
2
2
4
1
3
3
2
5
4
3
5
4
3
6
5
7
3
3
-2
0
3
5
4
-1
1
1
1
-1
2
3
1
-1
-2
1
-1
1
2
2
3
1
0
1
1
1
2
0
2
1
1
2
-1
-1
0
2
0
0
2
-1
0
-1
-3
1
-2
-2
1
-2
0
2
-1
2
2
1
0
0
1
2
1
1
3
3
3
5
5
3
3
4
1
4
2
-1
4
2
4
1
2
0
0
-1
0
3
0
3
1
4
3
0
1
3
3
4
5
-1
4
2
2
4
2
1
0
2
1
1
4
5
3
3
1
0
2
2
2
1
1
4
3
2
4
5
1
2
4
4
1
3
4
2
2
0
1
2
5
0
-2
1
0
2
-1
-3
-2
-1
-2
-4
-4
-4
-5
-6
-3
-3
-4
-4
-3
-4
-3
-6
-4
-1
-1
-2
-3
0
-1
-5
-1
2
-1
-1
-1
-1
-2
-2
-3
-2
-2
0
0
-3
0
-1
-2
1
2
1
1
-1
0
-3
-3
-4
-2
-2
-5
-3
-4
-3
-4
-4
-4
-5
1
-3
-5
-1
-1
-1
-3
-2
-1
0
-1
1
-1
1
2
-1
3
2
0
3
2
2
-1
0
3
2
1
4
0
2
2
-2
1
-1
-3
0
0
-3
1
2
1
1
-3
-1
-3
1
1
2
-3
-3
3
-1
0
2
0
2
3
1
3
0
-1
-2
-2
-3
-1
-1
-2
0
-2
-2
-2
-2
-2
-2
-2
1
-1
3
2
-1
-3
-4
0
1
0
3
2
-2
1
0
0
-1
0
4
3
3
2
-1
4
3
3
2
3
4
0
4
1
1
2
2
-2
0
2
-1
0
-1
0
2
1
-1
-2
-2
0
3
1
-2
-2
-4
-3
-4
-4
-3
-7
-9
-9
-8
-10
-7
-6
-8
-5
-7
-9
-9
-7
-8
-9
-10
-12
-8
-9
-9
-8
-9
-8
-9
-8
-11
-9
-8
-10
-11
-9
-6
-7
-9
-8
-3
-5
-5
-3
-6
-5
-3
-5
-5
-2
-6
-3
-5
-4
0
-3
-3
-3
-2
0
-2
-3
-4
-2
-4
-5
-7
-7
-9
-7
-7
-10
-8
-10
-9
-8
-8
-8
-12
-13
-11
-8
-11
-15
-11
-10
-10
-12
-12
-12
-9
-9
-13
-14
-8
-5
-10
-12
-13
-9
-8
-6
-13
-12
-5
-5
-7
-9
-6
-2
1
-6
-9
-3
-1
0
0
-4
-1
2
1
-1
-1
1
3
4
1
2
3
6
4
4
6
7
9
7
6
5
8
7
8
9
8
8
8
6
7
7
7
9
6
4
8
8
10
6
6
8
10
10
8
9
9
11
13
10
10
11
11
11
9
10
13
9
13
8
3
7
7
5
4
0
2
3
-5
-6
-5
-4
-14
-21
-23
-16
-21
-42
-50
-43
-33
-44
-72
-80
-61
-51
-85
-122
-110
-70
-66
-123
-164
-140
-83
-73
-137
-179
-138
-81
-86
-135
-147
-94
-44
-62
-107
-84
-5
30
-10
-31
21
100
122
75
69
153
232
215
153
170
271
343
313
252
252
320
383
368
321
315
351
359
327
300
317
349
329
252
193
218
278
265
168
71
62
120
129
45
-47
-50
-19
-50
-136
-177
-137
-111
-181
-285
-306
-242
-204
-256
-330
-345
-311
-299
-319
-330
-300
-277
-313
-358
-346
-265
-208
-234
-300
-310
-249
-188
-186
-210
-208
-180
-174
-198
-196
-144
-95
-113
-181
-224
-191
-122
-97
-135
-193
-225
-227
-207
-174
-154
-182
-253
-301
-271
-193
-155
-194
-248
-250
-202
-151
-117
-90
-72
-49
-11
45
98
146
211
293
345
366
435
564
624
573
602
860
1106
960
574
556
1128
1610
1307
604
470
1088
1563
1259
671
622
1019
1086
659
380
652
951
666
47
-167
203
524
272
-279
-515
-319
-166
-356
-640
-656
-512
-599
-930
-1113
-907
-626
-696
-1051
-1256
-1095
-848
-815
-933
-956
-854
-826
-915
-898
-643
-378
-407
-648
-722
-455
-111
-18
-146
-225
-115
46
106
129
224
340
333
214
164
299
493
554
416
221
174
295
437
414
218
54
73
162
109
-76
-165
-66
-28
-236
-506
-501
-255
-174
-434
-719
-685
-449
-370
-523
-638
-541
-398
-405
-477
-412
-203
-48
-60
-120
-53
167
404
515
493
515
699
915
957
913
1095
1504
1647
1242
838
1184
2080
2352
1549
725
1013
1959
2187
1445
835
1089
1523
1246
606
540
1046
1143
423
-313
-268
299
461
-112
-786
-889
-576
-537
-916
-1173
-1016
-883
-1214
-1707
-1725
-1233
-935
-1275
-1817
-1889
-1495
-1188
-1254
-1404
-1331
-1177
-1222
-1327
-1140
-682
-420
-636
-973
-870
-347
51
30
-163
-150
70
242
269
327
546
720
585
297
326
748
1064
860
379
231
564
845
626
209
153
382
363
-39
-343
-159
173
-7
-617
-873
-539
-246
-434
-815
-940
-738
-539
-646
-833
-654
-305
-309
-551
-475
-23
376
395
137
164
737
1242
1162
984
1372
1866
1668
1171
1402
2432
2952
2171
1137
1292
2417
2852
2089
1350
1487
1831
1503
954
949
1282
1210
482
-274
-398
70
335
-187
-1007
-1349
-1153
-1017
-1246
-1544
-1596
-1548
-1831
-2317
-2356
-1820
-1454
-1805
-2421
-2526
-2051
-1611
-1566
-1695
-1696
-1581
-1510
-1470
-1241
-772
-442
-587
-909
-844
-285
297
429
198
80
269
546
710
821
964
1017
879
710
780
1070
1252
1055
642
519
738
763
440
228
311
276
-78
-477
-583
-336
-206
-629
-1210
-1288
-1022
-944
-1086
-1259
-1372
-1309
-1182
-1184
-1111
-800
-617
-765
-799
-417
84
337
318
292
585
1132
1477
1510
1617
1971
2116
1815
1754
2509
3336
3071
1998
1592
2370
3206
2940
2008
1670
2008
1978
1358
1041
1302
1390
819
29
-373
-226
92
-55
-757
-1387
-1465
-1273
-1371
-1701
-1852
-1783
-1907
-2386
-2624
-2253
-1747
-1815
-2387
-2688
-2388
-1891
-1676
-1750
-1837
-1773
-1602
-1487
-1375
-997
-535
-475
-769
-816
-385
153
443
406
236
259
524
760
867
987
1110
1044
834
721
857
1101
1155
870
469
263
329
464
397
49
-373
-535
-444
-441
-693
-953
-997
-1021
-1230
-1452
-1382
-1114
-1101
-1373
-1526
-1308
-945
-732
-675
-645
-496
-221
107
402
612
799
1049
1371
1654
1871
2150
2462
2649
2546
2376
2614
3322
3775
3264
2382
2349
3138
3472
2833
2156
2142
2290
1918
1325
1218
1463
1286
458
-295
-381
-111
-131
-614
-1223
-1608
-1677
-1668
-1850
-2123
-2209
-2202
-2482
-2927
-2968
-2517
-2219
-2500
-2931
-2987
-2654
-2275
-2135
-2161
-2125
-1984
-1882
-1775
-1434
-946
-672
-738
-866
-719
-241
262
457
374
320
483
739
947
1111
1249
1298
1211
1023
947
1142
1427
1378
933
563
586
756
687
377
84
-68
-183
-390
-591
-647
-642
-817
-1181
-1387
-1273
-1085
-1097
-1282
-1418
-1305
-1033
-851
-758
-577
-359
-282
-150
259
703
930
1041
1236
1586
1965
2219
2391
2648
2779
2513
2427
3147
3925
3625
2621
2258
2898
3508
3183
2339
2026
2285
2115
1349
993
1333
1399
654
-259
-628
-452
-237
-494
-1213
-1793
-1858
-1759
-1937
-2228
-2280
-2219
-2423
-2888
-3099
-2735
-2216
-2219
-2727
-3012
-2723
-2272
-2077
-2064
-1998
-1874
-1796
-1735
-1489
-984
-541
-525
-771
-761
-318
238
537
507
413
486
708
939
1125
1253
1296
1238
1054
860
959
1312
1346
845
363
358
629
606
78
-443
-370
-85
-430
-1108
-1284
-1006
-909
-1234
-1692
-1849
-1504
-1208
-1479
-1780
-1561
-1167
-1056
-1034
-858
-557
-204
11
110
406
960
1357
1454
1656
2059
2384
2645
3009
3166
2855
2693
3325
4212
4159
3163
2534
3075
3897
3660
2656
2238
2589
2530
1680
1126
1399
1612
989
10
-500
-445
-261
-463
-1119
-1764
-1906
-1791
-1967
-2341
-2500
-2417
-2493
-2936
-3327
-3113
-2523
-2431
-2969
-3312
-3040
-2586
-2423
-2444
-2389
-2228
-2072
-1999
-1837
-1456
-987
-813
-971
-958
-565
-52
265
373
375
444
716
948
1103
1292
1458
1473
1348
1139
978
1367
1854
1489
667
352
648
906
813
271
-346
-389
-319
-628
-833
-713
-962
-1534
-1696
-1606
-1491
-1302
-1380
-1808
-1901
-1437
-1085
-957
-817
-728
-627
-283
190
528
875
1194
1337
1514
1950
2460
2766
3017
3125
2805
2540
3158
4297
4362
3216
2398
2832
3666
3609
2793
2219
2362
2364
1569
900
1148
1548
990
-139
-816
-815
-506
-517
-1098
-1874
-2211
-2111
-2181
-2443
-2564
-2455
-2528
-3023
-3446
-3249
-2588
-2304
-2734
-3236
-3168
-2638
-2275
-2217
-2143
-2006
-1949
-1950
-1699
-1226
-753
-497
-651
-795
-480
164
618
713
699
684
869
1151
1394
1650
1815
1807
1566
1311
1228
1588
2096
1757
874
465
758
1031
835
348
-210
-320
-351
-796
-1044
-768
-775
-1518
-1992
-1826
-1527
-1302
-1406
-1769
-1856
-1414
-1036
-919
-656
-420
-321
-85
363
796
1201
1597
1778
1885
2206
2731
3217
3514
3426
2982
2876
3605
4585
4457
3306
2639
3191
3913
3561
2709
2394
2601
2397
1506
924
1152
1515
914
-287
-904
-791
-515
-706
-1319
-1998
-2273
-2177
-2336
-2670
-2776
-2607
-2723
-3300
-3667
-3394
-2769
-2626
-3132
-3548
-3351
-2818
-2560
-2574
-2508
-2331
-2234
-2211
-1976
-1473
-1005
-840
-961
-1019
-647
-3
447
469
407
525
767
1042
1226
1464
1653
1546
1173
1057
1533
1849
1575
890
582
941
1144
753
4
-114
145
-91
-710
-1186
-975
-757
-1125
-1815
-2055
-1592
-1408
-1674
-1966
-1883
-1482
-1272
-1246
-1238
-839
-305
-168
-113
206
832
1365
1567
1660
1864
2422
3028
3335
3406
3147
2916
3228
4152
4703
3946
2938
2842
3572
3935
3347
2662
2433
2499
2078
1315
1149
1409
1329
397
-541
-796
-673
-519
-887
-1565
-2146
-2288
-2201
-2445
-2639
-2659
-2700
-3076
-3597
-3558
-3123
-2694
-2887
-3453
-3588
-3234
-2700
-2577
-2583
-2493
-2413
-2288
-2134
-1694
-1199
-866
-824
-990
-804
-202
436
652
589
635
754
1083
1412
1619
1764
1794
1592
1161
1377
1962
1979
1398
867
880
935
912
561
121
115
4
-604
-1158
-903
-605
-1079
-1750
-2025
-1890
-1617
-1505
-1770
-2000
-1758
-1424
-1354
-1217
-831
-538
-379
-229
121
649
1238
1586
1534
1730
2285
2930
3309
3415
3295
2920
3108
3977
4701
4281
3217
2923
3377
3876
3647
3032
2614
2437
2223
1609
1256
1393
1414
753
-257
-736
-744
-583
-703
-1297
-1989
-2338
-2259
-2332
-2559
-2618
-2664
-2983
-3435
-3533
-3201
-2824
-2777
-3186
-3541
-3333
-2864
-2572
-2536
-2434
-2348
-2369
-2207
-1845
-1331
-920
-790
-935
-921
-388
256
631
681
664
698
926
1319
1617
1860
1924
1717
1302
1249
1695
2014
1908
1273
688
523
821
1038
600
61
-382
-590
-686
-699
-726
-1080
-1430
-1779
-1905
-1692
-1390
-1340
-1702
-1811
-1593
-1179
-728
-542
-514
-455
-14
482
802
1211
1602
1877
2039
2325
2855
3369
3759
3549
2978
3035
3914
4799
4372
3274
2866
3337
3898
3550
2858
2483
2468
2274
1492
1059
1219
1364
765
-307
-809
-803
-588
-751
-1412
-2013
-2291
-2217
-2378
-2652
-2673
-2653
-2881
-3448
-3693
-3336
-2845
-2791
-3308
-3695
-3503
-3007
-2702
-2712
-2662
-2539
-2479
-2381
-2088
-1595
-1158
-982
-1096
-1101
-622
40
432
473
439
538
796
1151
1433
1635
1662
1418
1283
1453
1581
1436
1360
1430
1111
554
289
451
659
426
-324
-1089
-1042
-656
-819
-1363
-1671
-1720
-1941
-1983
-1828
-1705
-1614
-1674
-1771
-1716
-1119
-523
-391
-397
-268
222
767
1340
1570
1662
2101
2539
3011
3262
3605
3615
3222
3344
3862
4627
4419
3556
3109
3285
3904
3680
3088
2590
2403
2324
1684
1285
1185
1223
760
-189
-697
-864
-712
-857
-1423
-2065
-2439
-2348
-2441
-2662
-2817
-2867
-3028
-3388
-3561
-3419
-2984
-2833
-3170
-3540
-3392
-2865
-2581
-2518
-2499
-2365
-2234
-2088
-1791
-1390
-951
-785
-836
-795
-370
246
636
728
634
747
1085
1507
1741
1800
1875
1759
1582
1524
1783
2039
1900
1436
851
732
984
1108
698
35
-337
-547
-576
-704
-939
-1236
-1542
-1728
-1970
-1894
-1670
-1615
-1786
-1974
-1791
-1435
-993
-790
-764
-594
-238
275
614
970
1319
1639
2053
2335
2723
3102
3538
3821
3439
3189
3426
4322
4923
4260
3304
2893
3585
4175
3705
2912
2440
2524
2178
1469
1187
1328
1341
450
-605
-1024
-783
-491
-948
-1762
-2399
-2530
-2404
-2508
-2704
-2887
-3055
-3299
-3646
-3722
-3352
-2946
-3002
-3541
-3793
-3404
-2824
-2516
-2630
-2695
-2570
-2336
-2056
-1734
-1236
-921
-881
-988
-829
-201
447
778
616
512
720
1156
1655
1796
1785
1609
1495
1456
1519
1929
2004
1584
932
630
821
1000
968
349
-316
-575
-573
-599
-882
-1045
-1390
-1779
-1924
-1894
-1634
-1590
-1683
-1902
-1910
-1451
-1056
-777
-705
-551
-268
90
621
1038
1387
1586
1930
2245
2553
3148
3610
3783
3245
2955
3424
4191
4812
4159
3176
2837
3374
3954
3485
2879
2481
2297
1906
1319
1129
1159
1131
362
-660
-1150
-1015
-732
-1144
-1830
-2437
-2744
-2733
-2747
-2810
-3014
-3208
-3480
-3884
-3965
-3501
-3077
-3234
-3705
-3929
-3639
-3112
-2718
-2730
-2830
-2693
-2527
-2317
-1890
-1267
-953
-1044
-1082
-842
-281
355
758
721
626
802
1143
1609
1934
2029
1738
1494
1596
1713
1949
2000
1726
1150
747
862
972
967
547
-130
-598
-641
-504
-771
-1059
-1337
-1677
-1875
-1866
-1625
-1596
-1644
-1793
-1905
-1550
-1099
-803
-766
-619
-253
60
500
891
1240
1572
1901
2265
2473
2862
3344
3771
3815
3288
3109
3579
4617
4982
3994
2982
2851
3756
4159
3458
2712
2332
2322
1933
1330
1139
1242
1109
159
-872
-1145
-781
-613
-1176
-2005
-2609
-2671
-2514
-2589
-2811
-3007
-3149
-3470
-3793
-3666
-3223
-2923
-3117
-3618
-3761
-3306
-2651
-2393
-2560
-2578
-2385
-2131
-1831
-1412
-918
-705
-748
-793
-497
201
829
993
812
777
1071
1536
1888
2058
1934
1611
1464
1558
1923
2152
1877
1215
709
801
1072
1065
635
-21
-496
-601
-538
-711
-1020
-1252
-1535
-1870
-1990
-1770
-1527
-1577
-1808
-1951
-1690
-1139
-847
-755
-630
-278
86
352
904
1377
1677
1882
2194
2666
3000
3377
3726
3953
3635
3180
3426
4464
5274
4375
2996
2727
3684
4336
3511
2627
2305
2345
2023
1204
915
1093
1087
192
-996
-1374
-1053
-771
-1203
-2078
-2785
-2874
-2622
-2751
-3062
-3197
-3250
-3496
-3923
-3960
-3459
-2998
-3133
-3815
-4056
-3487
-2782
-2527
-2734
-2785
-2546
-2276
-2050
-1682
-1114
-775
-829
-969
-746
-73
669
937
762
647
844
1380
1815
1929
1727
1620
1619
1271
1399
1998
2068
1303
538
475
659
971
794
-174
-884
-730
-551
-1013
-1286
-1288
-1609
-2008
-2140
-2068
-1850
-1496
-1605
-2101
-1987
-1300
-864
-761
-641
-427
-88
427
863
1035
1372
1988
2403
2417
2613
3176
3724
4035
3581
2980
3096
4237
5261
4378
2948
2605
3571
4247
3403
2497
2229
2469
2097
1052
683
1041
1259
246
-1078
-1500
-1114
-759
-1302
-2140
-2770
-2853
-2661
-2899
-3229
-3295
-3174
-3423
-4009
-4120
-3586
-3012
-3082
-3752
-4083
-3515
-2755
-2539
-2747
-2721
-2356
-2150
-2042
-1727
-1124
-633
-668
-857
-699
-34
704
951
840
797
1037
1428
1788
1971
1839
1807
1925
1674
1356
1665
2241
1987
1073
466
487
951
1196
473
-759
-1008
-433
-472
-1139
-1463
-1470
-1692
-1958
-2102
-1987
-1616
-1426
-1831
-2203
-1651
-863
-584
-708
-651
-198
346
825
970
1179
1792
2408
2543
2481
3000
3637
3980
3916
3559
3361
3682
4785
5145
4112
3086
3155
4036
4117
3355
2631
2415
2475
1907
1167
1006
1310
1057
-140
-1141
-1268
-851
-832
-1468
-2278
-2781
-2740
-2680
-2861
-3096
-3134
-3174
-3599
-3955
-3821
-3282
-2985
-3262
-3779
-3874
-3292
-2688
-2529
-2720
-2622
-2363
-2220
-1995
-1614
-1005
-774
-843
-868
-580
104
633
868
725
714
969
1393
1851
1919
1744
1415
1503
1671
1712
1837
1651
1264
781
734
729
629
614
99
-648
-1018
-697
-677
-1107
-1419
-1752
-1876
-1902
-1789
-1805
-1765
-1597
-1786
-1725
-1266
-804
-636
-538
-174
158
561
1054
1354
1638
2031
2503
2856
3153
3527
3740
3982
3997
3726
3683
4372
5284
4779
3427
2875
3680
4520
3940
2782
2130
2335
2360
1583
925
893
1056
382
-787
-1380
-1221
-870
-1206
-2095
-2882
-3005
-2675
-2697
-3075
-3403
-3386
-3445
-3787
-3944
-3655
-3145
-3096
-3564
-3921
-3582
-2787
-2361
-2514
-2698
-2460
-2094
-1789
-1515
-1118
-696
-608
-637
-495
91
747
1013
950
768
994
1457
1895
2061
1949
1770
1522
1635
1808
1948
1923
1515
1074
697
826
934
741
380
-335
-798
-836
-602
-789
-1380
-1684
-1895
-2004
-2035
-1945
-1889
-2003
-2050
-2098
-1866
-1378
-1028
-947
-922
-550
-64
413
859
1088
1350
1705
2160
2590
2961
3400
3540
3601
3792
3802
3684
3880
4677
4928
3948
2919
3014
4015
4318
3414
2302
1973
2309
2046
1262
937
1084
797
-316
-1162
-1224
-892
-816
-1556
-2610
-3134
-2845
-2506
-2799
-3242
-3471
-3542
-3677
-3897
-3769
-3350
-3070
-3353
-3908
-3834
-3079
-2372
-2363
-2712
-2695
-2310
-1875
-1574
-1252
-911
-731
-684
-658
-250
455
921
928
669
721
1140
1700
2018
1926
1793
1666
1636
1697
1747
1643
1488
1514
1181
580
254
420
641
296
-500
-1352
-1346
-751
-821
-1584
-2173
-2118
-2041
-2089
-2030
-2029
-1977
-1963
-2032
-1917
-1328
-636
-521
-765
-597
130
842
1271
1370
1463
1834
2411
2982
3165
3488
3850
3921
3875
3709
3862
4125
4754
5000
3946
2933
2960
3961
4211
3296
2381
1899
2040
1819
1246
907
863
634
-466
-1358
-1397
-971
-991
-1815
-2699
-3224
-3071
-2751
-2852
-3270
-3573
-3653
-3916
-4086
-3855
-3384
-3205
-3483
-3893
-3956
-3252
-2474
-2362
-2734
-2795
-2350
-1926
-1555
-1225
-881
-705
-723
-630
-249
495
979
981
765
780
1232
1657
2037
2152
1974
1674
1474
1613
1726
1922
1921
1341
574
325
711
837
560
-108
-915
-1202
-901
-629
-1127
-1690
-1955
-2137
-2110
-1977
-1808
-1925
-2059
-2114
-2041
-1528
-936
-720
-901
-814
-400
173
754
1115
1309
1380
1877
2351
2631
3040
3462
3804
3629
3765
4073
3926
3809
4052
4790
4637
3585
2895
3114
4041
4012
2936
1912
1782
2125
1714
1116
833
643
59
-782
-1218
-1271
-1034
-1180
-2023
-2958
-3167
-2669
-2483
-2828
-3394
-3669
-3594
-3531
-3512
-3483
-3142
-2967
-3280
-3605
-3402
-2572
-2055
-2126
-2393
-2372
-1886
-1420
-1045
-824
-589
-385
-394
-252
187
830
1162
1153
949
848
1362
1908
2095
1870
1690
1618
1341
1451
1568
1586
1520
957
236
-128
358
637
101
-655
-1336
-1452
-1146
-948
-1480
-2115
-2180
-2297
-2345
-2198
-1923
-1915
-2116
-2071
-1956
-1445
-860
-690
-759
-676
-169
428
987
1266
1338
1600
2124
2616
2846
3131
3450
3758
3887
3952
4030
3889
3830
4027
4606
4607
3699
2922
3021
3849
3855
2932
1978
1688
1937
1582
970
605
517
125
-834
-1379
-1328
-1061
-1282
-2102
-2906
-3169
-2831
-2642
-2940
-3411
-3572
-3543
-3602
-3631
-3497
-3137
-2979
-3185
-3493
-3334
-2584
-2039
-2057
-2311
-2222
-1767
-1337
-996
-746
-460
-250
-254
-163
282
902
1209
1140
976
976
1353
1801
1984
1878
1735
1662
1416
1388
1470
1511
1580
1125
392
-92
144
613
317
-382
-1177
-1502
-1088
-843
-1236
-1900
-2124
-2113
-2171
-2004
-1792
-1760
-1805
-1884
-1897
-1480
-769
-433
-570
-554
-134
416
1007
1377
1530
1658
1993
2538
2858
3142
3334
3557
3830
3812
3933
3967
3893
3856
3929
4369
4210
3453
2800
2917
3629
3435
2469
1620
1510
1657
1286
819
398
165
-270
-932
-1274
-1395
-1385
-1723
-2308
-2816
-3061
-2838
-2752
-3056
-3453
-3616
-3512
-3419
-3399
-3349
-3167
-2992
-3062
-3229
-2963
-2379
-2008
-2007
-2145
-1986
-1569
-1135
-889
-735
-437
-253
-224
-91
305
784
994
904
808
929
1232
1574
1652
1519
1407
1457
1340
816
923
1626
1683
691
-394
-351
337
759
194
-1090
-1543
-1050
-745
-1234
-1681
-1622
-1747
-2001
-2196
-2045
-1614
-1369
-1642
-2200
-1877
-982
-507
-613
-810
-517
-11
599
923
972
1218
1615
1976
2091
2448
2945
3197
3197
3225
3639
3862
3894
3716
3459
3608
4035
4350
3709
2846
2769
3178
3398
2856
2105
1589
1614
1668
1014
348
235
356
-261
-1207
-1497
-1375
-1288
-1704
-2362
-2863
-2932
-2695
-2860
-3240
-3374
-3239
-3306
-3557
-3537
-3290
-2984
-2867
-2987
-3193
-2952
-2293
-1981
-2062
-2086
-1708
-1377
-1222
-1002
-735
-360
-186
-127
-67
249
752
903
900
869
1038
1207
1333
1517
1414
1422
1518
1465
905
494
1207
1740
1202
-45
-633
-169
431
523
-617
-1663
-1485
-858
-1006
-1800
-1886
-1762
-1926
-2219
-2316
-1967
-1638
-1589
-2077
-2219
-1447
-705
-613
-922
-799
-280
286
739
810
917
1316
1812
2051
2186
2613
2928
3008
3099
3401
3701
3767
3808
3614
3331
3411
3967
4315
3655
2710
2425
2936
3308
2784
1881
1332
1387
1269
677
228
176
25
-738
-1439
-1625
-1552
-1593
-1936
-2484
-3028
-3062
-2823
-2860
-3156
-3265
-3214
-3322
-3368
-3284
-2979
-2651
-2529
-2728
-2916
-2435
-1854
-1606
-1648
-1617
-1386
-1168
-787
-541
-308
-78
-25
4
123
576
932
1044
1022
888
936
1123
1412
1500
1395
1367
1356
1259
935
776
1012
1247
994
248
-334
-295
172
277
-420
-1285
-1464
-1103
-1019
-1381
-1724
-1814
-1847
-1979
-2071
-1918
-1624
-1559
-1780
-1874
-1488
-891
-620
-662
-653
-380
143
606
830
966
1282
1727
1947
2131
2525
2875
2982
2965
3184
3665
4009
3949
3454
3167
3540
4068
4265
3805
3092
2688
2745
3092
2930
2337
1739
1355
1196
871
501
199
28
-335
-1075
-1636
-1737
-1555
-1697
-2231
-2796
-3088
-3002
-2940
-2991
-3062
-3107
-3195
-3365
-3339
-3015
-2624
-2418
-2502
-2680
-2556
-2113
-1598
-1374
-1455
-1424
-1261
-927
-611
-358
-134
-92
-60
-70
140
572
878
911
714
687
824
1061
1244
1253
1220
1118
1097
1130
1119
839
504
747
1148
780
-218
-684
-245
305
31
-1004
-1729
-1461
-823
-1108
-1929
-2099
-1807
-1782
-2092
-2161
-1904
-1636
-1619
-1937
-1957
-1248
-531
-583
-899
-662
14
591
860
888
1018
1584
2170
2283
2305
2730
3131
3159
3160
3462
3982
4215
4009
3432
3216
3790
4213
4066
3452
2938
2704
2571
2695
2539
2090
1520
964
694
443
200
-85
-338
-765
-1492
-1920
-1912
-1755
-1951
-2389
-2771
-3029
-2984
-2892
-2807
-2786
-2883
-3037
-3166
-2930
-2542
-2265
-2179
-2279
-2322
-2185
-1805
-1422
-1213
-1210
-1263
-1176
-956
-592
-328
-198
-217
-273
-172
5
398
649
618
513
472
602
729
987
1127
1031
824
683
885
1075
1013
456
185
630
777
385
-377
-637
-290
-85
-401
-1290
-1534
-1086
-1001
-1505
-1962
-1815
-1665
-1668
-1865
-2011
-1729
-1454
-1423
-1633
-1405
-808
-524
-451
-480
-175
365
802
1003
993
1338
1844
2127
2212
2359
2734
2977
3033
3041
3183
3536
3801
3676
3193
2984
3302
3488
3338
3209
2990
2490
2020
2021
2249
2095
1569
926
471
375
370
145
-252
-521
-882
-1374
-1627
-1603
-1479
-1600
-1912
-2323
-2668
-2467
-2077
-2025
-2279
-2500
-2514
-2492
-2275
-1908
-1751
-1773
-1835
-1946
-1912
-1516
-1062
-955
-1153
-1283
-1175
-900
-517
-328
-364
-414
-428
-329
-107
234
470
368
168
174
372
649
902
872
624
544
729
899
884
940
716
-37
-39
904
1070
26
-862
-645
-9
144
-433
-1401
-1490
-687
-658
-1582
-1852
-1225
-1092
-1546
-1782
-1628
-1125
-697
-924
-1426
-1139
-230
42
-233
-166
235
669
929
1030
1058
1344
1944
1986
1710
1905
2427
2688
2462
2421
2529
2737
3114
3077
2554
2135
2571
2873
2522
2446
2466
2232
1597
1367
1698
1809
1650
962
331
290
554
463
-85
-307
-510
-841
-1064
-1113
-1048
-1182
-1288
-1621
-2066
-2025
-1705
-1546
-1822
-2115
-2210
-2252
-2115
-1907
-1852
-1864
-1866
-2011
-2145
-1910
-1457
-1371
-1629
-1771
-1759
-1541
-1188
-972
-1033
-1095
-1006
-948
-780
-455
-97
-109
-328
-307
-147
252
584
644
489
368
648
844
922
1088
1134
599
94
758
1437
1136
249
-232
43
377
558
-75
-808
-576
-279
-670
-1248
-999
-712
-995
-1319
-1592
-1409
-928
-757
-1244
-1596
-1059
-619
-640
-667
-563
-385
-154
121
128
230
758
1022
797
771
1249
1704
1736
1632
1703
1950
2326
2629
2616
2381
2314
2543
2613
2495
2698
3061
2867
2066
1680
2084
2568
2563
1876
1117
996
1310
1234
651
408
354
-17
-482
-747
-807
-813
-790
-1194
-1980
-2248
-1851
-1596
-1929
-2344
-2561
-2649
-2596
-2523
-2541
-2547
-2395
-2482
-2808
-2755
-2293
-1974
-2064
-2236
-2297
-2138
-1718
-1407
-1347
-1284
-1101
-1048
-997
-595
-114
109
165
175
228
538
1089
1402
1282
1189
1360
1611
1768
1866
2010
2060
1715
1176
1281
1993
2207
1453
454
164
660
1156
710
-446
-913
-482
-383
-1004
-1383
-1251
-1277
-1649
-2028
-2054
-1677
-1355
-1704
-2327
-2252
-1558
-1115
-1234
-1412
-1289
-888
-459
-312
-269
52
560
709
605
880
1514
1947
1950
1853
1985
2479
3003
3041
2899
3141
3498
3352
3035
3170
3451
3620
3683
3344
2576
2199
2719
3179
2745
1805
1217
1291
1441
1117
488
199
152
-334
-1058
-1341
-1150
-1117
-1540
-2186
-2688
-2711
-2458
-2426
-2763
-3076
-3148
-3194
-3241
-3184
-2994
-2836
-2827
-2969
-3086
-2795
-2196
-1834
-1985
-2166
-1923
-1483
-1115
-897
-753
-641
-491
-289
-73
302
734
893
796
819
1046
1336
1635
1767
1670
1578
1646
1751
1805
1873
1906
1821
1524
1028
804
1236
1579
1004
-8
-475
-192
189
19
-842
-1550
-1404
-1184
-1579
-1985
-1843
-1755
-2132
-2471
-2456
-2105
-1682
-1669
-2091
-2215
-1677
-1146
-1022
-1035
-917
-637
-267
53
191
464
956
1180
1106
1251
1831
2324
2328
2167
2256
2619
2931
2967
2854
2934
3312
3515
3130
2646
2798
3257
3144
2665
2489
2492
2238
1844
1680
1714
1698
1309
584
166
320
388
-15
-472
-774
-1109
-1336
-1357
-1532
-1829
-1916
-1960
-2314
-2594
-2384
-2131
-2188
-2426
-2606
-2606
-2357
-2058
-2080
-2160
-1990
-1786
-1775
-1704
-1387
-1138
-1059
-1049
-1015
-834
-504
-225
-225
-279
-164
21
181
342
482
509
575
711
743
770
959
1139
1053
886
904
993
1077
1120
1055
960
892
722
376
396
859
892
216
-494
-498
-48
153
-288
-1069
-1239
-892
-847
-1268
-1505
-1347
-1389
-1640
-1802
-1664
-1321
-1189
-1428
-1788
-1613
-1018
-678
-770
-970
-862
-502
-136
27
67
253
501
591
603
855
1236
1412
1372
1317
1460
1795
2069
2030
1881
1997
2291
2523
2603
2477
2250
2335
2666
2584
2251
2351
2695
2494
1822
1574
1950
2310
1945
1076
745
1085
1165
588
173
220
100
-315
-715
-914
-940
-822
-960
-1552
-1987
-1892
-1601
-1638
-1959
-2268
-2338
-2157
-2119
-2270
-2297
-2046
-1911
-2166
-2352
-2126
-1681
-1506
-1626
-1736
-1652
-1356
-1098
-976
-917
-794
-643
-590
-452
-169
139
343
359
350
460
801
1122
1146
1113
1173
1329
1373
1409
1582
1635
1620
1533
1384
1064
942
1353
1476
941
196
27
305
395
120
-545
-898
-837
-832
-1141
-1475
-1477
-1605
-1834
-2032
-2110
-1958
-1805
-1904
-2307
-2346
-1939
-1613
-1583
-1717
-1688
-1495
-1159
-916
-833
-659
-396
-210
-122
112
508
812
899
922
1070
1419
1808
1955
1940
2045
2368
2627
2811
2999
2884
2627
2796
3361
3368
2832
2805
3217
3184
2480
2087
2396
2724
2377
1427
935
1136
1219
699
104
-85
-306
-660
-983
-1300
-1553
-1630
-1650
-2057
-2577
-2661
-2398
-2295
-2602
-2922
-2947
-2701
-2534
-2645
-2667
-2397
-2129
-2228
-2391
-2096
-1568
-1302
-1392
-1488
-1319
-903
-481
-336
-333
-190
63
258
411
624
847
1047
1185
1171
1163
1404
1739
1804
1642
1559
1646
1730
1706
1616
1549
1472
1290
1132
1069
884
477
285
442
342
-238
-800
-894
-713
-670
-1065
-1792
-2078
-1718
-1541
-2016
-2443
-2283
-2089
-2228
-2403
-2332
-2088
-1889
-1909
-2083
-1944
-1416
-1023
-1051
-1137
-906
-457
-68
73
88
295
702
964
1002
1134
1468
1725
1757
1752
1898
2201
2479
2478
2271
2278
2595
2789
2754
2777
2743
2455
2364
2757
2886
2345
1995
2344
2540
1949
1319
1408
1845
1774
1001
301
350
692
479
-119
-394
-404
-600
-921
-1122
-1241
-1269
-1231
-1439
-1908
-2100
-1810
-1545
-1697
-2049
-2215
-2049
-1769
-1738
-1922
-1867
-1533
-1467
-1704
-1660
-1253
-972
-994
-1109
-1139
-942
-546
-333
-454
-527
-327
-128
-55
43
157
227
302
325
241
316
637
816
661
510
614
771
836
830
801
783
820
820
726
746
854
699
301
214
541
636
184
-305
-262
68
21
-525
-943
-753
-496
-784
-1280
-1326
-1071
-1081
-1360
-1582
-1543
-1326
-1206
-1407
-1664
-1532
-1179
-1069
-1228
-1272
-1034
-714
-611
-742
-734
-366
26
53
-53
128
511
766
804
838
1017
1307
1519
1579
1673
1896
2154
2233
2247
2478
2750
2674
2459
2703
3145
3037
2562
2597
3062
3051
2442
1995
2227
2569
2239
1458
1078
1246
1230
813
379
31
-272
-426
-525
-898
-1351
-1460
-1445
-1746
-2207
-2336
-2178
-2149
-2431
-2785
-2827
-2608
-2523
-2708
-2834
-2662
-2492
-2539
-2580
-2428
-2190
-2026
-1962
-1954
-1821
-1466
-1116
-1026
-995
-789
-493
-206
-14
113
288
598
858
879
936
1194
1484
1604
1571
1542
1619
1800
1862
1788
1720
1687
1626
1515
1437
1375
1316
1078
600
364
586
711
171
-590
-817
-562
-459
-875
-1484
-1758
-1623
-1579
-1895
-2213
-2213
-2062
-2167
-2432
-2476
-2215
-1957
-2012
-2189
-2131
-1738
-1371
-1317
-1372
-1183
-773
-492
-397
-272
42
382
544
600
770
1156
1505
1589
1547
1661
2002
2295
2364
2329
2394
2583
2755
2804
2778
2916
3120
2949
2554
2632
3102
3074
2439
2179
2513
2632
2118
1470
1397
1686
1590
882
281
309
392
86
-382
-747
-1010
-1123
-1137
-1419
-1845
-1949
-1798
-1907
-2320
-2535
-2357
-2066
-2134
-2500
-2606
-2263
-1911
-1984
-2154
-2017
-1702
-1528
-1549
-1507
-1287
-974
-809
-855
-854
-604
-241
-89
-142
-159
17
310
462
410
354
535
750
691
568
679
931
973
844
780
815
922
985
941
815
770
814
808
759
682
669
666
487
154
55
419
589
68
-598
-678
-283
-100
-376
-922
-1246
-1078
-833
-1023
-1450
-1469
-1270
-1359
-1640
-1678
-1404
-1250
-1393
-1654
-1644
-1270
-968
-993
-1143
-1085
-831
-563
-413
-406
-309
-62
137
149
231
531
811
920
880
907
1125
1448
1632
1577
1566
1731
1969
2115
2170
2305
2544
2623
2307
2145
2646
3159
2782
2047
2211
2939
2911
2029
1552
2015
2401
1893
981
702
1064
1160
609
-109
-425
-408
-389
-642
-1187
-1568
-1475
-1307
-1653
-2225
-2317
-1978
-1881
-2319
-2733
-2595
-2148
-2048
-2381
-2538
-2244
-1896
-1887
-2059
-1993
-1666
-1389
-1385
-1455
-1293
-933
-635
-595
-632
-467
-56
279
300
254
450
823
1027
978
938
1162
1504
1611
1489
1446
1641
1835
1818
1672
1596
1657
1668
1508
1309
1236
1210
1102
916
622
287
143
249
223
-234
-869
-1197
-1018
-746
-997
-1740
-2182
-1956
-1725
-1983
-2326
-2332
-2257
-2378
-2509
-2466
-2268
-2053
-2048
-2259
-2306
-1920
-1421
-1256
-1396
-1418
-1077
-595
-365
-366
-204
177
448
513
643
952
1301
1494
1496
1507
1734
2057
2169
2094
2112
2308
2492
2504
2438
2481
2683
2857
2728
2313
2129
2595
3065
2582
1669
1717
2524
2597
1639
944
1264
1802
1523
545
28
389
674
163
-596
-892
-796
-668
-858
-1434
-1848
-1613
-1286
-1624
-2233
-2300
-1903
-1735
-2059
-2455
-2376
-1885
-1666
-1959
-2194
-1896
-1442
-1357
-1541
-1547
-1227
-883
-770
-874
-842
-499
-146
-101
-192
-42
290
527
549
467
518
802
1058
974
806
932
1196
1243
1094
1025
1111
1260
1240
990
838
955
1057
908
678
522
480
524
431
165
26
57
-171
-521
-440
-240
-521
-1037
-1185
-1053
-980
-1045
-1339
-1686
-1708
-1509
-1554
-1806
-1875
-1837
-1910
-2026
-2068
-1975
-1801
-1756
-1928
-2007
-1762
-1459
-1335
-1348
-1311
-1110
-797
-566
-491
-309
-9
190
314
532
794
990
1204
1346
1388
1550
1842
2006
2008
2084
2213
2334
2458
2510
2486
2553
2726
2715
2524
2426
2621
2935
2823
2100
1612
2234
3007
2453
1109
781
1612
2010
1261
258
105
555
523
-240
-873
-736
-449
-724
-1400
-1898
-1835
-1436
-1338
-1918
-2563
-2477
-1928
-1788
-2239
-2526
-2222
-1789
-1853
-2237
-2152
-1519
-1124
-1360
-1663
-1456
-926
-542
-502
-624
-535
-181
114
140
180
487
814
856
681
688
1039
1449
1512
1211
1028
1217
1512
1533
1325
1210
1250
1248
1041
834
829
899
774
430
139
35
64
6
-257
-602
-754
-689
-765
-1126
-1455
-1415
-1213
-1277
-1679
-2044
-1968
-1621
-1505
-1855
-2200
-2054
-1678
-1625
-1906
-1950
-1636
-1419
-1546
-1661
-1446
-1130
-989
-1023
-1015
-839
-527
-271
-228
-239
-47
287
476
499
589
814
1019
1108
1141
1221
1395
1569
1576
1481
1513
1688
1756
1673
1602
1626
1669
1671
1617
1527
1520
1602
1671
1611
1436
1292
1358
1635
1764
1523
1185
1081
1191
1347
1490
1426
1019
568
548
909
1064
747
300
123
147
71
-80
-79
-15
-170
-527
-779
-757
-530
-351
-449
-798
-1066
-977
-720
-627
-727
-814
-840
-907
-1002
-962
-721
-535
-653
-955
-1066
-847
-555
-439
-530
-656
-674
-587
-458
-338
-198
-132
-223
-348
-316
-94
133
214
91
-80
-86
73
210
239
246
218
100
7
61
227
345
303
126
-27
-9
113
200
180
65
-63
-126
-153
-204
-199
-83
-107
-416
-708
-668
-421
-334
-542
-903
-1073
-952
-813
-879
-1044
-1137
-1188
-1237
-1265
-1235
-1153
-1101
-1200
-1366
-1346
-1106
-903
-912
-1028
-1027
-814
-565
-463
-431
-311
-156
-61
48
224
381
507
593
601
637
827
1054
1104
1037
1042
1154
1317
1430
1409
1358
1444
1592
1631
1644
1727
1767
1705
1713
1907
2061
1994
1790
1637
1646
1807
1991
1883
1401
950
996
1348
1366
882
386
306
389
223
-98
-231
-167
-277
-667
-1006
-1017
-832
-778
-965
-1251
-1427
-1375
-1206
-1137
-1224
-1301
-1277
-1256
-1303
-1265
-1055
-864
-903
-1100
-1156
-942
-645
-536
-624
-731
-702
-564
-415
-306
-254
-228
-230
-246
-215
-70
131
234
154
15
11
186
367
414
355
299
281
271
301
383
456
429
304
181
148
211
298
288
158
-5
-79
-33
0
-87
-238
-292
-269
-344
-542
-664
-578
-469
-580
-856
-1017
-890
-702
-758
-1001
-1111
-1008
-933
-988
-1043
-1005
-955
-973
-1009
-967
-836
-726
-720
-736
-665
-519
-388
-309
-248
-165
-27
107
209
302
424
560
664
737
822
951
1088
1140
1111
1149
1319
1465
1473
1429
1461
1577
1666
1676
1671
1747
1873
1927
1860
1772
1777
1922
2087
2048
1808
1624
1677
1758
1643
1489
1470
1383
997
589
575
803
734
221
-291
-441
-367
-413
-653
-898
-1070
-1235
-1408
-1544
-1578
-1545
-1552
-1705
-1968
-2084
-1923
-1670
-1625
-1804
-1933
-1833
-1624
-1514
-1462
-1329
-1160
-1140
-1214
-1111
-778
-461
-396
-502
-542
-376
-82
136
201
188
214
293
366
447
590
738
751
613
489
533
697
815
758
583
439
412
429
421
388
341
239
63
-81
-122
-79
-55
-143
-326
-488
-525
-474
-467
-539
-622
-667
-724
-817
-850
-788
-718
-768
-915
-1007
-928
-760
-696
-783
-859
-801
-679
-604
-559
-500
-459
-426
-356
-244
-137
-67
10
75
121
186
301
439
494
485
503
593
679
708
730
760
775
742
722
761
816
821
739
648
644
684
713
681
616
568
565
605
624
621
642
720
787
746
689
771
964
1104
1108
1038
973
1020
1190
1309
1218
1050
1073
1168
1058
787
697
884
925
591
158
43
204
211
-43
-337
-490
-531
-608
-747
-878
-928
-928
-1012
-1201
-1345
-1312
-1176
-1147
-1308
-1496
-1476
-1292
-1206
-1293
-1367
-1295
-1186
-1180
-1217
-1161
-1011
-913
-952
-1028
-974
-776
-611
-584
-628
-603
-474
-342
-260
-189
-87
12
53
55
103
262
458
537
476
420
510
674
765
757
732
750
765
754
746
766
790
760
689
624
596
594
578
515
409
344
327
281
162
53
38
45
-49
-222
-328
-305
-276
-382
-545
-612
-590
-613
-698
-757
-762
-769
-811
-843
-845
-798
-745
-744
-779
-765
-659
-544
-520
-542
-492
-369
-263
-220
-194
-139
-42
67
129
137
165
255
356
370
362
424
538
590
558
559
662
780
822
810
831
913
998
1061
1120
1151
1162
1201
1306
1424
1433
1358
1354
1501
1620
1523
1326
1311
1500
1552
1273
972
1002
1199
1114
716
433
470
542
353
22
-179
-220
-283
-468
-704
-869
-918
-939
-1090
-1336
-1473
-1414
-1354
-1490
-1707
-1753
-1628
-1556
-1645
-1746
-1705
-1575
-1490
-1493
-1501
-1413
-1250
-1131
-1098
-1072
-936
-736
-604
-565
-521
-359
-147
-2
38
86
241
441
547
584
660
802
930
983
1019
1089
1191
1261
1280
1272
1292
1342
1364
1326
1280
1273
1263
1197
1100
1033
990
924
813
673
524
406
325
251
92
-152
-347
-408
-438
-592
-832
-1016
-1083
-1124
-1241
-1404
-1526
-1566
-1590
-1666
-1762
-1787
-1738
-1704
-1733
-1757
-1697
-1583
-1489
-1447
-1394
-1281
-1127
-998
-909
-796
-633
-456
-320
-224
-114
68
263
373
405
487
660
821
872
870
941
1075
1168
1174
1168
1229
1333
1371
1336
1320
1355
1413
1437
1434
1416
1355
1309
1367
1465
1446
1281
1148
1176
1261
1248
1116
950
834
794
828
782
567
347
313
363
235
-33
-150
-103
-161
-403
-605
-610
-572
-675
-847
-957
-988
-980
-997
-1059
-1132
-1153
-1100
-1068
-1124
-1172
-1096
-955
-916
-997
-1013
-866
-690
-639
-667
-623
-489
-378
-335
-308
-225
-106
-27
-19
-23
56
186
279
281
249
293
411
489
485
473
542
646
651
584
612
740
808
762
695
705
773
822
807
750
711
702
701
674
611
550
511
460
366
245
180
153
72
-69
-212
-299
-373
-481
-616
-721
-801
-904
-1048
-1190
-1222
-1221
-1325
-1473
-1529
-1515
-1528
-1569
-1594
-1598
-1600
-1590
-1535
-1491
-1476
-1411
-1319
-1257
-1196
-1087
-945
-839
-781
-695
-535
-365
-263
-189
-71
76
202
310
436
555
654
761
887
983
1058
1163
1263
1326
1390
1469
1545
1591
1621
1671
1725
1771
1806
1821
1818
1801
1782
1800
1849
1829
1711
1605
1577
1588
1532
1403
1286
1221
1122
923
732
701
728
532
147
-70
-24
-22
-265
-546
-636
-664
-802
-979
-1067
-1075
-1100
-1183
-1298
-1398
-1405
-1319
-1246
-1292
-1393
-1383
-1265
-1161
-1140
-1099
-987
-898
-895
-873
-720
-511
-391
-396
-420
-332
-135
53
134
143
173
265
396
498
550
606
694
745
721
706
795
938
967
874
822
853
897
917
896
841
791
759
718
645
596
582
536
422
297
227
199
142
20
-141
-251
-291
-366
-545
-734
-819
-860
-965
-1149
-1301
-1361
-1397
-1501
-1647
-1719
-1719
-1746
-1833
-1902
-1906
-1876
-1852
-1839
-1825
-1791
-1721
-1626
-1545
-1476
-1374
-1238
-1108
-996
-898
-777
-596
-417
-305
-206
-50
126
263
371
509
671
804
897
972
1077
1227
1360
1417
1452
1535
1639
1706
1749
1808
1873
1922
1962
1975
1952
1945
1993
2060
2075
1994
1868
1785
1796
1847
1790
1625
1500
1456
1293
973
833
1018
1080
633
52
-83
57
-75
-373
-394
-347
-816
-1543
-1610
-951
-606
-1177
-1975
-2083
-1621
-1340
-1466
-1647
-1632
-1562
-1572
-1590
-1467
-1198
-928
-845
-1022
-1206
-1004
-436
-63
-211
-491
-398
-32
183
189
256
432
498
394
337
497
763
913
820
579
452
605
863
925
743
552
515
544
527
482
487
470
325
100
-35
38
171
122
-116
-338
-379
-316
-305
-370
-445
-495
-563
-673
-751
-706
-607
-601
-756
-934
-988
-916
-824
-797
-865
-1017
-1170
-1178
-1011
-869
-941
-1157
-1258
-1171
-1029
-975
-1015
-1064
-1063
-1013
-960
-899
-809
-746
-753
-771
-706
-558
-438
-394
-399
-389
-306
-155
-28
7
6
71
191
270
307
377
507
613
638
629
700
851
987
1023
994
1011
1112
1236
1288
1285
1295
1331
1375
1408
1434
1483
1531
1544
1518
1502
1563
1670
1715
1674
1640
1669
1728
1765
1742
1664
1656
1788
1837
1539
1154
1241
1728
1806
1114
435
560
1114
1116
431
-121
-37
218
20
-487
-731
-594
-518
-808
-1229
-1369
-1181
-1005
-1149
-1534
-1747
-1546
-1229
-1259
-1569
-1662
-1392
-1177
-1297
-1457
-1297
-969
-893
-1077
-1150
-930
-642
-546
-626
-677
-568
-373
-258
-278
-278
-151
0
15
-67
-46
123
280
272
158
120
236
380
391
300
257
311
349
310
248
238
259
238
142
33
12
50
26
-103
-227
-258
-249
-303
-404
-470
-503
-544
-606
-664
-710
-738
-747
-766
-847
-940
-950
-874
-848
-949
-1082
-1112
-1013
-919
-950
-1073
-1124
-1044
-951
-912
-917
-913
-866
-801
-724
-649
-574
-473
-369
-299
-245
-144
17
167
246
290
386
520
631
706
789
889
960
996
1035
1113
1207
1259
1256
1237
1259
1314
1365
1377
1339
1288
1280
1322
1336
1279
1214
1205
1204
1158
1110
1089
1065
1019
980
946
890
835
812
812
796
742
642
545
541
631
669
497
217
147
378
537
296
-129
-237
20
171
-66
-416
-495
-344
-321
-538
-738
-716
-599
-641
-861
-1005
-925
-756
-730
-894
-1047
-985
-784
-706
-806
-875
-761
-617
-609
-661
-605
-439
-329
-360
-425
-369
-188
-47
-63
-138
-128
7
121
103
44
81
189
209
117
52
126
231
209
74
-12
20
80
63
-25
-91
-104
-115
-171
-229
-242
-233
-261
-332
-403
-427
-404
-392
-419
-473
-505
-507
-488
-473
-483
-494
-479
-446
-443
-457
-432
-360
-315
-326
-322
-268
-212
-201
-188
-125
-42
-37
-98
-106
-6
111
106
2
-43
33
137
146
69
16
55
121
128
79
58
96
138
143
119
123
155
180
186
190
212
225
223
221
246
264
264
259
262
272
262
254
260
276
276
250
222
230
263
276
255
223
226
245
261
271
254
235
242
263
281
288
276
274
291
310
337
363
375
368
382
430
485
510
501
511
574
624
615
613
669
733
702
612
587
703
796
693
486
408
527
632
515
274
166
230
280
177
0
-75
-41
-40
-152
-278
-302
-235
-214
-311
-438
-459
-368
-299
-355
-458
-473
-406
-365
-403
-446
-428
-386
-389
-444
-480
-442
-385
-397
-466
-509
-482
-433
-433
-487
-510
-482
-453
-474
-504
-482
-434
-435
-467
-466
-427
-389
-397
-409
-395
-358
-333
-326
-324
-306
-278
-249
-231
-232
-221
-179
-131
-132
-148
-127
-57
-21
-28
-29
2
44
57
64
88
125
129
121
135
170
191
184
180
192
202
198
189
177
171
175
174
141
86
58
80
103
57
-31
-81
-70
-52
-89
-142
-179
-200
-236
-255
-252
-249
-284
-343
-355
-339
-319
-331
-358
-371
-354
-338
-324
-317
-321
-315
-293
-255
-239
-238
-235
-206
-170
-147
-127
-112
-92
-72
-47
-24
17
54
67
75
97
141
185
206
212
233
270
295
306
334
375
407
400
392
430
485
517
513
508
532
591
638
651
649
664
715
772
802
803
811
855
911
943
945
943
963
987
993
986
974
972
956
902
840
803
806
777
652
489
411
436
414
241
12
-99
-94
-121
-289
-491
-598
-623
-683
-828
-960
-1012
-1023
-1090
-1213
-1298
-1291
-1250
-1266
-1339
-1389
-1354
-1271
-1230
-1249
-1249
-1172
-1071
-1023
-1022
-978
-851
-732
-700
-702
-634
-490
-379
-364
-366
-287
-157
-81
-88
-78
5
113
152
149
169
227
288
311
328
358
397
411
399
410
458
493
476
429
418
449
469
435
377
344
337
322
272
232
199
164
104
49
25
12
-30
-110
-165
-164
-146
-174
-241
-284
-279
-246
-250
-284
-295
-275
-243
-237
-248
-223
-167
-133
-140
-143
-102
-28
28
26
17
54
127
182
194
198
229
281
310
325
351
383
416
425
427
447
488
516
513
505
510
542
579
588
568
555
583
626
646
624
601
623
675
697
660
621
648
707
716
652
597
612
654
648
570
494
487
489
442
345
272
251
215
124
12
-63
-90
-135
-239
-361
-430
-446
-487
-577
-670
-717
-728
-751
-800
-849
-856
-849
-859
-876
-867
-828
-794
-793
-793
-751
-677
-622
-616
-610
-556
-467
-410
-399
-383
-328
-250
-197
-190
-184
-134
-66
-27
-29
-28
8
61
88
90
92
114
146
158
152
160
180
191
179
161
169
191
208
195
167
152
164
178
169
142
115
109
119
111
89
67
54
46
36
22
9
-5
-19
-35
-49
-57
-66
-75
-88
-97
-102
-108
-118
-122
-116
-106
-112
-126
-131
-117
-92
-77
-82
-94
-92
-71
-41
-18
-18
-27
-20
9
40
51
40
46
71
96
100
94
96
119
148
150
135
120
134
174
187
165
138
133
162
180
160
129
121
127
133
112
76
72
77
65
29
-6
-9
-10
-38
-78
-101
-101
-112
-156
-209
-220
-202
-213
-268
-336
-340
-304
-302
-353
-418
-434
-391
-373
-414
-464
-469
-431
-412
-438
-459
-433
-400
-396
-409
-398
-341
-295
-307
-321
-286
-210
-153
-150
-158
-110
-31
27
49
65
117
185
229
259
294
350
413
444
467
507
560
608
626
636
665
699
711
711
710
719
721
696
664
649
636
604
554
498
461
429
372
301
240
187
140
70
-1
-57
-106
-154
-212
-271
-315
-352
-387
-420
-445
-461
-482
-504
-509
-496
-478
-466
-469
-461
-425
-371
-328
-308
-293
-248
-174
-104
-72
-49
4
73
145
178
202
254
314
357
382
403
444
493
509
512
525
549
562
560
553
550
548
534
517
500
485
464
430
388
368
352
315
269
221
195
175
132
73
24
1
-16
-60
-125
-174
-187
-199
-249
-310
-355
-365
-367
-405
-461
-495
-492
-486
-512
-555
-571
-549
-529
-533
-561
-565
-527
-486
-473
-479
-462
-418
-375
-349
-329
-299
-247
-201
-184
-156
-113
-66
-26
-4
16
50
89
112
128
140
160
189
198
194
201
220
231
225
207
204
211
229
222
195
173
172
188
188
167
136
134
146
141
123
102
98
105
104
86
68
70
77
65
40
33
38
36
18
-1
-7
-6
-11
-28
-45
-48
-41
-49
-68
-71
-62
-57
-71
-81
-69
-54
-53
-53
-44
-25
-8
0
6
23
51
67
70
81
111
134
141
137
153
177
191
188
179
183
191
195
184
171
158
155
154
135
115
97
83
66
48
33
9
-13
-29
-46
-71
-93
-108
-123
-145
-173
-192
-208
-225
-245
-270
-298
-315
-328
-353
-375
-403
-415
-430
-455
-471
-482
-493
-503
-516
-523
-521
-514
-507
-501
-493
-473
-450
-429
-410
-380
-345
-318
-283
-246
-207
-171
-137
-97
-62
-30
0
32
66
90
118
134
153
181
199
213
219
233
244
254
258
268
276
283
286
292
305
311
321
326
334
342
354
361
370
379
385
392
400
409
422
427
426
433
437
436
437
434
436
432
431
419
411
400
390
377
357
335
320
300
270
243
213
187
157
123
87
49
18
-21
-64
-108
-143
-174
-213
-257
-300
-328
-354
-389
-420
-444
-464
-479
-497
-505
-513
-514
-508
-504
-495
-484
-459
-431
-406
-383
-360
-320
-284
-248
-221
-190
-146
-105
-75
-49
-12
21
52
65
81
103
120
133
133
130
133
139
129
114
100
91
77
59
35
10
-7
-25
-51
-74
-104
-125
-145
-168
-186
-206
-220
-233
-244
-255
-261
-260
-263
-261
-256
-244
-229
-215
-198
-187
-162
-133
-103
-81
-54
-24
11
52
79
112
145
187
219
249
277
312
349
376
406
431
462
491
514
531
550
572
591
600
608
622
632
637
633
629
626
623
613
591
565
547
529
500
459
419
379
341
299
248
197
153
105
56
0
-51
-98
-141
-183
-239
-279
-314
-343
-374
-406
-430
-451
-462
-482
-495
-498
-495
-493
-497
-502
-493
-477
-466
-461
-456
-445
-433
-416
-409
-403
-399
-387
-378
-373
-364
-357
-346
-343
-346
-340
-329
-317
-305
-304
-296
-281
-264
-248
-236
-222
-201
-179
-157
-135
-114
-80
-51
-28
-1
22
59
93
119
142
167
198
226
252
269
289
310
329
346
359
375
382
391
387
385
386
388
383
367
354
341
331
314
293
272
250
232
209
183
162
143
125
105
82
66
54
46
36
23
13
8
5
2
0
-6
-3
1
3
6
7
10
11
11
10
19
23
16
14
13
13
14
14
11
8
12
12
15
11
17
25
27
34
37
43
47
53
62
65
69
71
75
72
76
78
68
57
47
39
26
12
-10
-30
-52
-71
-94
-122
-152
-177
-200
-226
-253
-279
-295
-315
-333
-354
-364
-375
-385
-386
-390
-389
-384
-379
-376
-368
-357
-334
-320
-310
-292
-271
-250
-229
-214
-196
-172
-147
-128
-113
-96
-70
-46
-31
-18
3
28
50
70
83
97
117
139
160
170
186
209
224
235
249
269
286
294
305
318
331
345
357
362
363
375
390
396
394
393
401
405
405
399
391
385
380
371
353
330
320
308
284
258
238
222
196
169
145
113
90
66
41
9
-19
-34
-56
-87
-111
-126
-142
-164
-183
-197
-208
-215
-220
-224
-235
-240
-229
-222
-223
-217
-202
-189
-173
-158
-143
-119
-97
-70
-45
-25
1
34
56
78
103
128
151
167
187
200
218
225
230
233
228
230
224
207
189
178
164
142
109
86
56
23
0
-38
-70
-105
-133
-160
-200
-232
-256
-280
-309
-328
-346
-365
-383
-395
-408
-416
-421
-423
-418
-421
-416
-404
-404
-395
-385
-370
-354
-340
-317
-300
-273
-241
-219
-190
-165
-132
-93
-62
-32
4
44
77
117
150
183
217
249
283
308
331
355
377
389
399
412
418
419
422
424
415
406
394
384
364
348
329
309
284
258
240
211
185
157
132
102
65
45
10
-24
-56
-86
-116
-146
-176
-203
-229
-256
-278
-298
-321
-341
-356
-369
-377
-384
-387
-385
-384
-376
-370
-357
-346
-326
-306
-290
-263
-244
-220
-197
-170
-143
-122
-95
-69
-52
-32
-10
6
22
35
52
71
81
94
107
116
127
134
142
150
156
164
168
172
167
173
177
173
173
170
165
157
153
142
128
117
105
90
73
61
44
24
4
-10
-30
-49
-60
-76
-94
-105
-112
-123
-132
-142
-147
-147
-155
-155
-153
-158
-155
-149
-145
-144
-138
-128
-119
-119
-107
-100
-90
-78
-70
-54
-46
-32
-19
-5
11
27
45
61
73
90
109
121
137
154
168
183
196
210
219
228
242
248
252
252
257
256
254
250
248
244
231
227
223
204
193
186
169
148
130
113
93
74
56
39
16
-2
-20
-39
-62
-76
-84
-103
-116
-125
-134
-143
-150
-153
-155
-151
-150
-143
-139
-135
-124
-112
-101
-92
-78
-63
-52
-46
-31
-24
-14
-2
3
3
2
6
8
3
1
6
3
-5
-8
-10
-17
-18
-17
-19
-18
-15
-14
-12
-7
-3
4
13
21
31
41
47
61
69
77
85
90
96
104
105
107
113
111
107
108
106
104
97
95
97
87
82
80
72
61
58
51
44
41
35
29
20
12
8
-3
-16
-18
-25
-38
-38
-48
-58
-66
-74
-82
-89
-97
-102
-101
-112
-114
-116
-121
-121
-121
-122
-117
-117
-116
-103
-107
-104
-93
-91
-85
-77
-70
-60
-52
-46
-41
-31
-24
-17
-5
4
16
27
34
41
48
57
71
80
90
101
104
112
119
119
120
123
127
128
125
121
118
105
95
84
71
59
45
33
13
-6
-23
-41
-63
-81
-96
-111
-128
-143
-153
-160
-167
-173
-173
-179
-183
-175
-172
-172
-167
-160
-154
-147
-138
-124
-114
-100
-89
-81
-71
-57
-47
-36
-24
-16
0
11
18
33
42
47
58
67
76
83
92
102
106
111
117
122
125
126
128
131
132
135
132
130
130
127
125
116
111
108
99
95
87
81
75
69
61
50
42
34
27
19
8
1
-1
-11
-24
-26
-35
-40
-44
-52
-57
-61
-62
-65
-65
-67
-67
-65
-65
-62
-63
-60
-56
-56
-54
-53
-45
-43
-40
-35
-33
-26
-22
-18
-12
-11
-5
-2
3
6
9
15
16
20
26
25
33
37
33
37
43
46
47
52
51
54
57
55
57
57
57
56
57
57
56
57
54
52
47
40
38
31
24
19
15
7
-2
-6
-13
-18
-22
-30
-35
-43
-51
-54
-59
-67
-74
-78
-79
-85
-86
-92
-93
-92
-97
-93
-96
-94
-94
-97
-94
-91
-88
-84
-78
-70
-63
-51
-44
-35
-21
-14
-1
12
21
31
42
53
65
72
81
92
102
108
117
126
131
139
142
144
145
150
145
142
144
139
138
134
129
122
118
112
106
97
88
81
74
62
50
43
28
17
7
-8
-17
-25
-33
-41
-53
-62
-72
-78
-84
-97
-100
-108
-112
-119
-123
-120
-126
-129
-126
-126
-124
-120
-118
-114
-110
-108
-102
-103
-96
-91
-90
-84
-79
-77
-72
-68
-61
-54
-53
-44
-40
-39
-35
-33
-29
-28
-26
-22
-17
-16
-11
-12
-10
-10
-10
-8
-8
-6
-6
-8
-5
-6
-8
-7
-8
-9
-5
-7
-7
-6
-8
-5
-9
-7
-12
-12
-8
-11
-9
-7
-9
-8
-8
-8
-5
-7
-6
-8
-7
-13
-14
-10
-12
-10
-12
-10
-9
-12
-13
-12
-11
-13
-11
-10
-5
-4
-2
-5
-5
3
2
13
17
15
22
30
29
35
36
41
45
50
57
61
69
75
82
87
88
97
101
102
108
111
114
117
117
122
125
130
133
131
130
133
134
128
122
120
116
112
110
105
99
94
88
81
71
65
53
46
41
31
24
14
6
-4
-18
-24
-29
-41
-48
-54
-63
-69
-73
-81
-89
-91
-99
-105
-110
-115
-115
-122
-122
-125
-126
-127
-125
-121
-123
-119
-114
-110
-109
-102
-94
-93
-88
-82
-78
-69
-66
-60
-54
-48
-36
-29
-26
-20
-16
-10
-2
3
6
13
21
25
28
34
35
39
41
43
50
48
49
51
50
52
49
49
49
44
44
43
40
35
32
28
24
19
15
13
11
4
1
-3
-9
-11
-13
-16
-19
-24
-24
-25
-26
-28
-30
-31
-28
-28
-28
-28
-24
-20
-21
-17
-12
-7
-5
2
6
12
18
24
34
35
43
49
56
66
69
76
85
90
95
100
103
108
113
114
111
114
115
112
112
108
110
107
100
94
89
80
75
65
57
50
40
35
26
15
5
-8
-17
-28
-39
-46
-54
-65
-73
-85
-96
-102
-109
-114
-121
-127
-127
-133
-136
-137
-140
-143
-141
-140
-140
-137
-134
-129
-127
-119
-110
-105
-99
-93
-87
-77
-70
-63
-53
-46
-38
-29
-20
-14
-8
0
7
11
20
22
27
33
32
35
33
38
37
35
34
32
32
28
24
22
16
8
6
-1
-5
-12
-16
-19
-28
-29
-34
-42
-49
-54
-62
-61
-63
-66
-65
-70
-67
-68
-67
-67
-63
-60
-55
-51
-45
-36
-30
-23
-18
-7
0
11
23
30
42
50
59
66
76
84
91
101
102
113
120
125
128
131
136
138
144
147
146
147
147
144
145
142
140
135
133
127
120
118
113
105
96
91
81
74
67
54
46
36
25
17
9
1
-10
-20
-29
-38
-45
-51
-57
-64
-72
-77
-80
-87
-89
-93
-99
-97
-100
-100
-100
-103
-106
-105
-106
-104
-100
-100
-100
-98
-96
-94
-89
-86
-87
-84
-84
-79
-75
-69
-64
-64
-58
-54
-50
-45
-41
-35
-32
-28
-21
-14
-7
1
5
8
13
22
27
30
40
45
47
57
60
68
77
78
82
86
93
100
108
110
116
118
121
127
126
129
128
124
124
122
120
118
114
110
105
97
89
85
77
66
58
50
40
27
23
11
-1
-11
-20
-31
-39
-48
-57
-67
-79
-87
-90
-99
-107
-109
-119
-123
-126
-130
-133
-134
-138
-136
-133
-133
-129
-125
-117
-113
-107
-101
-92
-85
-77
-67
-57
-48
-39
-26
-16
-7
1
12
21
29
38
44
48
55
64
71
79
85
85
85
93
91
93
91
85
81
75
76
71
65
66
57
53
48
40
34
31
24
15
11
0
-7
-15
-21
-28
-33
-44
-52
-53
-57
-65
-71
-77
-82
-87
-90
-90
-100
-103
-102
-104
-103
-105
-107
-104
-102
-103
-95
-90
-84
-78
-71
-66
-60
-53
-45
-38
-30
-17
-7
1
12
23
40
51
59
70
80
90
99
108
113
117
129
138
144
149
154
157
161
163
161
161
160
157
153
146
139
137
128
116
108
97
91
78
66
53
37
27
12
-2
-13
-26
-38
-51
-69
-78
-84
-94
-100
-108
-117
-123
-131
-135
-144
-150
-151
-153
-151
-153
-147
-144
-141
-137
-131
-124
-118
-108
-103
-97
-88
-79
-69
-57
-46
-38
-25
-19
-9
7
11
21
31
35
41
50
57
59
59
62
66
69
72
72
75
71
71
70
70
67
59
56
47
47
42
38
35
26
26
23
15
11
3
-4
-4
-10
-10
-13
-15
-19
-21
-25
-30
-30
-28
-27
-28
-26
-28
-24
-21
-18
-16
-10
-10
-7
-3
1
7
9
14
16
20
23
30
34
39
47
50
55
55
58
58
60
60
58
64
64
64
65
64
67
65
63
63
56
54
49
45
43
35
34
28
25
19
14
12
6
1
-5
-11
-16
-23
-30
-35
-38
-46
-49
-51
-56
-57
-57
-59
-57
-58
-60
-64
-62
-66
-67
-63
-63
-61
-59
-57
-52
-51
-51
-43
-44
-43
-38
-38
-34
-32
-28
-23
-21
-20
-15
-13
-8
-7
-4
-1
-1
3
4
5
9
12
11
14
20
22
22
24
27
27
27
31
30
30
30
32
31
32
33
34
34
34
33
33
34
30
27
29
26
21
24
20
14
15
8
9
8
5
4
2
2
-5
-8
-9
-14
-16
-20
-23
-29
-32
-35
-38
-39
-40
-41
-39
-39
-42
-38
-41
-42
-42
-45
-44
-43
-35
-35
-30
-29
-27
-24
-17
-14
-9
-4
-2
-1
0
3
9
13
17
21
24
27
30
33
36
40
44
49
49
47
47
48
43
44
42
38
38
37
31
29
29
24
18
13
6
2
-3
-11
-11
-18
-20
-24
-29
-33
-39
-44
-45
-46
-50
-48
-53
-54
-60
-63
-62
-66
-63
-62
-64
-60
-55
-52
-51
-50
-46
-41
-38
-36
-30
-26
-22
-17
-10
-6
-2
3
9
15
19
26
31
36
40
42
48
48
49
54
54
60
62
64
67
66
69
70
67
69
71
68
68
61
59
61
56
53
50
49
47
44
39
36
30
29
26
20
19
15
7
3
2
-4
-4
-9
-10
-13
-16
-19
-22
-26
-27
-27
-32
-31
-33
-30
-31
-35
-31
-33
-32
-27
-29
-31
-26
-24
-21
-22
-20
-20
-18
-15
-14
-10
-7
-4
-2
1
1
2
6
7
10
9
13
14
14
18
16
17
16
15
17
15
14
14
12
10
6
6
5
2
-1
-3
-3
-9
-7
-8
-9
-11
-11
-12
-16
-17
-14
-19
-22
-22
-21
-19
-21
-22
-21
-21
-21
-18
-20
-15
-14
-10
-11
-11
-9
-11
-9
-9
-6
-4
-4
-3
-2
0
0
3
3
3
5
6
6
4
3
5
3
4
4
3
7
3
6
4
4
4
4
4
3
7
8
7
9
10
13
10
12
15
17
17
20
21
20
23
21
24
24
26
30
28
33
32
34
34
34
33
34
34
35
34
34
34
31
31
29
27
24
22
19
17
15
13
11
4
2
0
-6
-9
-11
-14
-18
-24
-23
-27
-29
-30
-33
-37
-39
-38
-42
-41
-42
-45
-42
-41
-41
-39
-35
-33
-35
-33
-27
-29
-26
-23
-22
-18
-15
-15
-8
-7
-6
-3
-1
0
2
5
6
9
8
11
11
9
14
10
11
12
11
10
7
9
5
3
6
1
-3
-3
-6
-9
-16
-19
-19
-21
-23
-25
-23
-25
-28
-26
-28
-29
-29
-30
-29
-26
-27
-25
-25
-24
-25
-20
-18
-15
-13
-8
-3
-5
3
5
8
8
12
19
20
26
30
31
37
39
42
45
45
47
50
48
49
55
54
54
57
58
58
53
55
52
48
47
44
43
42
39
37
32
28
29
22
21
21
13
14
9
2
2
0
-1
-7
-8
-11
-12
-15
-14
-18
-20
-23
-25
-25
-31
-30
-32
-32
-36
-36
-39
-37
-38
-40
-40
-41
-39
-42
-44
-43
-45
-42
-41
-40
-38
-39
-40
-37
-36
-35
-33
-31
-29
-24
-22
-20
-19
-14
-13
-10
-4
2
7
4
9
16
16
20
21
25
27
30
36
35
36
39
42
41
43
43
38
37
39
33
31
32
27
22
19
13
12
9
2
-1
-8
-12
-16
-20
-26
-27
-34
-35
-37
-43
-42
-46
-48
-48
-51
-53
-52
-55
-52
-51
-52
-49
-47
-45
-40
-35
-31
-26
-21
-20
-15
-10
-4
0
5
13
14
20
25
28
35
40
44
49
51
52
55
56
57
61
62
64
60
61
59
54
57
52
45
43
38
37
35
30
24
22
19
14
10
3
0
-4
-7
-12
-15
-15
-20
-23
-26
-29
-34
-35
-37
-38
-40
-42
-44
-42
-43
-46
-44
-45
-42
-40
-40
-37
-35
-35
-32
-32
-29
-24
-26
-21
-18
-17
-16
-15
-11
-10
-9
-3
-2
-3
0
1
3
2
4
7
6
9
12
13
15
17
17
18
19
19
23
23
22
25
23
20
21
22
22
23
22
18
17
16
15
15
12
13
15
11
7
7
4
1
4
1
-1
-4
-4
-4
-7
-9
-13
-11
-11
-12
-11
-14
-11
-16
-17
-16
-17
-20
-17
-13
-19
-14
-16
-15
-10
-12
-12
-6
-6
-6
-2
0
-2
1
2
3
9
12
14
15
17
20
18
18
18
18
20
22
21
22
24
24
23
23
25
27
27
24
23
20
19
18
17
11
14
12
8
9
6
6
6
4
2
2
-2
-3
-7
-11
-13
-15
-14
-17
-19
-19
-22
-23
-18
-24
-23
-24
-23
-27
-26
-26
-30
-27
-28
-22
-23
-21
-16
-19
-19
-19
-15
-17
-17
-11
-10
-7
-7
-4
-3
-3
-1
3
5
5
8
12
14
14
20
24
25
28
27
25
27
24
25
23
25
25
25
26
25
26
24
20
24
19
16
21
17
15
11
12
9
6
2
-3
-4
-3
-6
-9
-9
-16
-14
-17
-17
-15
-20
-21
-23
-25
-28
-29
-25
-27
-30
-33
-32
-30
-30
-27
-27
-28
-29
-28
-28
-24
-21
-20
-19
-18
-14
-11
-10
-4
-2
0
2
1
3
5
8
10
10
12
15
17
19
21
20
23
23
28
24
25
28
26
30
29
29
26
26
25
23
24
19
21
19
17
14
15
16
13
14
8
4
6
2
0
-4
-3
-6
-11
-9
-10
-11
-10
-12
-15
-13
-17
-15
-19
-21
-20
-21
-17
-18
-18
-11
-11
-13
-10
-15
-11
-6
-8
-2
0
-1
4
4
5
5
7
9
12
16
16
14
16
19
19
23
23
24
21
20
22
18
22
21
18
18
16
16
14
11
13
7
2
2
-2
-3
-7
-7
-10
-11
-12
-15
-19
-20
-21
-24
-23
-26
-28
-27
-30
-27
-29
-32
-26
-27
-29
-24
-26
-27
-23
-24
-23
-20
-21
-19
-16
-17
-11
-12
-13
-10
-12
-12
-6
-8
-4
-3
-2
-2
-5
-4
-3
-3
-3
2
0
1
3
2
0
-1
-1
0
0
1
3
1
1
3
0
3
4
3
5
5
6
8
6
6
10
9
11
10
10
10
10
13
10
13
13
13
16
12
16
15
15
17
21
18
18
17
16
18
17
16
16
18
19
16
18
18
15
15
14
16
13
11
14
12
10
9
8
12
8
3
6
2
3
2
1
1
-2
0
-2
-1
-2
-2
-4
-7
-6
-8
-7
-8
-7
-9
-7
-8
-5
-2
-6
-3
-6
-6
-6
-5
-5
-7
-8
-6
-9
-5
-5
-6
-1
-4
-5
-2
0
-2
2
1
0
2
1
3
0
3
5
2
2
1
-1
3
1
2
6
4
4
5
4
6
6
6
4
6
2
1
-1
-2
-3
-3
1
-5
-3
-2
-5
-6
-3
-5
-2
-5
-4
-3
-7
-2
-5
-6
-6
-6
-6
-5
-6
-2
-2
-1
3
2
5
6
8
7
7
8
9
11
10
13
17
17
20
19
16
20
21
