1
2
5
4
4
5
6
8
5
8
8
6
4
1
2
2
4
1
-1
1
-4
-2
-2
-4
0
0
3
1
-2
-1
-4
-4
-3
-1
-1
-2
-1
-2
-1
-1
0
-3
-1
-2
0
-4
-5
-5
-8
-6
-3
-5
-6
-6
-4
-3
-5
-2
-3
-6
-6
-3
-4
-2
-4
-2
-3
-3
-3
-6
-4
-3
-1
-1
-3
-5
-3
-5
-7
-4
-3
-4
-3
-2
-2
0
-5
-1
-4
-5
-2
-4
-2
-3
-3
-2
-1
1
-2
-3
-4
-1
-2
1
1
-2
-1
-3
0
-1
-4
-3
3
0
-4
-3
-5
-6
-5
-4
-5
-7
-7
-8
-5
-5
-4
-3
-4
1
-2
-2
1
-1
-2
-2
2
1
-2
0
0
-4
-4
-3
-5
-1
-2
-3
-4
-3
-4
-8
-8
-6
-5
-7
-9
-7
-7
-5
-5
-4
-6
-8
-6
-5
1
-4
-2
1
-2
-3
1
3
-3
-1
-1
-3
0
1
1
-1
3
0
-1
2
1
0
0
-2
-1
2
0
-1
1
1
-5
-2
-3
0
-2
-4
-2
-4
1
-2
0
5
2
0
-1
0
3
0
2
3
1
3
3
0
3
5
5
5
5
2
4
2
2
3
2
4
0
2
4
1
3
4
2
3
2
5
7
7
4
3
7
7
9
7
10
11
10
11
9
9
8
8
11
11
6
9
11
7
8
5
4
4
8
5
5
8
7
7
6
7
6
6
7
6
9
7
5
3
5
5
7
3
2
3
2
5
6
6
6
8
6
4
2
4
1
0
0
-1
1
0
2
4
0
-3
1
3
-1
-2
-1
-5
-5
0
-2
-1
-5
-5
-1
-4
-4
-5
-6
-5
-3
-3
-3
-3
-2
0
-2
-3
-3
-4
-4
-5
-6
-2
-8
-7
-5
-4
-3
-4
-5
-7
-7
-6
-6
-8
-9
-8
-5
-4
-7
-7
-8
-10
-7
-7
-10
-10
-8
-10
-10
-10
-10
-10
-10
-8
-9
-6
-7
-8
-8
-10
-8
-9
-9
-8
-10
-11
-11
-7
-9
-11
-11
-9
-11
-12
-9
-13
-10
-8
-9
-9
-11
-6
-6
-5
-7
-6
-3
-6
-6
-8
-8
-8
-8
-4
-2
-3
-5
-5
-4
-5
-5
-4
-6
-5
-9
-4
-1
-4
-4
-4
-4
-5
-4
0
-3
-3
1
-1
-5
-1
-1
-1
0
-2
-1
-3
-6
-3
-2
-2
0
-1
-4
-5
-3
-2
-5
-3
-3
-3
-3
-8
-6
1
-2
0
0
-3
-1
0
-2
0
-1
0
-5
-5
-2
-2
0
-3
-2
-3
-1
1
2
-1
-3
-2
-3
-2
-1
-1
-2
-2
-5
-4
1
-3
-4
1
-2
0
-1
-1
-1
0
2
0
2
3
2
2
1
3
-1
1
2
-2
2
-1
-4
1
1
-3
1
-1
1
1
0
0
3
1
-1
-2
-2
0
-3
1
3
1
2
4
1
3
6
2
4
4
3
5
4
4
5
4
6
7
4
5
2
2
5
3
6
4
5
3
6
3
2
8
7
4
4
4
3
4
3
4
5
6
4
6
6
4
5
4
3
2
4
1
5
8
2
-1
1
1
1
3
-1
-1
-1
-2
-3
-1
0
0
-2
0
0
-1
-1
-1
-3
0
-1
0
0
-2
-1
2
-2
-3
1
-1
2
-1
0
-1
-1
-2
-2
1
-1
-1
-1
2
1
2
4
3
2
0
1
1
-1
1
-2
2
1
-2
-1
0
2
-1
1
2
3
0
-5
0
0
2
-1
-2
-1
-1
-1
-3
-1
-1
1
1
-3
-2
-3
-4
-4
-6
-5
-3
-5
-4
-4
-5
-4
-2
-1
-3
-5
-5
-5
-4
-2
-6
-5
-3
-2
-2
-1
0
1
-1
0
-2
-3
0
1
2
-3
-2
-1
-1
-2
-6
-3
-3
-2
-1
-2
-1
-3
-3
-2
-1
-1
-2
-1
-2
-2
-1
1
3
2
1
1
3
1
0
-1
0
-1
-3
-1
1
0
0
0
1
-1
-2
1
0
-1
-1
-2
-3
1
-1
-1
-3
-2
-2
-2
-5
-7
-1
-3
-4
-2
-4
-2
-3
-3
-2
-2
-3
-1
0
-2
-2
-3
-1
-2
-3
2
0
0
2
3
2
3
-2
-2
3
2
1
4
5
3
6
7
3
4
5
6
4
3
4
3
2
5
5
4
2
3
5
5
2
0
4
5
3
6
5
1
3
4
5
5
3
6
3
3
6
4
6
4
4
4
3
1
4
2
3
5
3
0
-1
0
0
2
0
1
3
3
4
8
5
4
6
0
5
3
1
1
0
3
-1
2
-1
0
5
1
3
1
1
2
1
2
2
2
1
3
4
7
7
3
3
4
3
2
2
1
6
5
4
7
3
4
4
7
4
5
5
1
4
-1
2
1
5
3
0
4
1
1
3
6
5
3
3
3
3
4
3
4
4
1
-1
-1
-1
-1
1
-2
-2
-2
-3
-2
-1
-1
-2
-2
0
-2
-2
-1
-2
2
3
-1
2
2
3
1
-5
0
0
-2
0
0
-2
-4
0
0
-3
-1
-1
-2
-4
0
-4
-6
-1
-2
-2
1
-1
-2
0
-1
-2
-6
-6
-4
-4
-3
-2
-2
-2
-3
-1
-2
-2
-1
-5
-4
-3
-6
-5
-8
-8
-4
-6
-5
-5
-7
-6
-4
-3
-7
-2
-2
-7
-3
-5
-9
-9
-4
-5
-6
-7
-3
-4
-3
0
-1
-5
-2
3
3
1
0
5
9
10
9
4
6
14
16
12
8
9
15
15
11
11
7
8
9
11
15
8
6
4
9
5
2
4
0
4
1
-2
-1
-2
-1
0
5
-1
-7
-9
-2
2
-2
-9
-10
-1
-1
-1
-5
-6
-5
1
2
-5
-9
-5
6
11
0
-11
-4
12
14
-1
-5
4
12
12
7
8
10
8
11
13
15
15
10
13
22
24
23
25
23
27
22
22
30
35
28
21
21
29
34
27
22
21
23
20
16
21
27
19
7
4
13
23
24
14
6
4
6
13
19
12
1
-4
9
19
13
3
7
14
11
6
8
12
7
2
5
13
17
9
3
7
12
3
8
20
15
3
0
19
31
21
8
13
30
30
16
12
27
38
28
19
29
44
45
30
26
38
54
55
46
39
38
50
66
74
60
40
37
58
76
71
56
41
40
54
65
66
47
27
36
48
48
37
29
30
33
24
18
19
28
27
12
7
16
30
16
5
21
35
25
1
10
46
50
25
5
23
48
44
23
26
40
41
30
23
35
41
27
11
19
39
40
19
7
9
17
17
15
10
4
-11
-17
-16
-10
-9
-20
-28
-34
-35
-31
-34
-38
-33
-24
-25
-46
-62
-46
-9
2
-31
-69
-67
-32
-16
-29
-40
-46
-62
-72
-58
-25
-25
-61
-96
-92
-55
-38
-63
-91
-89
-67
-59
-67
-70
-53
-43
-51
-51
-32
-18
-23
-26
-11
9
11
0
8
20
16
16
23
19
11
6
11
19
22
6
-18
-17
3
16
-3
-29
-37
-32
-35
-38
-32
-31
-51
-74
-82
-62
-30
-33
-65
-98
-92
-40
-8
-49
-117
-121
-75
-79
-122
-76
30
-72
-415
-513
-40
412
55
-782
-916
-89
533
31
-862
-840
-61
239
-308
-727
-344
150
-63
-634
-616
54
440
31
-536
-426
185
469
185
-103
42
346
352
171
193
455
595
423
209
264
536
686
548
333
315
466
572
513
406
385
432
426
347
308
351
392
325
183
115
153
190
150
56
-17
-79
-152
-185
-183
-208
-292
-350
-405
-617
-846
-701
-239
-143
-809
-1506
-1254
-300
80
-646
-1409
-1155
-342
-85
-488
-685
-315
13
-129
-275
143
780
858
418
247
756
1400
1574
1548
1795
1905
1147
428
1550
3853
4096
1241
-997
701
3959
4104
1233
-233
1256
2464
1255
-178
597
2121
1584
-714
-1910
-631
1218
1104
-860
-2315
-1808
-609
-555
-1367
-1616
-1227
-1395
-2260
-2521
-1614
-677
-921
-2041
-2733
-2301
-1264
-689
-1022
-1652
-1829
-1542
-1262
-1063
-674
-336
-584
-1185
-1310
-666
155
449
107
-444
-612
-181
480
797
642
342
164
123
242
604
991
933
356
-209
-222
275
711
603
-22
-696
-883
-522
-87
-113
-641
-1188
-1356
-1169
-944
-877
-947
-1137
-1374
-1461
-1228
-785
-503
-597
-886
-907
-445
165
493
477
428
530
757
1148
1678
2177
2430
2196
1382
798
1960
4354
4929
2251
-432
795
4309
5074
2215
218
1651
3238
1960
18
733
2782
2466
-228
-1909
-710
1397
1538
-413
-2149
-1955
-770
-547
-1375
-1776
-1321
-1335
-2385
-3044
-2160
-831
-891
-2244
-3160
-2757
-1718
-1082
-1224
-1804
-2148
-1952
-1630
-1430
-1054
-548
-599
-1295
-1667
-1062
-40
435
131
-434
-658
-356
253
752
839
506
60
-106
150
668
1072
958
229
-491
-381
358
754
364
-357
-810
-823
-550
-295
-258
-499
-958
-1381
-1354
-824
-379
-454
-943
-1318
-1142
-523
24
125
-14
-35
115
456
944
1498
1793
1716
1822
2395
2650
1767
1218
2983
5400
4696
1011
-497
2808
6388
5043
811
-67
2882
4172
1810
-48
1445
3193
1756
-1223
-1809
541
2292
930
-1863
-2860
-1422
5
-496
-1956
-2360
-1659
-1686
-2726
-2983
-1782
-853
-1782
-3378
-3597
-2384
-1246
-1242
-2051
-2727
-2588
-1913
-1517
-1438
-1239
-1038
-1293
-1749
-1539
-568
262
170
-529
-885
-489
253
761
813
557
264
175
353
701
1071
1242
855
25
-336
282
1058
918
-2
-717
-693
-314
-206
-377
-499
-684
-1151
-1545
-1268
-545
-272
-832
-1617
-1653
-877
-121
49
-249
-461
-206
361
940
1350
1550
1592
1742
2195
2669
2969
2802
2266
2534
3989
4908
3538
1526
1933
4400
5413
3190
863
1749
3875
3409
951
408
2069
2488
536
-1198
-528
1049
941
-844
-2235
-1883
-821
-729
-1783
-2655
-2400
-1921
-2302
-3061
-2968
-2134
-1991
-2924
-3621
-3125
-2195
-1990
-2455
-2834
-2766
-2322
-1911
-1859
-1928
-1722
-1408
-1425
-1508
-1106
-431
-157
-399
-604
-366
111
467
603
604
543
431
486
843
1134
1034
741
537
446
472
629
578
279
10
-213
-410
-429
-246
-256
-619
-989
-1158
-988
-686
-671
-909
-1088
-948
-694
-461
-180
14
167
369
689
1088
1371
1717
2130
2388
2498
2789
3251
2929
2267
3018
4920
5281
2806
787
2456
5614
5455
1903
305
2545
4196
2337
58
861
2612
1809
-746
-1750
-157
1295
400
-1760
-2794
-1924
-881
-1142
-2307
-2898
-2392
-2144
-2902
-3527
-2822
-1793
-2252
-3599
-3919
-2936
-2042
-2086
-2564
-2896
-2808
-2331
-1908
-1778
-1687
-1449
-1388
-1620
-1557
-843
-87
-18
-451
-650
-297
239
627
796
690
350
157
537
1118
1192
793
482
434
347
286
439
552
354
-254
-799
-700
-192
-13
-550
-1159
-1291
-1134
-877
-761
-826
-982
-1084
-957
-707
-274
139
249
245
327
837
1596
2080
2151
1927
2146
3025
3972
3904
2456
1893
3820
6140
5349
1909
814
3767
6445
4677
926
846
3776
4386
1441
-496
1339
3206
1671
-1347
-1935
253
1502
-50
-2375
-2804
-1405
-682
-1647
-2925
-2868
-1946
-2071
-3289
-3796
-2715
-1675
-2393
-3802
-3920
-2740
-1953
-2302
-2873
-2922
-2507
-2096
-2020
-2033
-1725
-1260
-1251
-1605
-1514
-753
-49
-33
-441
-529
-95
420
679
721
609
420
473
801
982
853
712
734
626
260
95
390
708
371
-455
-795
-364
92
-126
-734
-1011
-874
-688
-715
-748
-602
-518
-599
-628
-328
191
542
604
564
829
1527
2108
2205
2051
2234
2969
3706
3988
3383
2285
2443
4446
6101
4690
1544
981
3820
5970
4053
815
976
3432
3485
658
-489
1643
2944
858
-2009
-1993
318
1252
-439
-2606
-2837
-1570
-1038
-1883
-2816
-2647
-2067
-2469
-3574
-3747
-2468
-1562
-2541
-4064
-4032
-2701
-1920
-2270
-2789
-2854
-2587
-2296
-2162
-1962
-1528
-1203
-1412
-1845
-1654
-744
45
1
-581
-760
-247
380
614
580
542
443
298
375
700
894
802
587
236
-122
-92
343
597
167
-614
-966
-610
-102
-140
-633
-1004
-1010
-854
-672
-471
-342
-382
-528
-527
-139
529
1004
1022
845
1056
1794
2508
2675
2447
2559
3233
3971
4139
3254
2184
2861
5210
6134
3636
674
1370
4809
5938
2780
-184
1078
3690
2802
-319
-595
1927
2436
-461
-2884
-1746
800
867
-1615
-3479
-2901
-1429
-1316
-2470
-3214
-2821
-2408
-3041
-3936
-3625
-2296
-1950
-3380
-4628
-3961
-2418
-2004
-2748
-3286
-3119
-2663
-2374
-2260
-1995
-1585
-1464
-1808
-2024
-1461
-455
33
-385
-980
-841
-100
438
447
327
339
234
16
112
601
907
614
3
-402
-301
155
416
91
-585
-981
-810
-420
-267
-474
-832
-1028
-959
-717
-389
-110
-97
-305
-336
6
568
1092
1341
1340
1392
1819
2434
2800
2901
3028
3360
3772
4119
4113
3309
2486
3396
5640
5984
3044
490
2013
5468
5631
1977
-226
1742
3849
2163
-656
-102
2283
1909
-1180
-2794
-1070
1022
404
-2067
-3421
-2520
-1250
-1480
-2651
-3113
-2565
-2369
-3190
-3895
-3216
-1870
-1962
-3596
-4471
-3400
-1972
-1929
-2729
-3110
-2842
-2408
-2161
-1972
-1653
-1353
-1399
-1751
-1777
-1073
-152
97
-447
-885
-549
140
515
498
444
432
217
18
306
875
949
373
-143
-220
9
307
385
93
-457
-845
-757
-311
64
-133
-738
-1000
-703
-203
106
185
107
-7
158
597
1138
1581
1730
1686
1738
2217
2929
3374
3465
3349
3364
3757
4429
4642
3525
2370
3394
5782
5957
2803
419
2265
5654
5347
1349
-544
1990
4072
1821
-1307
-457
2241
1742
-1635
-3262
-1267
883
-53
-2757
-3845
-2529
-1326
-1920
-3231
-3565
-2858
-2603
-3437
-4211
-3560
-2194
-2316
-3931
-4658
-3453
-2096
-2240
-3111
-3376
-2929
-2398
-2230
-2206
-1938
-1514
-1468
-1832
-1819
-1122
-331
-114
-553
-971
-677
101
467
253
141
243
147
2
187
477
471
233
-73
-365
-396
-81
218
89
-567
-1175
-983
-213
81
-499
-1037
-898
-464
-158
-51
43
181
232
271
636
1446
1962
1758
1566
1968
2754
3265
3394
3574
3854
3946
3778
4044
4598
4100
3097
3607
5416
5431
2643
816
2798
5793
4936
901
-507
2236
4024
1575
-1238
-212
2036
1124
-1973
-2884
-736
729
-776
-3201
-3664
-2286
-1417
-2105
-3332
-3676
-3075
-2766
-3364
-3970
-3431
-2429
-2683
-4026
-4424
-3159
-2040
-2443
-3360
-3407
-2743
-2264
-2169
-2117
-1913
-1650
-1593
-1684
-1529
-919
-277
-221
-650
-829
-289
438
582
291
198
385
376
308
627
848
438
-75
67
481
332
-180
-345
-23
121
-431
-997
-701
36
-45
-892
-1189
-598
47
43
-339
-356
127
547
578
780
1310
1584
1559
1773
2356
2814
2966
3123
3543
3963
3781
3484
4026
4625
3915
2931
3848
5600
4998
2243
1138
3494
5780
4075
528
146
2839
3577
920
-826
525
1876
409
-1966
-2005
-283
296
-1286
-3049
-3011
-1948
-1615
-2347
-3112
-3200
-2945
-2898
-3345
-3666
-3110
-2453
-2935
-4005
-3970
-2827
-2226
-2643
-3167
-3156
-2699
-2240
-2034
-1990
-1896
-1672
-1556
-1561
-1315
-723
-156
-199
-637
-615
125
867
797
392
524
886
871
759
1065
1277
831
388
502
854
895
450
57
138
313
-22
-497
-317
19
-259
-826
-950
-480
-93
-238
-560
-503
-61
186
209
476
875
1048
987
1174
1883
2567
2751
2548
2566
3228
3972
4043
3583
3648
4306
3999
2942
3362
5357
5860
3158
622
2068
5541
5640
1650
-578
1859
4129
2083
-1037
-352
2237
1780
-1456
-2995
-1076
890
-118
-2675
-3755
-2633
-1438
-1841
-3166
-3792
-3173
-2664
-3350
-4337
-3950
-2514
-2394
-4043
-4997
-3816
-2272
-2312
-3348
-3786
-3284
-2597
-2311
-2329
-2175
-1796
-1600
-1753
-1841
-1232
-251
100
-372
-809
-336
607
1022
808
644
883
910
668
946
1613
1627
765
151
406
969
1182
720
97
-126
-139
-153
-63
92
-245
-908
-1072
-675
-210
-196
-558
-841
-735
-248
84
233
393
478
633
929
1447
1868
2035
2285
2524
2866
3227
3488
3674
3747
4016
3699
2951
3443
5158
5837
3681
1273
1956
4841
5915
3071
293
1388
3825
3100
78
-272
1972
2319
-407
-2677
-1569
672
491
-1950
-3661
-2994
-1743
-1849
-2952
-3642
-3354
-3063
-3574
-4333
-4243
-3153
-2678
-3882
-5129
-4593
-3056
-2604
-3381
-3929
-3737
-3194
-2850
-2751
-2471
-2042
-1818
-2042
-2177
-1548
-494
64
-318
-820
-500
419
1025
926
747
974
1147
920
941
1559
1788
1096
543
788
1072
891
473
248
335
157
-535
-826
-154
134
-859
-1719
-1407
-703
-627
-1110
-1435
-1213
-756
-760
-924
-422
251
180
-135
251
1206
1859
1795
1630
2004
2886
3513
3435
3259
3562
4357
4283
3052
3117
5253
6618
4476
1354
1813
5303
6963
3894
334
1333
4380
4008
643
-161
2221
2895
172
-2459
-1595
902
998
-1570
-3689
-3232
-1796
-1654
-2771
-3765
-3687
-3261
-3552
-4356
-4466
-3364
-2709
-3931
-5450
-4999
-3232
-2550
-3404
-4260
-4152
-3387
-2724
-2584
-2532
-2192
-1898
-1936
-1971
-1366
-306
266
-47
-594
-334
687
1432
1475
1253
1324
1451
1271
1375
2053
2447
1808
746
447
945
1617
1665
667
-404
-582
-75
230
-34
-577
-1217
-1486
-1270
-1053
-962
-1044
-1312
-1583
-1528
-1014
-489
-276
-421
-643
-272
570
1194
1363
1318
1632
2168
2511
2854
3435
4018
3939
3828
4006
3565
3444
4995
6791
5629
2173
1291
4460
7453
5609
1196
667
3962
4967
1660
-421
1812
3558
1137
-2441
-2402
535
1547
-866
-3733
-3960
-2338
-1651
-2571
-3786
-4041
-3699
-3846
-4607
-4934
-3938
-2881
-3763
-5673
-5817
-3952
-2608
-3121
-4249
-4495
-3806
-2956
-2564
-2434
-2099
-1844
-1953
-2089
-1560
-283
605
321
-510
-545
576
1644
1832
1457
1291
1552
1590
1441
1756
2403
2332
1319
570
615
1234
1787
1375
63
-972
-721
55
235
-375
-1361
-1836
-1588
-1128
-1067
-1334
-1475
-1674
-1787
-1536
-924
-357
-323
-578
-585
84
1023
1637
1671
1473
1930
2642
3226
3712
4074
4158
4085
4605
4341
3402
4302
6662
7233
4021
1112
2777
6805
7712
3403
34
2167
5276
3913
62
104
2939
2792
-765
-3193
-1344
1356
705
-2553
-4771
-3719
-1850
-1908
-3492
-4663
-4323
-3807
-4248
-5169
-5057
-3531
-3085
-4939
-6445
-5285
-3041
-2581
-3783
-4631
-4312
-3296
-2502
-2271
-2171
-1881
-1633
-1708
-1622
-769
472
994
333
-384
118
1556
2474
2083
1500
1623
1906
1734
1787
2574
2867
1943
700
424
1348
2111
1561
70
-916
-650
-54
-53
-642
-1303
-1760
-1976
-1895
-1665
-1539
-1702
-2204
-2624
-2279
-1408
-932
-1092
-1325
-1181
-615
297
937
997
1105
1490
2084
2648
3116
3562
3967
4435
4498
4674
4780
4025
4141
6161
7797
5798
2004
1931
5884
8551
5608
805
993
4682
5283
1523
-450
1964
3407
668
-2910
-2589
535
1293
-1576
-4697
-4731
-2710
-1899
-3066
-4660
-5035
-4487
-4375
-5015
-5331
-4337
-3328
-4337
-6221
-6039
-3870
-2529
-3211
-4436
-4624
-3669
-2502
-2027
-2052
-1884
-1584
-1499
-1371
-698
393
1212
993
87
-9
1296
2746
2835
2010
1635
1971
2298
2154
2328
2892
2705
1492
387
694
1802
2105
926
-802
-1253
-455
37
-519
-1410
-1860
-2157
-2334
-2283
-2052
-1831
-2118
-2822
-3152
-2281
-1129
-980
-1509
-1766
-1099
-62
759
889
648
1200
2055
2628
2815
3127
3861
4363
4789
4810
4938
5053
4183
4325
6373
8071
6137
2164
1964
5764
8509
5805
859
774
4389
5244
1504
-904
1408
3193
760
-3143
-3390
-134
1211
-1399
-4915
-5425
-3306
-2094
-3067
-4876
-5418
-4637
-4358
-5117
-5697
-4752
-3432
-4141
-6109
-6289
-4159
-2458
-2983
-4357
-4633
-3630
-2340
-1794
-1887
-1736
-1269
-969
-923
-548
508
1461
1495
648
317
1513
2943
3131
2326
1849
2136
2440
2512
2463
2457
2341
1736
1007
706
1016
1258
783
-270
-1329
-1512
-885
-539
-1234
-2408
-3045
-2980
-2422
-2135
-2453
-2884
-3118
-2991
-2514
-1705
-1229
-1382
-1514
-1177
-331
522
1152
1481
1614
1925
2343
3096
3951
4430
4524
4610
5197
5640
5917
5707
4544
4596
6743
8489
6447
2382
2086
5881
8487
5543
608
659
4359
5064
1068
-1439
948
2818
319
-3631
-3836
-642
479
-2260
-5520
-5672
-3540
-2622
-3886
-5675
-5845
-4768
-4542
-5540
-6143
-4946
-3434
-4113
-6152
-6201
-3817
-2182
-2855
-4183
-4237
-2994
-1741
-1381
-1555
-1323
-750
-498
-475
-85
913
1860
1873
1016
698
1766
3100
3156
2266
1857
2173
2424
2173
2048
2375
2205
1190
186
138
723
850
22
-1442
-2224
-1813
-1247
-1496
-2385
-3027
-3341
-3287
-2989
-2846
-2769
-2905
-3267
-3400
-2651
-1411
-1021
-1386
-1658
-1132
193
1225
1558
1474
1554
2242
3099
3764
4097
4226
4569
4980
5464
5805
5971
6291
5449
4030
4936
7852
8568
4580
934
2677
7194
8020
3041
-795
1531
5002
3411
-1166
-1449
1815
2049
-1888
-4913
-3059
134
-352
-3895
-6305
-5156
-2955
-2828
-4632
-5966
-5358
-4270
-4488
-5595
-5619
-3888
-2807
-4278
-6003
-4998
-2385
-1452
-2677
-3700
-3195
-1796
-847
-904
-1022
-490
123
93
-132
511
1808
2470
1827
726
869
2326
3263
2790
1869
1702
1914
1805
1672
1586
1674
1442
467
-393
-603
-196
-38
-533
-1661
-2990
-2858
-1787
-1522
-2389
-3555
-3836
-3400
-2670
-2455
-2851
-2803
-2754
-2826
-2375
-1310
-432
-524
-833
-711
201
1714
2378
2124
1844
2288
3459
4232
4413
4252
4282
4972
5592
5986
5729
5485
5632
4731
4326
5852
7675
6460
2412
1044
3950
7264
5777
545
-814
2533
4215
881
-2270
-522
1699
-52
-3923
-4851
-1933
-125
-2254
-5685
-6281
-4138
-2844
-3797
-5378
-5662
-4723
-4183
-4817
-5453
-4600
-2897
-2904
-4745
-5206
-3193
-1318
-1541
-2668
-2933
-2072
-882
-407
-532
-328
222
367
214
453
1237
2101
2192
1422
692
1105
2407
2909
2186
1176
932
1186
1299
1498
1338
694
-128
-728
-760
-477
-215
-883
-2154
-2741
-2528
-1931
-1768
-2296
-3122
-3505
-3074
-2497
-2202
-2269
-2480
-2536
-2327
-1775
-935
-219
-202
-509
-414
546
1879
2462
2215
1990
2468
3234
3884
4303
4269
4126
4336
4847
5273
5466
5320
5002
4595
3975
4350
5859
6464
4261
1406
1748
4382
5564
3210
229
499
2240
1839
-520
-1055
633
659
-1846
-4034
-3322
-1072
-813
-2962
-4973
-4761
-3319
-2870
-3576
-4313
-4303
-3874
-3931
-4334
-4143
-3011
-2177
-2952
-4209
-3898
-2139
-969
-1369
-2280
-2402
-1574
-739
-541
-556
-262
7
-151
-265
118
877
1384
1136
475
133
620
1460
1776
1290
454
141
553
1137
1083
221
-432
-172
205
-273
-1089
-1166
-665
-650
-1542
-2485
-2227
-1090
-899
-2034
-2970
-2514
-1451
-1165
-1624
-1992
-1645
-1079
-1010
-883
-202
540
463
-47
361
1622
2600
2519
1928
2062
2944
3745
3929
3737
3830
4054
4152
4347
4671
5109
5379
5315
4311
2494
2682
5836
8196
5470
-157
-1216
3813
7950
4949
-1259
-1801
2704
4028
-246
-3135
-268
2704
275
-4723
-5506
-1290
1458
-1046
-5346
-6213
-3598
-1585
-2323
-4313
-4844
-3657
-3054
-4087
-4866
-3372
-1284
-1800
-4401
-5263
-2879
-363
-530
-2402
-3314
-2318
-959
-538
-756
-672
-276
-422
-853
-752
246
1513
1604
272
-988
-393
1491
2343
1523
203
-278
174
855
1233
1017
429
-287
-766
-628
-42
304
-203
-1200
-1952
-1929
-1153
-503
-837
-1939
-2585
-2222
-1400
-884
-1067
-1567
-1773
-1518
-987
-341
245
308
-104
-249
429
1632
2347
2110
1475
1556
2621
3573
3622
3123
3020
3582
4156
4216
3836
4002
4986
5586
4684
2448
1635
4319
7813
7005
1490
-1777
1646
7005
6722
842
-2281
954
4237
1822
-2365
-1420
2367
1996
-2862
-5673
-2740
1311
740
-3555
-6062
-4465
-1915
-1635
-3282
-4386
-3864
-3073
-3572
-4601
-3946
-1833
-1267
-3491
-5470
-4177
-1241
-254
-1823
-3541
-3329
-1797
-867
-1006
-1185
-878
-812
-1253
-1349
-557
757
1230
127
-1140
-813
800
1700
1157
339
165
307
328
604
1233
1379
398
-811
-799
395
1181
391
-981
-1496
-1103
-565
-505
-748
-1105
-1549
-1896
-1870
-1195
-556
-775
-1590
-2076
-1575
-551
110
23
-471
-630
-141
662
1277
1503
1398
1117
1265
2163
2983
3024
2668
2522
2821
3472
3904
3798
3781
4266
4741
4567
3284
1839
2873
6438
7743
3617
-1249
-194
5514
7889
3258
-1935
-663
3768
3518
-985
-2268
1254
2910
-913
-5213
-4083
429
1660
-1943
-5719
-5527
-2603
-1123
-2482
-4428
-4538
-3398
-3226
-4182
-4411
-2825
-1392
-2663
-5128
-5172
-2429
-324
-1156
-3246
-3911
-2583
-995
-705
-1134
-1246
-1018
-952
-1083
-726
297
1153
839
-377
-820
275
1796
2102
1071
257
423
934
1216
1364
1426
993
177
-348
5
920
1058
-16
-1216
-1453
-850
-311
-412
-1125
-1830
-2023
-1847
-1488
-1118
-1082
-1519
-2010
-1955
-1334
-612
-270
-396
-658
-665
-162
667
1272
1322
1105
1161
1660
2325
2755
2932
3035
2944
2785
3141
4112
4658
4131
3633
4318
5383
4624
2165
1858
5542
8574
5538
-627
-1439
4407
8558
4830
-1563
-1727
3169
4468
61
-2794
93
3053
374
-4688
-5171
-787
1861
-950
-5417
-6216
-3347
-1158
-2145
-4466
-5066
-3675
-2920
-4133
-5104
-3645
-1453
-1964
-4809
-5843
-3326
-412
-582
-3045
-4262
-2941
-1045
-606
-1256
-1400
-875
-640
-981
-1048
-42
1277
1332
-17
-925
47
1797
2285
1301
379
517
1040
1128
1140
1426
1400
540
-455
-410
584
1181
356
-1149
-1733
-1173
-530
-614
-1223
-1810
-2091
-2082
-1958
-1630
-1286
-1461
-2070
-2311
-1733
-908
-545
-747
-1033
-820
-196
351
644
886
1153
1292
1364
1609
2238
2916
3087
2826
2653
2915
3403
3804
3954
3904
3959
4230
4704
4752
3350
1690
2766
6376
7437
3068
-1652
-222
5644
7593
2421
-2643
-792
3877
3292
-1557
-2791
877
2546
-1277
-5411
-4134
249
1240
-2470
-5950
-5283
-2308
-1153
-2802
-4712
-4565
-3132
-2882
-4135
-4507
-2759
-1233
-2539
-4925
-4746
-2051
-254
-1314
-3283
-3509
-1996
-700
-830
-1350
-1161
-671
-619
-988
-821
238
1225
939
-428
-875
448
1933
1894
658
8
565
1346
1376
720
453
843
907
175
-582
-286
596
588
-643
-1969
-1815
-493
-36
-1123
-2426
-2420
-1563
-1181
-1478
-1891
-1695
-1325
-1535
-1741
-1140
-165
-132
-879
-1019
-101
1104
1425
869
548
1135
2065
2434
2286
2174
2461
2902
3059
2939
2939
3317
3554
3401
3258
3507
4028
4335
4366
3589
1939
1500
3991
6969
5632
506
-1919
1831
6719
5561
-155
-2247
1443
4031
989
-2562
-1017
2493
1649
-3071
-5139
-1947
1582
488
-3613
-5483
-3594
-1205
-1279
-3160
-4095
-3249
-2430
-3129
-4211
-3446
-1474
-1243
-3422
-4951
-3502
-992
-456
-2065
-3478
-3024
-1611
-961
-1257
-1357
-944
-825
-1259
-1520
-751
666
1221
179
-1123
-829
820
1936
1501
440
167
660
1106
1259
1254
1141
850
462
268
442
761
716
265
-238
-771
-952
-431
73
-325
-1378
-1965
-1640
-900
-603
-1183
-1810
-1722
-1294
-1067
-967
-736
-597
-716
-862
-592
239
887
699
161
245
991
1572
1553
1343
1577
1985
1996
1803
2013
2617
2874
2573
2297
2648
3408
3784
3774
3533
2558
1401
2285
5449
6763
3280
-1184
-469
4821
7203
3036
-1703
-447
3710
3396
-802
-1924
1450
3093
-445
-4469
-3560
525
1801
-1427
-4841
-4634
-2132
-1034
-2361
-3891
-3823
-2888
-2988
-4215
-4459
-2745
-1289
-2516
-4952
-5130
-2788
-894
-1439
-3231
-3884
-2857
-1628
-1442
-1689
-1435
-1062
-1175
-1503
-1261
-181
979
1023
-165
-897
7
1535
2134
1585
908
773
1140
1660
1992
2113
1851
1252
843
947
1416
1634
1287
529
-218
-288
147
392
23
-775
-1371
-1530
-1253
-987
-1191
-1681
-2138
-2159
-1802
-1472
-1372
-1524
-1612
-1581
-1407
-1027
-645
-313
-236
-337
-269
123
820
1304
1317
1085
1093
1696
2271
2443
2428
2480
2729
2950
3153
3325
3497
3765
3986
4441
4650
3404
1633
2290
5862
7658
4109
-875
-629
4792
7694
3634
-1615
-840
3577
3795
-542
-2245
952
3024
-277
-4658
-4062
157
1672
-1644
-5357
-5199
-2514
-1241
-2573
-4388
-4508
-3411
-3132
-4155
-4605
-3178
-1784
-2749
-4867
-5004
-2683
-767
-1352
-3136
-3630
-2362
-1008
-795
-1096
-976
-583
-535
-742
-464
579
1611
1488
327
-214
828
2251
2506
1752
1163
1213
1549
1848
2099
2289
2051
1128
383
775
1714
1804
750
-403
-778
-341
163
-86
-859
-1462
-1730
-1833
-1796
-1609
-1606
-1999
-2597
-2880
-2433
-1709
-1510
-1845
-2131
-1971
-1417
-838
-565
-581
-511
-197
151
480
801
1112
1423
1564
1553
1624
2044
2622
2762
2489
2307
2585
3083
3216
2952
2849
3307
3865
3934
3774
3314
2174
1611
3432
6129
5408
916
-1802
1220
6005
5520
181
-2408
816
3774
1360
-2347
-1501
1849
1573
-2702
-5028
-2316
1182
361
-3590
-5477
-3617
-1239
-1343
-3215
-4181
-3338
-2402
-2940
-3935
-3354
-1598
-1223
-2993
-4412
-3275
-919
-220
-1713
-3100
-2571
-1026
-378
-856
-1155
-746
-415
-650
-886
-354
726
1158
418
-466
-204
975
1748
1491
751
468
824
1201
1307
1343
1436
1328
798
183
111
883
1618
1075
-452
-1414
-815
537
865
-437
-1995
-2105
-1076
-484
-869
-1581
-1883
-1783
-1765
-1837
-1507
-866
-874
-1683
-2088
-1315
-101
307
-376
-1097
-718
404
974
690
435
706
1118
1239
1192
1420
1929
2118
1729
1439
1857
2539
2703
2375
2208
2497
2933
3144
3274
3528
3247
1983
1206
2900
5770
5651
1669
-1316
996
5653
5977
1400
-1568
820
3943
2481
-1065
-1026
2069
2581
-1070
-3956
-2201
1374
1515
-2035
-4649
-3570
-1068
-616
-2420
-3857
-3281
-2117
-2492
-3859
-3773
-1962
-1090
-2671
-4583
-4047
-1665
-485
-1729
-3364
-3218
-1793
-978
-1285
-1602
-1194
-717
-931
-1371
-1007
211
1092
612
-559
-705
575
1804
1781
1041
661
917
1409
1711
1828
1918
1807
1403
1073
1129
1371
1570
1517
892
-28
-367
143
696
416
-631
-1504
-1486
-1023
-987
-1409
-1815
-2110
-2388
-2479
-2253
-1884
-1832
-2307
-2774
-2562
-1785
-1227
-1337
-1786
-1904
-1384
-652
-232
-160
-208
-126
134
515
967
1345
1383
1131
1179
1717
2212
2383
2398
2360
2344
2511
2981
3577
3869
3644
3534
3975
3771
2422
2156
4556
6778
4906
422
-833
3187
6934
4764
-379
-1382
2119
3700
737
-1871
-273
2221
686
-3445
-4478
-1223
1381
-454
-4316
-5485
-3295
-1185
-1725
-3674
-4372
-3440
-2770
-3496
-4216
-3189
-1505
-1755
-3871
-4798
-2989
-605
-420
-2235
-3409
-2527
-968
-488
-840
-831
-439
-404
-706
-575
403
1469
1454
423
-214
490
1745
2260
1802
1118
929
1197
1526
1752
1933
1870
1298
575
428
1021
1585
1201
-59
-961
-556
359
289
-894
-1871
-1713
-1054
-1116
-1997
-2477
-2018
-1687
-2229
-2894
-2677
-1863
-1602
-2267
-2862
-2341
-1277
-1016
-1522
-1653
-955
-220
-179
-487
-284
571
1181
946
546
880
1752
2212
1905
1482
1642
2330
2773
2477
2025
2208
2793
2887
2477
2425
2942
3370
3258
3127
3495
3451
2060
926
2590
5650
5473
1248
-1800
610
5277
5557
985
-1965
343
3377
2068
-1259
-1343
1436
1976
-1315
-3997
-2367
1050
1305
-1957
-4492
-3549
-1003
-276
-1941
-3483
-3042
-1775
-1860
-3033
-3079
-1520
-657
-2067
-3874
-3374
-1071
66
-1197
-2882
-2799
-1344
-425
-739
-1232
-1073
-664
-669
-938
-724
134
774
343
-602
-685
349
1292
1180
456
109
390
783
929
1036
1235
1183
679
279
576
1292
1574
975
-32
-487
61
854
769
-188
-1051
-1114
-630
-371
-685
-1211
-1433
-1504
-1717
-1794
-1567
-1421
-1742
-2218
-2290
-1842
-1324
-1289
-1610
-1689
-1392
-1076
-889
-688
-496
-409
-345
-167
182
531
635
578
705
1080
1378
1429
1468
1630
1798
1877
2001
2285
2498
2476
2377
2579
3075
3483
3629
3697
3616
2865
1979
2622
4956
6099
3684
95
31
3819
6260
3738
-283
-419
2531
3219
425
-1304
477
2220
218
-3352
-3679
-595
1268
-881
-4309
-4928
-2804
-1233
-2085
-3832
-4195
-3282
-2927
-3822
-4344
-3214
-1860
-2374
-4220
-4770
-3080
-1175
-1180
-2692
-3514
-2651
-1357
-980
-1297
-1274
-809
-594
-821
-833
-12
1073
1238
373
-226
439
1693
2258
1833
1202
1132
1505
1811
1883
1966
2118
1921
1278
812
1123
1866
1977
1041
-144
-385
342
864
333
-785
-1439
-1370
-1059
-1057
-1388
-1754
-2053
-2390
-2621
-2413
-1940
-1912
-2532
-3150
-3036
-2237
-1626
-1748
-2201
-2254
-1792
-1287
-973
-754
-557
-447
-434
-252
317
992
1196
882
722
1145
1819
2187
2120
1959
2058
2346
2514
2547
2665
2829
2836
2780
2897
3191
3369
3320
3402
3859
3901
2634
1267
2153
4963
5865
2729
-995
-391
3815
5629
2354
-1417
-752
2323
2395
-654
-1979
179
1787
-463
-3808
-3660
-440
1154
-1127
-4272
-4544
-2311
-818
-1750
-3465
-3728
-2703
-2286
-3103
-3483
-2376
-1241
-1933
-3658
-3892
-2082
-421
-842
-2457
-3012
-1983
-802
-603
-978
-984
-631
-516
-743
-665
163
1002
907
50
-358
350
1398
1717
1204
655
681
1082
1406
1510
1487
1418
1209
900
736
929
1403
1585
1049
111
-287
266
983
911
-19
-871
-904
-457
-291
-645
-1064
-1289
-1500
-1694
-1676
-1429
-1348
-1777
-2365
-2473
-1954
-1424
-1499
-1946
-2199
-1973
-1509
-1169
-985
-930
-953
-944
-736
-203
320
474
274
120
434
986
1368
1407
1279
1292
1477
1761
2002
2135
2185
2133
2179
2396
2636
2777
2816
2973
3292
3710
3838
3098
1999
2078
4058
5864
4635
1165
-297
2426
5667
4731
810
-822
1407
3202
1487
-957
-475
1552
974
-2218
-3787
-1755
709
-126
-3278
-4873
-3555
-1664
-1721
-3252
-4088
-3500
-2846
-3314
-3940
-3322
-1998
-1869
-3302
-4286
-3273
-1331
-729
-1871
-2933
-2541
-1337
-714
-878
-993
-701
-419
-547
-662
-115
839
1278
702
-49
126
1173
2038
1927
1256
930
1241
1716
1895
1892
1873
1745
1434
1184
1311
1632
1678
1254
689
396
342
343
342
256
-180
-966
-1487
-1287
-765
-854
-1786
-2637
-2612
-2019
-1792
-2231
-2726
-2829
-2701
-2662
-2608
-2336
-2125
-2296
-2640
-2536
-1854
-1215
-1136
-1451
-1524
-1121
-565
-164
25
98
136
255
581
1026
1374
1468
1380
1360
1540
1862
2150
2302
2314
2247
2241
2374
2614
2806
2842
2819
2870
3081
3396
3622
3373
2446
1722
2515
4496
5114
2768
-147
173
3464
5101
2578
-673
-401
2143
2417
-116
-1453
225
1652
-183
-3078
-3049
-405
835
-1198
-3813
-3931
-2084
-1047
-1980
-3301
-3327
-2473
-2299
-3080
-3368
-2386
-1382
-1859
-3231
-3464
-2069
-738
-979
-2127
-2482
-1718
-905
-783
-936
-763
-427
-384
-581
-487
167
855
924
387
23
407
1206
1698
1536
1099
892
1077
1461
1735
1767
1576
1295
1077
1018
1173
1420
1462
1085
482
180
367
673
610
136
-336
-582
-681
-772
-824
-850
-1070
-1552
-1995
-2000
-1649
-1495
-1866
-2465
-2723
-2479
-2136
-2080
-2316
-2574
-2625
-2516
-2307
-2036
-1783
-1725
-1913
-1976
-1572
-863
-417
-512
-722
-516
124
707
881
913
1091
1349
1516
1676
2033
2389
2470
2336
2347
2732
3150
3211
3024
2989
3228
3425
3474
3567
3865
4258
4002
2809
1814
2750
5191
5905
3162
-246
90
3835
5653
2791
-928
-634
2247
2544
-281
-1823
43
1692
-348
-3685
-3804
-738
894
-1334
-4454
-4763
-2559
-1179
-2181
-3748
-3781
-2654
-2399
-3348
-3699
-2473
-1135
-1651
-3334
-3721
-2022
-186
-314
-1767
-2391
-1443
-227
-23
-369
-296
204
394
62
40
795
1699
1735
915
425
929
1891
2290
1875
1305
1136
1350
1530
1582
1651
1606
1286
757
470
657
996
1071
587
-134
-519
-383
-12
22
-439
-1132
-1528
-1374
-1151
-1256
-1617
-1897
-2044
-2261
-2410
-2331
-2022
-1915
-2405
-2974
-2898
-2175
-1708
-2021
-2538
-2594
-2101
-1651
-1597
-1616
-1440
-1174
-1141
-1081
-626
-46
215
14
-93
349
1048
1445
1313
1163
1346
1705
2008
2085
2122
2189
2250
2268
2221
2335
2559
2682
2568
2320
2339
2561
2678
2557
2441
2643
2911
3037
2783
2055
1449
1931
3616
4456
2669
-163
-423
2599
4724
2755
-719
-1093
1493
2459
283
-1538
-393
1361
218
-2610
-3184
-836
908
-548
-3215
-3793
-2029
-526
-1132
-2631
-2957
-1983
-1405
-2080
-2654
-1944
-813
-966
-2302
-2839
-1687
-243
-271
-1451
-2027
-1381
-453
-272
-616
-683
-390
-207
-385
-454
19
659
792
264
-218
22
750
1211
998
510
300
481
811
936
852
719
577
415
246
284
520
649
415
-113
-444
-316
22
148
-85
-488
-909
-1052
-729
-310
-396
-1104
-1689
-1548
-1025
-919
-1419
-1779
-1592
-1417
-1717
-2024
-1726
-1238
-1365
-2037
-2344
-1775
-1004
-976
-1589
-1918
-1492
-840
-572
-631
-677
-512
-299
-140
91
435
719
690
575
736
1147
1499
1539
1423
1396
1532
1724
1815
1866
1907
1893
1847
1861
2002
2128
2168
2164
2144
2208
2348
2510
2683
2894
3032
2686
1942
1700
2733
4283
4287
2181
258
1079
3670
4404
2190
-6
491
2239
2127
270
-488
779
1522
-149
-2273
-2039
24
803
-930
-2995
-3046
-1523
-748
-1650
-2780
-2711
-1964
-1948
-2658
-2789
-1895
-1173
-1790
-2985
-3054
-1771
-717
-1085
-2086
-2332
-1648
-977
-928
-1127
-1042
-780
-808
-1036
-872
-230
249
55
-501
-686
-250
354
550
319
92
92
205
344
539
728
709
461
229
272
588
847
778
457
208
220
392
496
409
213
67
-24
-211
-458
-441
-130
-79
-670
-1414
-1490
-875
-464
-934
-1811
-2084
-1597
-1209
-1461
-1929
-2029
-1850
-1847
-2038
-2009
-1625
-1389
-1717
-2155
-1961
-1215
-770
-1032
-1466
-1359
-694
-119
-80
-295
-234
151
479
595
699
949
1187
1216
1156
1295
1655
1884
1771
1591
1665
1973
2218
2235
2128
2092
2246
2464
2561
2553
2615
2758
2820
2860
3124
3522
3382
2485
1841
2567
4080
4357
2641
773
965
2749
3524
2147
365
190
1144
1224
46
-761
-256
283
-628
-2222
-2543
-1360
-560
-1482
-3084
-3513
-2611
-1890
-2272
-3052
-3178
-2738
-2603
-2943
-3052
-2505
-1921
-2096
-2788
-2979
-2257
-1371
-1218
-1746
-2106
-1808
-1219
-906
-908
-886
-672
-503
-537
-548
-228
313
555
297
-36
85
612
1003
970
733
622
678
731
768
861
949
845
516
264
332
630
775
520
87
-125
36
266
260
41
-162
-241
-292
-412
-543
-543
-396
-372
-687
-1148
-1266
-857
-468
-688
-1366
-1690
-1281
-766
-848
-1359
-1555
-1249
-965
-1053
-1225
-1088
-804
-811
-1044
-1002
-526
-118
-211
-537
-498
32
507
515
340
473
868
1066
956
938
1209
1460
1388
1186
1260
1577
1732
1543
1298
1301
1477
1571
1499
1406
1434
1530
1556
1511
1535
1664
1762
1756
1745
1837
2058
2368
2582
2379
1749
1376
1935
3027
3324
2281
1065
1073
2069
2564
1936
1088
886
1038
819
303
132
374
337
-421
-1334
-1543
-1031
-640
-1027
-1884
-2401
-2273
-1932
-1891
-2098
-2244
-2295
-2420
-2579
-2488
-2088
-1745
-1863
-2306
-2525
-2197
-1644
-1394
-1550
-1786
-1811
-1632
-1380
-1144
-954
-881
-946
-1017
-903
-572
-218
-52
-121
-258
-230
43
387
573
547
455
448
555
738
912
1004
970
838
708
737
935
1117
1093
888
711
695
772
825
827
777
660
497
383
370
379
361
340
259
12
-278
-294
-3
140
-220
-776
-893
-515
-260
-548
-1055
-1206
-979
-825
-963
-1144
-1137
-1071
-1177
-1327
-1242
-973
-873
-1082
-1285
-1152
-761
-538
-650
-847
-812
-528
-238
-127
-160
-171
-72
69
181
297
419
497
508
523
625
782
905
965
998
1035
1090
1197
1360
1530
1610
1629
1706
1839
1974
2076
2209
2430
2652
2714
2517
2238
2251
2682
3154
3111
2514
1910
1833
2198
2449
2240
1689
1154
887
826
769
537
170
-178
-519
-915
-1274
-1378
-1305
-1432
-1944
-2506
-2675
-2516
-2426
-2590
-2835
-2977
-3037
-3057
-2993
-2849
-2727
-2720
-2779
-2781
-2659
-2417
-2151
-1980
-1952
-1965
-1842
-1526
-1155
-895
-809
-776
-662
-409
-100
141
307
422
539
642
762
944
1165
1336
1387
1381
1410
1535
1713
1838
1831
1712
1618
1671
1806
1864
1766
1601
1484
1409
1334
1255
1216
1160
1003
750
504
378
362
333
158
-169
-485
-614
-588
-617
-864
-1233
-1505
-1584
-1593
-1688
-1889
-2104
-2265
-2362
-2399
-2387
-2371
-2416
-2521
-2577
-2476
-2269
-2102
-2070
-2078
-1967
-1729
-1478
-1320
-1203
-1037
-826
-626
-438
-213
25
193
288
423
651
870
977
1036
1163
1338
1437
1463
1534
1679
1782
1750
1706
1813
2013
2102
2014
1928
2036
2274
2421
2376
2268
2287
2450
2652
2772
2745
2575
2405
2400
2536
2633
2544
2356
2150
1865
1555
1470
1665
1692
1139
360
82
359
449
-48
-658
-828
-768
-1023
-1488
-1630
-1412
-1369
-1796
-2297
-2345
-1997
-1744
-1894
-2221
-2312
-2080
-1830
-1799
-1857
-1758
-1536
-1445
-1518
-1463
-1148
-831
-780
-910
-896
-649
-340
-171
-152
-148
-58
119
284
383
476
607
717
735
721
817
1022
1163
1136
1047
1060
1182
1290
1292
1234
1202
1204
1189
1152
1141
1161
1134
997
827
745
763
766
662
451
241
149
136
50
-178
-394
-439
-458
-707
-1079
-1210
-1049
-1052
-1493
-1960
-1949
-1660
-1698
-2125
-2434
-2332
-2187
-2339
-2569
-2514
-2290
-2310
-2583
-2663
-2325
-1938
-1909
-2157
-2204
-1870
-1449
-1288
-1346
-1301
-1053
-777
-659
-563
-315
8
174
167
241
537
881
1022
1006
1039
1234
1454
1572
1620
1692
1804
1899
1946
1975
2079
2241
2330
2271
2211
2311
2516
2606
2552
2536
2607
2663
2663
2754
2907
2836
2487
2244
2346
2521
2428
2198
2015
1706
1206
949
1266
1534
952
-135
-568
-85
211
-422
-1274
-1393
-1084
-1283
-1995
-2303
-1913
-1590
-1993
-2682
-2827
-2372
-1996
-2170
-2562
-2618
-2283
-1999
-2034
-2128
-1935
-1575
-1469
-1641
-1638
-1238
-797
-733
-911
-883
-552
-222
-110
-88
42
246
386
449
560
762
950
1002
931
902
1049
1280
1377
1274
1134
1151
1266
1313
1258
1178
1126
1039
906
816
815
808
675
442
247
172
140
40
-120
-307
-480
-646
-797
-922
-1020
-1122
-1266
-1458
-1651
-1746
-1738
-1749
-1910
-2157
-2287
-2230
-2172
-2260
-2394
-2408
-2337
-2347
-2424
-2389
-2156
-1944
-1963
-2104
-2028
-1643
-1260
-1197
-1317
-1199
-770
-384
-300
-308
-85
293
503
528
640
947
1238
1313
1297
1417
1690
1922
1965
1911
1946
2126
2295
2320
2258
2252
2324
2373
2354
2332
2333
2312
2259
2210
2218
2223
2205
2149
2045
1966
1970
2020
1999
1916
1909
1928
1776
1560
1622
1843
1668
1125
1010
1575
1789
870
-120
271
1446
1408
-112
-1097
-336
693
211
-1126
-1426
-565
-197
-1057
-1934
-1656
-815
-722
-1510
-2104
-1796
-1112
-979
-1474
-1831
-1531
-1014
-966
-1310
-1374
-950
-590
-711
-992
-889
-454
-185
-292
-498
-474
-208
35
68
-46
-88
63
226
203
95
155
363
424
237
81
193
416
448
284
152
179
257
246
151
73
69
60
-24
-160
-252
-249
-244
-338
-495
-606
-619
-625
-717
-873
-967
-971
-982
-1070
-1188
-1242
-1254
-1305
-1369
-1355
-1320
-1380
-1529
-1590
-1483
-1387
-1447
-1568
-1568
-1461
-1405
-1455
-1470
-1364
-1229
-1192
-1228
-1194
-1024
-830
-752
-753
-673
-444
-229
-150
-124
16
260
425
463
504
657
833
935
963
1005
1104
1200
1257
1267
1271
1315
1371
1391
1365
1339
1356
1377
1360
1349
1371
1390
1350
1310
1330
1397
1426
1390
1358
1355
1384
1426
1489
1540
1542
1472
1398
1471
1692
1821
1590
1228
1299
1804
1915
1195
559
1043
1999
1764
283
-481
545
1734
1098
-655
-1192
-85
649
-264
-1531
-1477
-572
-513
-1564
-2298
-1833
-1059
-1218
-2142
-2625
-2150
-1525
-1635
-2253
-2471
-2028
-1603
-1739
-2096
-2031
-1556
-1275
-1453
-1669
-1481
-1028
-782
-895
-1036
-865
-499
-279
-297
-329
-161
82
163
124
179
397
558
509
396
434
610
721
666
559
535
568
563
511
457
422
344
218
133
105
80
-9
-152
-270
-346
-410
-465
-517
-619
-765
-904
-959
-948
-981
-1093
-1219
-1281
-1289
-1304
-1343
-1351
-1328
-1331
-1381
-1410
-1315
-1157
-1094
-1137
-1141
-989
-771
-642
-600
-525
-368
-199
-49
106
282
418
502
604
783
1001
1162
1235
1271
1345
1471
1615
1714
1734
1711
1699
1728
1772
1788
1765
1716
1663
1626
1583
1530
1478
1428
1380
1311
1206
1091
1025
1007
989
911
784
693
674
685
654
595
578
598
576
489
463
609
804
799
565
391
579
1025
1216
871
326
264
868
1411
1100
205
-170
414
1069
762
-165
-488
65
436
-115
-886
-822
-196
-145
-929
-1543
-1223
-576
-599
-1281
-1703
-1399
-928
-955
-1353
-1492
-1198
-934
-1052
-1288
-1194
-839
-663
-832
-1003
-858
-541
-407
-517
-611
-503
-325
-270
-320
-322
-221
-125
-129
-181
-166
-75
21
31
-30
-68
-38
43
87
71
37
26
26
35
48
82
89
27
-57
-67
-7
9
-74
-185
-218
-212
-221
-265
-321
-369
-431
-502
-545
-545
-541
-561
-642
-757
-818
-754
-621
-596
-737
-877
-837
-663
-565
-634
-724
-687
-581
-548
-560
-498
-355
-293
-359
-387
-236
-2
79
-20
-82
65
297
392
323
275
377
535
589
536
508
581
657
630
555
541
603
635
571
483
462
499
517
484
424
390
376
369
376
389
380
347
320
341
395
418
415
424
470
530
551
558
616
715
769
768
806
929
1032
995
907
966
1187
1328
1201
964
916
1080
1224
1162
945
769
707
708
679
561
394
246
142
42
-114
-286
-366
-376
-462
-671
-877
-923
-848
-844
-977
-1129
-1153
-1066
-1027
-1094
-1152
-1101
-999
-987
-1053
-1054
-932
-810
-824
-909
-902
-769
-648
-646
-698
-680
-592
-511
-473
-451
-418
-370
-317
-269
-229
-191
-137
-75
-47
-55
-49
29
114
107
32
5
63
120
99
14
-36
-32
-42
-89
-138
-152
-174
-245
-340
-393
-391
-378
-416
-504
-577
-614
-625
-610
-583
-586
-653
-742
-757
-656
-553
-565
-661
-691
-607
-507
-464
-451
-412
-363
-348
-320
-216
-83
-25
-51
-58
43
192
277
293
292
341
428
495
537
567
604
631
633
637
673
718
730
698
657
646
655
668
670
647
587
517
497
554
600
552
443
381
438
541
575
517
452
457
535
614
647
659
685
727
755
792
872
973
1033
1045
1045
1090
1182
1262
1288
1280
1276
1306
1353
1351
1300
1248
1260
1302
1241
1075
949
949
993
914
682
475
428
450
360
134
-70
-143
-184
-309
-488
-612
-650
-734
-907
-1056
-1070
-1034
-1106
-1278
-1391
-1347
-1267
-1282
-1389
-1449
-1386
-1309
-1304
-1327
-1290
-1209
-1173
-1187
-1163
-1057
-941
-904
-926
-906
-806
-709
-664
-626
-573
-529
-523
-503
-427
-337
-309
-349
-377
-340
-281
-260
-274
-290
-303
-323
-331
-321
-318
-335
-365
-382
-411
-442
-436
-389
-364
-435
-542
-539
-410
-322
-388
-499
-492
-375
-289
-304
-317
-269
-198
-169
-167
-100
5
72
73
74
135
231
305
348
379
399
417
447
519
600
621
575
539
573
655
705
672
604
572
589
622
625
584
541
512
490
469
447
443
438
399
329
295
317
347
318
262
249
272
278
251
242
283
318
303
278
299
358
398
392
391
440
492
498
480
514
600
659
623
551
560
670
752
699
583
543
616
674
617
520
482
485
447
366
339
352
285
128
32
81
131
4
-209
-277
-184
-158
-330
-514
-508
-409
-455
-641
-750
-675
-589
-675
-853
-905
-797
-717
-798
-934
-945
-843
-785
-846
-925
-902
-803
-757
-810
-861
-813
-716
-670
-692
-712
-686
-625
-574
-557
-545
-524
-497
-474
-459
-432
-384
-339
-329
-358
-368
-310
-219
-182
-222
-264
-232
-156
-107
-104
-108
-91
-72
-61
-28
28
64
49
26
51
121
176
178
168
180
210
254
302
334
338
333
367
435
475
461
465
525
596
596
555
573
676
752
714
633
635
741
827
798
706
679
740
799
777
711
690
721
726
666
614
635
697
678
554
454
495
615
637
505
363
369
483
535
451
343
324
377
407
369
321
305
319
330
312
273
247
257
290
296
233
161
144
193
230
176
82
25
38
50
4
-65
-110
-143
-219
-297
-322
-312
-366
-501
-618
-633
-600
-643
-769
-869
-885
-887
-930
-989
-1017
-1031
-1071
-1107
-1100
-1067
-1059
-1086
-1097
-1066
-1016
-982
-954
-917
-888
-853
-798
-717
-648
-621
-590
-529
-447
-380
-336
-293
-240
-182
-142
-89
-31
14
37
65
126
182
199
200
240
303
332
324
331
386
438
429
400
419
477
504
468
437
449
487
487
447
420
414
410
380
350
335
315
268
223
199
191
165
104
52
19
0
-15
-30
-68
-130
-174
-159
-113
-133
-204
-247
-209
-145
-136
-160
-162
-132
-108
-74
-4
62
61
28
79
231
342
320
264
320
483
589
567
524
586
714
765
729
713
781
851
833
775
773
823
841
793
730
709
711
698
653
585
525
494
486
451
368
273
237
247
210
100
4
-23
-23
-82
-189
-263
-275
-301
-387
-471
-505
-509
-551
-640
-712
-732
-727
-745
-805
-867
-887
-872
-868
-895
-922
-912
-884
-890
-918
-897
-813
-752
-786
-842
-786
-631
-536
-581
-649
-588
-421
-311
-327
-368
-313
-182
-92
-81
-85
-29
65
123
134
150
206
273
312
321
330
360
394
429
446
434
422
426
456
475
446
401
386
404
410
379
325
290
283
272
248
217
184
148
115
94
95
89
39
-28
-56
-20
3
-45
-119
-147
-109
-77
-103
-148
-164
-139
-114
-109
-124
-123
-107
-89
-75
-61
-26
-5
-3
5
66
141
140
96
120
244
329
277
190
247
421
495
388
273
333
500
570
468
346
351
449
515
477
385
332
336
363
370
328
256
197
190
202
177
94
30
30
44
-5
-104
-144
-110
-101
-181
-271
-278
-240
-252
-334
-386
-350
-318
-365
-437
-435
-373
-354
-420
-478
-442
-358
-334
-397
-458
-437
-341
-263
-272
-356
-408
-323
-172
-133
-246
-338
-246
-67
-36
-186
-265
-137
27
10
-150
-204
-74
58
31
-98
-140
-48
39
2
-81
-86
-21
14
-32
-87
-70
-4
33
6
-43
-58
-15
52
95
80
19
9
76
148
165
140
125
137
165
182
203
215
192
165
174
209
206
161
135
158
176
130
68
62
107
105
31
-30
-20
21
-1
-64
-95
-83
-85
-118
-137
-120
-124
-163
-186
-166
-142
-164
-201
-198
-168
-162
-168
-165
-155
-165
-177
-142
-79
-57
-99
-133
-84
23
73
29
-20
37
167
222
158
114
210
352
366
263
243
377
503
446
319
343
504
586
474
318
344
526
606
468
275
270
434
521
390
197
162
276
331
225
83
67
130
115
-8
-111
-71
13
-23
-186
-298
-250
-133
-131
-267
-383
-369
-279
-254
-315
-379
-378
-334
-321
-331
-336
-313
-292
-299
-286
-232
-186
-209
-248
-202
-81
-17
-75
-144
-86
42
101
58
4
38
126
172
154
122
132
190
243
248
201
176
212
282
313
255
186
187
254
290
234
149
140
202
211
120
23
32
102
93
-23
-116
-105
-72
-99
-163
-198
-197
-228
-300
-329
-287
-246
-293
-395
-428
-369
-321
-363
-429
-416
-354
-340
-412
-461
-402
-310
-296
-370
-431
-401
-328
-283
-295
-334
-347
-314
-262
-236
-251
-264
-233
-179
-144
-144
-161
-141
-81
-18
4
-7
1
45
92
113
129
174
212
199
170
193
269
328
311
257
233
269
334
373
356
305
274
288
335
358
335
288
278
309
331
305
264
273
313
319
257
208
233
279
264
200
177
211
228
165
94
114
186
194
106
2
-2
72
112
67
-11
-27
-3
0
-34
-52
-29
-4
-32
-94
-127
-107
-64
-41
-58
-109
-158
-149
-97
-56
-69
-115
-131
-105
-77
-77
-82
-65
-41
-33
-51
-54
-17
19
29
18
21
57
61
36
32
79
128
106
36
2
53
115
110
40
-26
-25
14
32
0
-60
-98
-103
-88
-92
-127
-169
-188
-177
-165
-182
-234
-261
-238
-205
-214
-264
-283
-251
-223
-237
-270
-266
-213
-181
-206
-254
-252
-183
-109
-108
-178
-218
-159
-61
-22
-66
-106
-82
-14
39
38
14
10
51
111
133
114
101
137
189
206
179
167
202
248
262
237
223
247
291
303
275
246
265
315
329
293
261
278
320
326
290
265
278
306
302
270
236
234
250
247
212
174
156
159
147
124
89
57
38
14
-2
-25
-61
-87
-103
-115
-136
-176
-200
-203
-204
-222
-251
-267
-259
-241
-241
-263
-275
-268
-244
-220
-221
-217
-211
-197
-179
-159
-137
-118
-111
-107
-80
-46
-18
-14
-18
-4
27
59
68
66
71
93
111
103
98
115
136
125
95
88
122
136
105
52
32
63
83
54
-15
-52
-31
-8
-43
-116
-157
-139
-124
-159
-217
-249
-234
-228
-259
-305
-320
-297
-289
-299
-329
-342
-317
-285
-278
-292
-299
-272
-232
-214
-200
-186
-162
-132
-96
-64
-42
-24
9
54
90
110
131
167
204
233
254
277
301
334
361
374
386
399
430
455
451
442
454
478
487
469
447
448
458
449
418
386
374
378
357
307
262
243
238
206
147
101
80
71
30
-27
-65
-81
-95
-134
-181
-212
-211
-216
-251
-292
-311
-300
-299
-322
-349
-354
-337
-329
-337
-350
-344
-323
-316
-313
-302
-289
-266
-250
-240
-227
-217
-184
-161
-147
-133
-112
-81
-54
-36
-26
-12
13
44
67
75
81
98
124
137
142
141
147
164
164
157
156
159
162
151
135
124
117
110
93
73
54
45
37
14
-14
-32
-42
-51
-73
-97
-115
-122
-134
-151
-166
-180
-185
-189
-201
-207
-211
-213
-213
-217
-224
-222
-210
-199
-198
-198
-185
-167
-150
-141
-131
-116
-94
-67
-48
-32
-10
16
48
73
96
117
137
168
196
225
246
257
273
293
314
334
341
346
355
362
365
361
356
352
346
330
313
301
291
275
251
227
207
188
163
141
116
90
72
47
20
-5
-28
-45
-63
-80
-101
-120
-135
-153
-163
-175
-190
-196
-207
-213
-217
-217
-222
-220
-219
-223
-217
-211
-203
-195
-185
-181
-170
-156
-152
-138
-125
-115
-99
-95
-84
-73
-63
-53
-48
-43
-38
-33
-23
-17
-15
-13
-11
-11
-13
-11
-16
-11
-13
-15
-12
-13
-17
-13
-11
-12
1
-1
-3
5
6
10
11
18
20
23
26
28
36
39
41
45
48
51
59
58
61
64
66
73
77
75
77
81
80
83
87
89
87
87
83
83
82
77
74
75
69
67
63
55
51
36
32
23
11
9
0
-11
-22
-25
-33
-42
-50
-58
-59
-60
-66
-66
-64
-64
-60
-60
-55
-50
-47
-40
-31
-20
-15
-6
5
15
27
38
50
62
71
82
94
104
114
123
130
132
136
142
147
146
135
134
126
118
108
95
80
66
47
27
9
-12
-34
-59
-77
-105
-128
-146
-168
-185
-207
-225
-238
-253
-261
-272
-279
-279
-281
-276
-272
-274
-262
-248
-236
-220
-202
-186
-168
-150
-125
-103
-82
-63
-43
-21
0
22
44
63
80
95
110
130
141
157
170
182
188
195
202
208
210
212
216
214
214
211
208
203
198
189
180
172
161
148
138
124
109
95
80
64
44
33
17
6
-13
-24
-32
-48
-59
-71
-79
-88
-95
-100
-106
-112
-114
-115
-117
-123
-123
-118
-121
-119
-114
-114
-110
-105
-102
-101
-92
-87
-83
-77
-69
-64
-59
-50
-46
-37
-31
-23
-18
-9
-3
5
14
19
26
32
35
40
45
53
59
62
67
74
75
75
79
82
79
85
86
89
91
92
93
92
93
92
92
93
92
92
88
88
83
82
78
71
67
60
56
47
39
32
23
11
2
-12
-21
-28
-43
-55
-69
-82
-94
-107
-120
-133
-143
-152
-160
-167
-174
-179
-180
-182
-181
-176
-170
-166
-159
-146
-135
-123
-107
-95
-76
-58
-39
-19
4
23
41
60
77
97
113
129
139
157
168
180
189
197
206
211
215
215
215
211
207
199
193
188
180
171
158
147
138
121
106
88
75
56
40
29
11
-8
-26
-39
-57
-69
-80
-96
-107
-120
-129
-140
-149
-153
-156
-157
-160
-162
-162
-161
-159
-155
-153
-148
-142
-136
-128
-120
-112
-103
-94
-86
-81
-70
-56
-51
-40
-32
-25
-22
-11
-5
-1
7
9
18
22
28
32
37
37
40
44
44
48
45
49
49
45
48
46
44
41
43
41
39
36
33
29
26
26
24
21
19
13
13
10
9
4
2
1
-5
-9
-13
-15
-20
-22
-22
-24
-26
-28
-29
-29
-31
-31
-37
-37
-38
-43
-42
-43
-42
-40
-38
-41
-41
-42
-39
-38
-36
-36
-34
-33
-30
-23
-19
-12
-5
-2
7
13
17
26
26
38
48
56
67
76
86
93
104
109
120
123
129
135
137
141
144
146
147
146
148
149
144
138
132
125
116
106
97
85
73
66
54
42
30
19
1
-13
-26
-41
-55
-68
-76
-87
-101
-111
-118
-129
-137
-148
-156
-157
-162
-166
-170
-174
-175
-170
-172
-169
-165
-159
-159
-151
-146
-142
-130
-125
-112
-105
-91
-78
-73
-60
-50
-40
-29
-19
-7
7
17
27
39
49
56
63
70
79
85
95
98
100
108
108
111
117
121
120
124
125
123
123
122
122
122
115
119
114
110
109
104
103
91
91
80
74
68
57
56
45
36
28
18
7
3
-4
-10
-19
-27
-31
-44
-53
-60
-66
-71
-76
-83
-84
-89
-86
-89
-92
-93
-94
-95
-91
-87
-81
-77
-73
-64
-59
-51
-45
-35
-31
-18
-7
4
14
27
36
44
49
60
72
77
89
96
103
111
117
117
122
120
121
118
115
113
108
103
95
90
76
70
57
48
33
21
11
-9
-22
-39
-52
-68
-82
-92
-108
-123
-137
-155
-170
-181
-190
-199
-208
-210
-218
-223
-225
-229
-230
-229
-223
-219
-209
-202
-192
-185
-171
-157
-149
-130
-111
-92
-73
-51
-32
-12
5
26
45
65
89
107
131
144
161
176
187
200
208
216
224
231
235
239
234
232
227
225
217
210
203
189
182
166
154
136
118
100
88
71
53
38
18
0
-17
-35
-53
-67
-81
-92
-101
-111
-120
-126
-134
-138
-140
-143
-140
-140
-131
-130
-128
-119
-114
-109
-101
-91
-80
-67
-55
-41
-32
-22
-8
-1
8
18
31
41
53
62
67
76
78
84
88
87
91
94
91
88
88
85
82
72
69
63
56
53
48
41
32
24
11
1
-6
-16
-21
-27
-36
-43
-50
-59
-65
-72
-77
-85
-87
-90
-94
-93
-98
-101
-103
-102
-105
-106
-104
-104
-101
-103
-101
-98
-100
-96
-93
-87
-83
-81
-74
-72
-71
-65
-65
-63
-61
-59
-50
-46
-41
-37
-30
-28
-24
-18
-14
-8
-2
7
10
19
24
29
36
43
50
59
66
72
78
82
91
98
101
104
114
122
124
131
137
138
141
149
148
154
156
153
151
154
153
150
151
146
144
136
134
129
122
113
106
100
92
84
76
70
59
50
39
32
21
7
1
-9
-19
-28
-32
-43
-51
-56
-61
-68
-74
-80
-81
-85
-88
-88
-92
-94
-95
-96
-94
-94
-94
-90
-87
-87
-82
-80
-80
-71
-65
-64
-56
-53
-46
-43
-40
-33
-33
-31
-26
-20
-18
-11
-6
-4
3
1
6
12
15
19
24
24
25
26
28
32
29
30
32
30
29
29
27
26
26
25
20
19
16
10
5
4
-2
-8
-11
-16
-22
-29
-34
-39
-45
-48
-52
-59
-65
-70
-74
-80
-83
-86
-93
-91
-93
-97
-99
-100
-99
-100
-99
-91
-91
-90
-84
-80
-74
-68
-57
-52
-43
-30
-21
-10
2
12
23
34
46
57
68
79
88
94
106
116
124
131
135
140
144
146
151
152
152
149
147
142
138
131
120
113
102
90
77
64
48
37
23
5
-6
-18
-35
-49
-60
-74
-88
-102
-113
-122
-129
-137
-145
-145
-153
-159
-157
-158
-157
-156
-152
-145
-141
-133
-119
-110
-103
-88
-75
-65
-49
-38
-21
-5
5
22
33
46
62
73
84
96
110
121
134
141
144
152
154
153
154
154
155
152
145
140
134
125
115
107
100
92
76
63
55
42
29
20
9
-4
-16
-23
-30
-42
-46
-55
-67
-70
-77
-79
-81
-84
-86
-87
-87
-86
-83
-83
-80
-74
-69
-62
-60
-52
-41
-38
-34
-25
-17
-12
-5
2
10
19
26
32
37
43
47
52
58
58
64
65
65
65
66
63
60
60
55
54
51
49
41
38
34
30
30
22
18
14
10
5
0
-6
-12
-17
-22
-26
-26
-36
-39
-39
-47
-52
-53
-60
-64
-65
-69
-73
-75
-80
-79
-81
-88
-86
-87
-89
-89
-93
-93
-92
-92
-91
-92
-87
-87
-81
-76
-73
-69
-63
-58
-54
-46
-38
-33
-24
-17
-8
-1
8
17
25
37
49
55
67
77
86
95
102
109
121
125
131
139
143
149
153
157
156
158
160
158
157
150
146
142
138
128
122
116
106
97
85
78
64
51
41
25
17
4
-5
-19
-31
-41
-51
-64
-71
-78
-89
-95
-103
-110
-115
-120
-121
-124
-128
-127
-126
-124
-123
-122
-117
-112
-108
-103
-97
-92
-85
-79
-72
-61
-56
-47
-39
-34
-28
-24
-17
-11
-4
1
8
11
17
22
24
27
30
33
34
36
35
36
35
37
35
36
36
37
36
36
32
28
30
24
21
21
16
13
10
6
3
1
2
-1
-1
-5
-11
-11
-18
-20
-20
-24
-29
-30
-34
-41
-43
-45
-49
-53
-51
-53
-52
-56
-57
-61
-62
-62
-57
-61
-60
-56
-57
-56
-53
-51
-47
-42
-40
-31
-28
-21
-11
-6
1
14
22
29
41
49
57
67
77
89
95
103
114
123
129
138
147
150
156
162
167
166
169
171
171
168
171
170
161
157
152
142
133
124
115
104
91
81
67
55
38
26
12
-7
-22
-34
-51
-64
-75
-91
-103
-115
-128
-139
-147
-157
-163
-167
-174
-180
-177
-179
-179
-176
-174
-170
-165
-161
-150
-139
-130
-123
-108
-99
-87
-72
-59
-47
-36
-20
-5
4
18
29
39
50
57
68
73
79
84
87
90
91
90
92
90
83
81
76
71
67
61
55
47
39
27
20
11
1
-5
-13
-23
-30
-36
-46
-51
-55
-60
-63
-66
-67
-70
-71
-71
-69
-67
-65
-59
-54
-49
-46
-39
-29
-19
-12
-5
9
16
22
29
39
48
55
66
74
79
87
94
98
101
105
109
113
116
112
113
111
104
101
99
99
93
91
86
76
70
63
58
54
46
41
37
33
19
13
9
-4
-4
-10
-16
-19
-24
-31
-37
-41
-44
-41
-44
-45
-45
-44
-45
-47
-47
-49
-48
-48
-49
-46
-47
-46
-45
-43
-45
-45
-41
-42
-42
-41
-40
-40
-41
-42
-43
-44
-41
-43
-44
-43
-47
-46
-49
-53
-54
-54
-54
-56
-56
-53
-53
-55
-54
-48
-51
-45
-38
-39
-37
-30
-29
-22
-18
-16
-11
-9
-1
2
5
10
14
15
17
21
21
21
22
25
24
25
24
25
26
21
20
18
15
14
8
6
3
1
-3
-7
-12
-16
-20
-23
-25
-27
-31
-32
-36
-41
-44
-46
-46
-48
-48
-46
-48
-48
-45
-43
-43
-41
-38
-30
-28
-24
-17
-16
-10
-3
3
7
13
19
29
35
43
47
50
57
64
69
77
85
84
90
95
97
100
101
103
106
107
108
106
108
107
103
102
101
100
98
96
90
88
84
76
71
67
62
57
54
45
35
32
26
21
13
8
-1
-10
-13
-22
-25
-30
-35
-38
-46
-48
-52
-59
-64
-67
-70
-71
-75
-77
-78
-82
-84
-84
-84
-87
-85
-85
-85
-84
-84
-83
-83
-78
-75
-71
-67
-64
-63
-60
-58
-50
-43
-43
-35
-32
-23
-20
-13
-7
-5
3
7
13
20
24
28
31
37
41
46
49
50
53
56
57
58
60
64
57
60
61
57
54
52
50
47
44
39
37
33
28
21
21
12
9
8
1
-2
-7
-13
-18
-23
-28
-30
-31
-33
-36
-41
-42
-44
-45
-42
-43
-39
-38
-38
-35
-34
-28
-29
-24
-19
-16
-10
-10
-3
3
9
17
17
23
28
28
33
37
40
46
46
48
51
51
52
55
55
56
58
55
55
51
49
46
42
37
37
35
29
26
20
13
11
9
0
-3
-7
-12
-15
-20
-25
-28
-30
-33
-37
-39
-40
-43
-47
-49
-50
-51
-52
-49
-49
-49
-48
-49
-51
-49
-49
-48
-43
-40
-38
-37
-32
-31
-30
-27
-27
-23
-23
-21
-19
-17
-14
-10
-11
-6
-2
-2
2
5
5
5
11
15
15
15
14
14
12
16
19
21
19
20
19
18
17
19
19
14
16
15
12
13
11
9
8
9
4
3
5
4
1
-1
-2
-5
-7
-7
-12
-13
-14
-15
-18
-21
-19
-18
-22
-28
-24
-30
-27
-26
-30
-27
-30
-30
-30
-30
-29
-28
-22
-23
-27
-23
-18
-18
-15
-12
-9
-6
-4
0
1
5
9
13
11
13
15
22
28
30
33
31
34
36
37
40
42
47
46
48
50
49
51
51
50
47
44
48
45
44
43
38
36
34
32
30
28
22
19
16
9
6
6
3
-2
-3
-7
-12
-15
-16
-18
-23
-27
-27
-28
-32
-29
-30
-31
-28
-29
-29
-32
-29
-27
-28
-26
-20
-21
-17
-11
-10
-7
-5
1
4
8
12
15
22
22
27
32
35
38
41
47
51
53
55
58
59
61
61
63
65
63
64
63
59
57
56
53
49
47
46
38
34
32
27
25
16
14
6
-1
-8
-12
-20
-25
-30
-38
-40
-51
-55
-58
-62
-69
-71
-76
-78
-78
-83
-85
-89
-88
-90
-89
-88
-87
-86
-82
-80
-78
-74
-69
-66
-61
-53
-48
-41
-36
-31
-25
-17
-9
-4
4
12
18
23
26
31
35
41
47
49
58
60
63
64
67
69
72
72
68
72
68
68
66
63
62
58
56
53
48
46
43
33
28
24
17
11
3
-3
-5
-12
-18
-21
-25
-31
-32
-36
-40
-44
-46
-46
-50
-50
-50
-51
-48
-47
-50
-46
-43
-43
-39
-37
-32
-27
-24
-20
-11
-11
-4
-1
4
9
15
20
23
30
32
40
44
47
48
50
51
53
53
54
54
54
55
52
52
51
47
45
38
35
30
23
20
13
5
2
-5
-10
-18
-24
-30
-35
-43
-48
-51
-57
-61
-66
-70
-75
-76
-78
-82
-81
-83
-82
-83
-84
-82
-80
-78
-78
-74
-68
-65
-61
-59
-53
-50
-46
-39
-34
-26
-22
-16
-11
-10
-4
6
7
13
23
25
30
32
36
37
39
44
43
46
47
47
51
51
52
54
53
50
47
49
47
50
49
46
43
41
40
39
38
34
31
30
25
27
25
24
20
19
22
19
18
18
16
14
13
18
13
12
17
12
14
13
14
12
15
15
13
15
18
19
17
18
21
20
20
25
24
23
26
27
26
23
26
24
23
23
25
22
22
24
21
20
18
19
15
12
10
10
7
4
2
-1
-5
-8
-9
-15
-15
-19
-22
-23
-26
-27
-31
-34
-37
-42
-44
-45
-49
-48
-49
-51
-54
-56
-56
-59
-60
-61
-60
-64
-63
-64
-63
-63
-65
-63
-64
-61
-59
-59
-58
-58
-56
-53
-52
-48
-48
-43
-40
-37
-34
-33
-26
-21
-18
-13
-9
-5
1
5
6
12
14
17
21
24
29
31
32
38
37
40
45
44
44
46
48
50
49
51
50
52
51
51
49
45
50
41
42
42
40
37
35
31
27
30
24
25
21
20
19
16
14
7
5
5
4
2
0
0
-5
-4
-6
-5
-7
-8
-3
-6
-4
-5
-5
-5
-6
-4
-1
-1
0
0
2
3
1
1
3
4
3
7
4
5
3
2
2
0
3
1
1
-2
-5
-5
-8
-5
-5
-7
-6
-8
-7
-7
-10
-8
-10
-10
-10
-12
-10
-8
-9
-7
-7
-5
-2
-6
-5
-3
-6
-3
-2
-3
-4
-5
-1
-2
-5
-2
-4
-3
-2
-4
-5
-7
-7
-6
-8
-10
-9
-13
-14
-20
-20
-21
-26
-23
-26
-31
-30
-32
-37
-36
-38
-39
-41
-42
-46
-46
-44
-46
-43
-44
-39
-40
-39
-37
-35
-32
-29
-24
-20
-14
-11
-4
0
6
10
15
17
22
26
30
35
40
46
50
53
57
61
61
67
69
66
70
71
72
72
72
73
68
69
69
60
59
57
46
44
42
34
29
25
17
13
7
-2
-4
-8
-18
-21
-27
-31
-37
-43
-45
-54
-54
-54
-61
-60
-61
-64
-64
-64
-62
-64
-63
-57
-58
-53
-50
-47
-42
-38
-36
-27
-20
-14
-6
-1
5
11
17
23
31
35
39
45
50
50
55
60
62
70
71
72
74
73
75
75
76
79
77
76
75
73
72
70
64
62
59
55
50
50
45
39
33
28
22
16
9
3
3
-6
-8
-16
-18
-24
-31
-34
-41
-41
-46
-46
-45
-53
-54
-58
-61
-67
-67
-67
-72
-71
-73
-74
-74
-70
-69
-69
-66
-65
-59
-59
-57
-53
-49
-44
-41
-35
-33
-29
-24
-20
-14
-8
-5
1
3
9
11
15
21
22
26
29
30
33
39
39
44
46
45
48
47
46
48
46
45
47
43
38
35
32
29
25
25
20
17
12
8
3
-2
-3
-8
-15
-16
-19
-24
-24
-29
-28
-31
-31
-32
-35
-35
-38
-37
-38
-39
-39
-36
-38
-36
-33
-34
-31
-31
-28
-28
-25
-23
-20
-20
-19
-15
-14
-11
-6
-3
-2
2
2
5
8
9
13
13
18
16
18
18
18
22
22
23
23
26
25
25
22
22
24
24
25
23
24
25
23
28
23
25
25
26
26
24
25
23
23
22
23
22
19
21
20
20
18
17
16
15
13
10
8
7
5
4
4
5
-1
0
-3
-5
-10
-11
-11
-16
-17
-14
-17
-21
-18
-21
-24
-25
-22
-25
-24
-24
-28
-23
-27
-27
-25
-26
-27
-24
-23
-24
-21
-25
-24
-23
-21
-20
-18
-16
-14
-14
-11
-11
-10
-6
-5
-1
2
3
3
9
12
11
13
17
17
17
20
22
19
23
25
23
23
23
22
21
22
22
22
17
20
15
12
12
9
11
8
7
7
4
4
4
2
3
-1
0
-1
-5
-1
-5
-5
-6
-5
-4
-4
-4
-2
-4
-3
-2
-1
1
2
3
4
6
3
3
8
8
9
11
12
12
13
18
19
19
21
23
24
23
23
22
21
19
21
17
18
16
15
14
12
10
6
4
3
-3
-4
-6
-9
-11
-13
-15
-17
-19
-22
-23
-28
-28
-28
-30
-28
-30
-31
-30
-32
-30
-33
-33
-30
-32
-28
-27
-26
-22
-19
-21
-18
-15
-15
-11
-10
-10
-8
-4
-4
-3
1
2
4
3
4
5
6
7
8
12
13
13
14
11
10
11
9
6
6
3
5
2
-1
-2
-3
-2
-5
-7
-8
-9
-11
-12
-16
-16
-15
-18
-17
-19
-21
-18
-21
-23
-23
-24
-21
-20
-21
-18
-16
-16
-18
-17
-15
-14
-9
-9
-4
-6
-1
0
-2
1
3
5
8
12
9
11
15
20
18
19
23
18
25
23
22
25
23
28
26
27
27
25
26
26
23
25
21
21
19
17
19
19
18
16
15
11
10
8
7
6
1
-1
-2
-4
-3
-8
-9
-14
-16
-13
-18
-15
-22
-20
-22
-26
-24
-27
-28
-26
-27
-28
-27
-24
-26
-27
-27
-23
-24
-26
-24
-23
-23
-23
-21
-21
-21
-19
-17
-16
-16
-13
-9
-8
-8
-4
-4
-3
0
0
6
3
6
9
9
11
12
17
13
17
21
18
23
26
25
29
25
28
31
27
28
27
27
28
29
27
25
24
23
19
19
16
13
15
15
14
10
10
8
7
6
5
1
-1
-1
-4
-9
-6
-9
-11
-12
-17
-17
-16
-17
-19
-20
-18
-22
-21
-22
-24
-23
-24
-21
-22
-20
-20
-17
-16
-15
-16
-13
-12
-11
-4
-9
-2
-1
-2
3
2
9
8
10
14
15
18
19
21
22
23
24
26
28
29
29
30
29
30
32
29
35
32
31
33
29
27
26
23
25
21
20
16
13
12
8
8
1
-2
-1
-6
-10
-14
-18
-18
-20
-24
-26
-29
-32
-36
-38
-41
-42
-47
-46
-48
-51
-47
-46
-52
-46
-46
-45
-43
-43
-39
-42
-38
-34
-32
-27
-25
-21
-18
