1
-1
-1
0
-1
0
3
1
2
4
2
4
5
0
0
3
3
2
2
2
2
-1
1
1
0
0
-3
1
0
-1
0
-1
2
2
2
0
2
1
3
2
1
3
-1
-1
0
-1
1
-3
-2
1
-1
-3
-1
-1
-3
-6
-4
-2
-4
-1
0
-3
-1
-2
-3
-4
-4
-1
-3
-1
-2
-3
-2
-3
1
-3
-1
3
3
2
-1
2
1
-1
-1
3
1
1
-1
-2
1
1
0
-3
-1
-4
-3
-2
-2
-1
0
1
0
-3
-5
-2
-3
-2
-4
-4
-2
-2
0
-2
-1
-1
-4
-4
-6
-6
-5
-4
-3
-3
0
-5
-4
-1
1
1
2
0
1
2
0
0
-1
0
3
4
3
6
1
2
2
2
6
2
4
3
3
3
5
5
2
6
6
10
7
6
4
4
8
4
4
9
10
8
7
5
7
7
7
7
7
5
4
6
4
6
8
7
9
7
8
6
4
5
4
3
3
4
7
4
1
2
6
3
5
4
4
5
6
5
3
5
3
2
3
1
4
3
2
3
4
7
5
4
4
4
3
2
2
2
2
0
1
4
2
1
2
-2
-4
-3
0
-1
2
1
2
0
2
1
0
3
1
1
0
2
1
4
1
1
1
3
2
2
2
2
4
3
1
2
6
5
7
6
5
4
4
5
3
4
6
1
5
5
3
2
3
5
6
3
-1
-1
1
3
3
2
0
1
1
3
4
2
0
0
5
1
1
2
0
2
1
3
1
1
3
2
1
1
2
3
4
4
1
2
1
0
2
-2
1
1
0
-3
-2
-1
-1
1
0
1
1
2
3
1
5
4
3
3
2
4
3
1
2
2
1
-1
0
3
3
0
1
2
1
-1
0
0
-1
0
-1
0
1
-3
-2
1
-2
-1
-2
-1
-3
-1
-3
1
1
0
-2
-6
-3
-3
-3
-4
-4
-1
-4
-4
-3
-5
-4
-5
-2
-4
-3
-2
-4
-3
-6
-5
-4
-7
-3
-6
-7
-6
-7
-5
-6
-6
-6
-9
-5
-6
-5
-2
-4
-4
-4
-3
-3
-5
-6
-4
-4
-4
-3
-3
-3
-3
-1
-3
-2
-4
-4
-2
-4
-4
-1
-4
-1
0
-2
-2
-2
-4
-6
-1
-2
-1
-3
-4
-1
-1
-2
-7
-3
-3
-5
-4
-6
-4
-6
-1
-4
-3
0
-2
-3
-5
-3
-3
0
-3
-1
0
-2
-2
-5
-4
-2
-4
-6
-2
-6
-3
-3
-2
0
0
1
-1
1
1
2
2
0
1
2
-1
0
2
1
4
2
2
4
3
3
8
6
4
5
3
4
5
5
5
6
6
5
4
5
4
6
6
5
6
6
6
7
5
4
5
7
7
5
6
7
5
2
4
1
3
1
1
3
2
0
1
0
2
1
0
1
-2
-1
0
2
2
2
3
1
-3
0
2
1
1
4
3
4
2
2
2
3
4
2
2
2
3
-1
-3
-2
0
1
-2
-2
-3
-1
-2
-3
-2
-1
-3
-3
-4
-3
-2
-1
0
-2
-1
1
0
-3
-3
-1
1
-1
2
2
1
4
1
3
-1
3
3
-1
1
3
5
-1
-3
-2
-2
0
-2
0
-1
-3
-1
-2
-1
-1
2
1
1
-5
-4
-4
-5
0
-3
0
-2
-2
-4
-2
-4
-5
-4
-3
0
-1
-4
-3
-3
-4
-6
-2
-1
-2
0
-3
0
0
-1
1
0
-1
0
-1
-4
-2
-1
-1
-2
-3
-1
-2
-2
-2
-1
-2
-4
-4
-4
-3
-1
-1
-5
-3
-2
-3
-2
-5
-4
-5
-5
-6
-3
-6
-7
-3
-3
-5
-2
0
-4
0
0
0
-3
-3
-1
-3
-3
-3
-2
-1
-2
0
-1
-2
-1
-3
-2
-4
-4
-2
-3
-5
-5
-2
-3
-5
-5
0
-2
-4
-3
-3
-3
-3
0
-4
-3
-4
0
-2
-1
0
-4
-3
-2
-1
-1
-1
-1
0
-1
0
1
2
2
0
0
2
3
1
4
1
0
2
0
4
5
6
5
2
3
5
4
5
2
4
2
-1
3
1
2
1
3
1
1
3
0
6
3
-1
-1
1
1
1
3
1
0
1
3
3
1
2
2
6
6
5
4
4
3
4
1
3
6
2
2
2
0
0
0
0
3
1
3
2
-1
1
0
-1
-2
0
-1
-1
-2
-5
-2
-5
0
0
0
2
0
1
2
-2
3
3
1
1
1
0
3
2
0
1
2
-1
-2
2
-4
-1
0
-1
2
0
-1
-1
-4
-4
-2
-1
1
-1
-1
0
1
-1
0
-2
-2
-2
-1
0
1
-1
-1
2
3
1
1
1
1
1
-1
0
1
1
1
1
-1
0
3
1
0
-3
-3
-2
-1
-3
-5
-4
-3
-3
-3
-3
-1
-4
-4
-5
-2
-1
-5
-4
-3
-3
-3
-4
-3
0
1
2
-1
-1
0
-2
-1
-2
-2
1
2
-1
1
2
-2
-2
1
0
-2
-2
-2
-2
0
0
-2
-2
1
4
3
2
3
3
3
0
2
0
1
-2
-1
0
0
1
-1
2
1
0
2
0
-1
3
0
0
-1
0
-1
-2
-1
-2
0
1
2
-2
-3
0
-5
-1
0
-2
-2
-2
0
1
0
2
0
-2
1
1
-2
-1
0
0
-1
-4
-2
-3
-3
-5
-5
-3
-4
-2
-3
-3
-5
-5
-2
-2
-4
-2
0
-1
0
-1
-2
-2
-2
-1
-3
-3
-1
-2
0
0
-1
-5
-2
-1
-2
-1
0
0
-1
-1
-1
-2
-1
1
-1
1
-3
-4
0
0
1
2
4
-1
1
0
2
4
1
0
1
1
2
1
4
5
1
1
0
0
1
1
2
1
2
2
0
0
2
3
4
2
2
6
6
1
3
5
1
3
0
1
3
1
3
3
1
-1
5
3
3
7
6
4
3
3
1
2
-1
2
3
1
2
1
-1
2
-1
0
1
0
3
0
0
1
-3
0
-4
-2
1
-2
0
-1
-1
0
-2
-2
-3
-5
-4
-2
-2
-3
0
2
-1
0
-2
-2
0
-1
-2
0
-1
-2
0
-2
1
-1
0
1
-3
-1
1
-2
-1
-2
-1
-1
-1
-1
0
1
-1
0
0
-1
1
-1
-2
-4
-3
-2
-3
-3
-2
-3
-3
-4
-4
-5
-3
-2
-5
-1
-1
1
-2
-4
-2
-5
-3
-5
-6
-4
-4
-8
-11
-9
-4
-6
-10
-11
-6
1
-7
-12
-11
-3
1
-9
-11
-9
1
2
-9
-9
-1
7
9
5
1
8
13
13
7
8
14
17
17
18
17
16
21
25
20
19
15
19
23
18
10
8
18
24
11
-2
3
16
19
1
-12
-3
8
6
-10
-18
-12
0
-8
-26
-26
-15
-10
-25
-36
-31
-22
-23
-38
-43
-37
-34
-36
-42
-45
-40
-42
-45
-41
-34
-35
-39
-35
-31
-25
-29
-33
-25
-21
-23
-23
-15
-6
-14
-20
-6
7
-1
-19
-15
18
25
-11
-28
9
47
15
-47
-25
53
62
-47
-119
-13
115
56
-140
-179
9
144
10
-209
-177
41
105
-88
-236
-108
84
38
-179
-224
-21
117
-17
-206
-157
53
111
-42
-147
-45
104
92
-29
-49
75
152
87
10
50
155
181
116
76
121
179
176
138
135
160
169
149
134
143
144
131
110
89
81
67
65
50
23
-13
-30
-20
-28
-70
-111
-103
-87
-114
-165
-174
-128
-115
-181
-229
-175
-89
-106
-210
-218
-88
11
-59
-173
-114
72
141
25
-52
79
266
272
138
120
294
441
394
277
319
485
558
476
411
495
620
606
473
423
534
662
618
434
327
414
541
514
334
205
235
298
247
116
43
61
52
-65
-194
-210
-140
-138
-271
-425
-450
-371
-331
-395
-505
-543
-511
-477
-488
-512
-496
-461
-459
-495
-498
-418
-317
-297
-364
-401
-330
-214
-149
-157
-177
-163
-133
-101
-63
-17
11
-10
-55
-70
-20
33
53
21
-58
-125
-116
-34
10
-71
-227
-296
-240
-192
-275
-385
-413
-395
-449
-564
-583
-485
-420
-538
-697
-655
-451
-337
-407
-483
-388
-205
-116
-85
16
205
308
289
354
590
857
946
879
931
1218
1489
1389
1173
1412
1933
1930
1287
1051
1782
2478
1946
790
723
1789
2237
1248
227
534
1315
1097
65
-401
129
557
-12
-991
-1156
-468
-154
-826
-1603
-1514
-954
-919
-1431
-1699
-1423
-1166
-1375
-1695
-1605
-1219
-1052
-1260
-1468
-1363
-1055
-835
-840
-919
-843
-633
-528
-504
-356
-146
-89
-161
-158
-42
97
252
340
254
126
161
307
350
294
256
178
-29
-190
-106
65
-85
-573
-868
-707
-540
-831
-1244
-1259
-1079
-1171
-1536
-1663
-1346
-1057
-1190
-1521
-1462
-956
-578
-560
-572
-330
20
232
409
754
1208
1443
1411
1560
2161
2844
3037
2917
3020
2999
2610
2806
4204
5275
4018
1571
1256
3662
5377
3837
1182
841
2389
2717
1159
179
876
1399
150
-1696
-1896
-439
449
-721
-2696
-3190
-2083
-1266
-1771
-2573
-2589
-2350
-2688
-3202
-2927
-2047
-1786
-2558
-3341
-3145
-2250
-1600
-1565
-1862
-2086
-1972
-1564
-1108
-724
-427
-428
-763
-883
-344
428
716
484
192
95
266
725
1149
1189
882
492
259
375
821
1135
794
-107
-721
-371
378
315
-642
-1335
-1127
-750
-982
-1455
-1432
-1094
-1225
-1832
-2019
-1308
-525
-615
-1202
-1302
-626
157
389
272
366
763
1141
1447
1862
2322
2628
2796
3020
3320
3694
4260
4430
3568
2821
3889
5936
5931
3207
1340
3064
5789
5230
1964
574
2358
3548
1772
-338
78
1540
1014
-1277
-2481
-1379
72
-440
-2494
-3631
-2785
-1644
-2014
-3226
-3493
-2807
-2682
-3506
-3959
-3241
-2390
-2680
-3623
-3791
-3003
-2294
-2205
-2359
-2393
-2255
-1955
-1587
-1312
-1031
-699
-676
-911
-772
-141
350
381
263
204
234
455
775
933
862
673
507
495
538
396
235
322
290
-235
-757
-724
-380
-312
-787
-1492
-1755
-1337
-936
-1143
-1550
-1605
-1434
-1317
-1148
-851
-582
-448
-445
-358
4
571
1067
1269
1302
1449
1878
2479
3049
3394
3323
3260
3879
4748
4380
2875
2733
4971
6777
4995
1349
876
4404
6683
3931
-96
92
3047
3227
134
-1452
309
1759
-28
-2913
-3154
-829
460
-1309
-3938
-4263
-2512
-1552
-2569
-3845
-3714
-2834
-2975
-4065
-4202
-2858
-1986
-2951
-4238
-3946
-2620
-1899
-2054
-2355
-2426
-2199
-1722
-1290
-1037
-786
-618
-796
-976
-564
213
665
554
231
145
393
739
966
1145
1215
849
298
264
783
1144
886
238
-352
-520
-226
53
-168
-715
-1182
-1452
-1425
-1082
-820
-1020
-1449
-1643
-1455
-978
-489
-357
-590
-719
-493
12
609
997
1084
1091
1327
1800
2369
2971
3319
3284
3192
3562
4474
5227
4785
3242
2769
4746
6996
6124
2582
966
3514
6435
5096
1048
-89
2501
3749
1105
-1448
-287
1993
1117
-2156
-3462
-1474
470
-552
-3242
-4305
-2995
-1738
-2366
-3762
-3950
-3050
-2835
-3881
-4565
-3625
-2301
-2563
-4032
-4442
-3206
-2082
-2177
-2621
-2520
-2160
-1936
-1773
-1493
-1065
-685
-686
-1023
-1036
-352
468
692
376
115
221
564
946
1263
1396
1078
416
205
844
1481
1141
239
-113
92
83
-188
-250
-166
-395
-1036
-1528
-1227
-449
-291
-1120
-1825
-1426
-583
-291
-470
-586
-465
-214
28
262
642
1119
1312
1200
1399
2116
2811
3061
2966
2942
3323
3964
4485
4790
4619
3657
2817
3820
6233
6784
3892
845
1717
5270
6135
2666
-334
932
3320
2192
-897
-1153
1302
1819
-1175
-3805
-2803
-165
46
-2526
-4460
-3787
-2312
-2387
-3635
-4107
-3374
-2918
-3812
-4945
-4492
-2785
-2180
-3544
-4795
-4126
-2606
-2135
-2593
-2722
-2331
-2088
-2162
-2009
-1349
-670
-641
-1170
-1411
-828
124
660
555
92
-156
241
927
1201
1004
816
728
544
471
715
977
866
383
-241
-569
-247
229
54
-734
-1380
-1441
-1098
-769
-813
-1243
-1564
-1486
-1251
-997
-695
-506
-625
-792
-607
-75
511
876
876
794
1113
1755
2303
2548
2714
2962
3159
3271
3551
4267
5137
5088
3481
2169
3598
6651
7173
3652
383
1749
5636
6259
2498
-373
1283
3836
2443
-1018
-1234
1673
2409
-892
-3905
-2926
-72
348
-2226
-4391
-3868
-2333
-2302
-3601
-4185
-3415
-2855
-3725
-5057
-4838
-3020
-2050
-3290
-4844
-4459
-2832
-2067
-2476
-2746
-2434
-2194
-2235
-2053
-1363
-607
-445
-895
-1234
-816
188
931
917
496
298
555
971
1205
1351
1523
1363
728
315
795
1580
1528
534
-349
-337
259
523
21
-649
-911
-942
-1050
-1021
-701
-615
-1111
-1635
-1531
-901
-370
-398
-819
-1007
-640
-4
455
620
684
765
981
1452
2031
2464
2669
2791
3025
3409
3733
4034
4562
5102
4711
3189
2700
4807
7277
6362
2409
499
3272
6714
5600
1234
-215
2606
4223
1362
-1668
-272
2699
1816
-2334
-4229
-1859
758
-199
-3496
-4945
-3430
-1951
-2710
-4341
-4407
-3254
-3125
-4529
-5516
-4403
-2493
-2449
-4339
-5339
-3981
-2277
-2220
-3015
-2981
-2311
-2113
-2313
-2033
-1072
-322
-511
-1168
-1210
-268
786
1125
823
459
502
901
1355
1592
1652
1599
1219
736
772
1407
1726
1080
143
-199
95
401
241
-255
-686
-910
-1080
-1153
-910
-648
-943
-1568
-1706
-1215
-698
-573
-752
-949
-820
-320
176
476
673
821
908
1167
1770
2392
2712
2771
2871
3343
4058
4429
4332
4521
5063
4670
3417
3615
6020
7506
5109
1388
1478
5357
7236
3864
-144
644
3987
3766
-112
-1699
919
2747
136
-3666
-3657
-662
505
-1938
-4806
-4744
-2863
-2328
-3785
-5030
-4466
-3434
-3855
-5380
-5723
-3999
-2586
-3574
-5472
-5363
-3412
-2367
-2985
-3557
-3084
-2424
-2374
-2411
-1871
-969
-557
-944
-1331
-863
190
917
959
638
480
714
1220
1564
1640
1743
1645
1129
699
1062
1804
1700
700
-180
-220
264
412
-49
-737
-1061
-1099
-1257
-1349
-1179
-1043
-1423
-1996
-2000
-1437
-856
-808
-1182
-1403
-1063
-318
190
291
307
546
1020
1461
1854
2174
2500
2914
3224
3641
4163
4499
4519
4672
5232
5018
3992
4028
5899
7291
5514
2313
1779
4679
6903
4700
813
401
3146
3774
679
-1290
432
2119
112
-3314
-3641
-1167
99
-1891
-4681
-5039
-3454
-2659
-3745
-4949
-4717
-3957
-4157
-5281
-5648
-4341
-2902
-3403
-5250
-5544
-3641
-2123
-2551
-3446
-3130
-2235
-1954
-2001
-1538
-653
-170
-475
-921
-558
523
1452
1593
1053
627
956
1818
2257
1921
1629
1805
1795
1281
995
1487
1874
1168
-107
-634
12
631
106
-1114
-1791
-1453
-1079
-1367
-1804
-1888
-1782
-1983
-2323
-2157
-1576
-1166
-1407
-1872
-1635
-779
-31
40
-120
217
856
1418
1626
1812
2379
2946
3364
3539
3657
4143
4811
5384
5430
5245
4871
4220
4637
6243
7321
5853
2800
1990
4364
6801
5490
1541
215
2434
3791
1430
-1156
-173
1695
464
-2998
-4175
-1900
-63
-1462
-4610
-5768
-4223
-2893
-3501
-4902
-5082
-4371
-4394
-5216
-5635
-4569
-3060
-3193
-4880
-5641
-3995
-2018
-1943
-2931
-3086
-2306
-1730
-1543
-1155
-440
84
-51
-474
-264
787
1803
1945
1411
974
1168
1920
2499
2403
1928
1668
1651
1487
1347
1515
1597
1018
-20
-523
-244
110
-200
-1155
-1911
-2046
-1789
-1727
-2018
-2253
-2515
-2791
-2796
-2439
-1946
-1859
-2073
-2235
-1985
-1151
-469
-280
-300
-29
568
1026
1465
1930
2458
2905
2939
3133
3673
4343
4927
5102
5155
5134
5277
5017
4192
4613
6425
7467
5425
1878
1389
4586
7226
5071
421
-572
2304
3643
842
-1654
-309
1397
-363
-3896
-4453
-1717
-94
-2077
-5468
-6159
-4068
-2698
-3644
-5205
-5241
-4437
-4447
-5249
-5476
-4140
-2725
-3219
-5079
-5480
-3403
-1488
-1719
-2865
-2935
-2131
-1518
-1168
-708
-102
191
-79
-463
-93
1097
2030
1935
1236
752
982
1839
2504
2232
1503
1242
1280
1097
1024
1321
1279
334
-744
-933
-387
-24
-602
-1718
-2313
-2125
-1827
-1987
-2182
-2168
-2366
-2728
-2745
-2166
-1507
-1408
-1762
-1977
-1426
-346
294
303
184
453
1076
1781
2485
2793
2807
2901
3249
3971
4503
4629
4644
4968
5662
5881
5387
4333
3825
5210
7168
7110
4137
1289
2205
5602
6725
3351
-280
475
3295
2890
-648
-1778
795
1863
-1363
-5026
-4211
-548
394
-2849
-6244
-5765
-3038
-2255
-3995
-5423
-4741
-3656
-4112
-5367
-5267
-3244
-1829
-3097
-5257
-4957
-2261
-619
-1508
-2799
-2498
-1347
-833
-868
-539
336
826
236
-491
41
1584
2519
2061
1026
612
1246
2253
2512
1900
1452
1495
1290
727
689
1354
1465
301
-1187
-1473
-448
177
-716
-2267
-2846
-2231
-1745
-2048
-2487
-2447
-2345
-2714
-2924
-2347
-1447
-1166
-1727
-2170
-1549
-156
661
328
73
651
1435
1879
2139
2653
3045
3192
3254
3434
4196
4794
4823
4636
4787
5539
5973
5573
4006
2934
4686
7490
7453
3206
-268
1870
6455
6951
1941
-1687
551
3762
2275
-1931
-2166
1172
1616
-2460
-5850
-3907
-7
-2
-3903
-6842
-5489
-2785
-2587
-4444
-5506
-4507
-3597
-4330
-5469
-4919
-2646
-1721
-3508
-5362
-4374
-1558
-537
-1749
-2690
-2112
-1092
-867
-888
-298
587
717
-135
-649
180
1645
2266
1610
625
394
1131
2006
2065
1427
1020
966
617
188
484
1153
792
-661
-1754
-1503
-494
-257
-1386
-2762
-2956
-2220
-1913
-2217
-2404
-2402
-2627
-2910
-2710
-1926
-1204
-1258
-1842
-1960
-1051
19
443
470
450
682
1070
1728
2525
2807
2725
2591
2936
3670
4085
4222
4070
4250
4675
4650
4705
5232
5794
4508
2111
2734
6367
8124
4396
-599
-65
4881
7181
3101
-1686
-720
3091
2925
-1491
-3188
29
2107
-843
-5218
-5181
-1421
389
-2154
-5762
-5941
-3397
-2157
-3492
-5046
-4522
-3165
-3247
-4614
-5039
-3149
-1173
-1836
-4076
-4490
-2279
-422
-813
-2003
-2052
-1161
-686
-769
-639
121
785
426
-382
-382
719
1731
1613
746
108
374
1077
1278
937
727
729
240
-544
-496
263
453
-475
-1740
-2044
-1299
-722
-1132
-2074
-2415
-2178
-1987
-1843
-1756
-1678
-1841
-2106
-1965
-1243
-363
-277
-820
-993
-356
758
1408
1380
1157
1307
1953
2536
2780
2872
3145
3574
3708
3506
3683
4358
4777
4583
4298
4636
5219
5270
3968
2180
2936
6124
7689
4309
-752
-632
4558
7586
3576
-2141
-1588
2993
3574
-1214
-3727
-181
2899
-135
-5664
-5984
-1059
1718
-1409
-6203
-6616
-3107
-1078
-2893
-5317
-4791
-2650
-2476
-4580
-5575
-3279
-429
-1143
-4491
-5479
-2562
217
-468
-2547
-2778
-1384
-582
-1033
-1231
-284
697
272
-1087
-1302
207
1755
1649
245
-638
-15
1148
1450
899
631
936
630
-291
-353
716
1459
453
-1237
-1729
-888
44
-231
-1204
-1902
-2106
-1942
-1709
-1309
-1195
-1825
-2619
-2656
-1638
-689
-749
-1405
-1774
-1351
-483
282
551
423
418
513
739
1412
2248
2544
2051
1721
2213
2917
3354
3237
2973
3140
3447
3628
3623
3820
4279
4577
4595
3521
1877
2079
4895
7239
5160
374
-1275
2498
6708
5155
-172
-1907
1482
3492
340
-2700
-781
2564
1143
-3947
-5751
-2089
1703
333
-4318
-6195
-3823
-1282
-1869
-3936
-4160
-2743
-2384
-3979
-5111
-3437
-646
-613
-3600
-5425
-3420
-401
-79
-1862
-2843
-2115
-1177
-1149
-1288
-631
274
29
-1294
-1785
-465
1249
1516
322
-807
-662
477
1348
1315
886
561
139
-266
184
1307
1569
281
-1259
-1423
-316
579
180
-1062
-1809
-1691
-1428
-1318
-1079
-924
-1480
-2467
-2646
-1572
-354
-323
-1354
-2009
-1405
-262
305
218
93
257
413
489
959
1761
2212
1858
1310
1578
2493
3236
3179
2674
2680
3073
3284
3286
3504
4045
4459
4551
3744
2081
1732
4191
7047
6116
1641
-1097
1356
5795
6109
1705
-1403
506
3248
1661
-1752
-1364
1898
2037
-2281
-5450
-3370
769
1195
-2692
-5899
-4879
-1965
-1334
-3234
-4455
-3453
-2342
-3190
-4776
-4299
-1657
-328
-2385
-5065
-4534
-1407
194
-1168
-2839
-2638
-1410
-963
-1288
-1073
-120
331
-545
-1613
-1094
766
1941
1207
-382
-842
249
1545
1718
1061
731
785
611
321
573
1243
1225
212
-839
-951
-230
283
-20
-912
-1716
-1944
-1616
-1093
-936
-1377
-2084
-2502
-2186
-1414
-921
-1052
-1510
-1681
-1393
-785
-80
288
146
-148
-35
637
1400
1796
1723
1550
1692
1994
2329
2777
3157
3010
2487
2560
3394
4030
3896
3442
3422
4110
4924
4372
2286
1409
3963
7367
6463
1251
-1830
1506
6816
6436
656
-2507
613
3991
1805
-2248
-1744
1801
1829
-2684
-5610
-3071
1098
1020
-3335
-6324
-4663
-1455
-1126
-3428
-4658
-3478
-2222
-3054
-4715
-4152
-1432
-226
-2541
-5170
-4127
-819
356
-1451
-3094
-2498
-1038
-680
-1209
-1110
-120
301
-613
-1530
-865
912
1744
795
-625
-796
490
1633
1468
704
603
963
698
207
592
1373
1054
-293
-946
-365
344
85
-916
-1391
-1069
-970
-1667
-2009
-1216
-680
-1564
-2863
-2741
-1282
-290
-892
-2246
-2315
-860
247
-112
-824
-515
331
701
544
650
1293
1869
1859
1385
1413
2206
2871
2777
2340
2319
2544
2845
3188
3224
3011
2913
3310
3935
4333
4009
2441
1203
2630
5861
6524
2575
-1392
-52
4992
6634
2157
-2217
-766
3300
2988
-1394
-2936
241
2407
-553
-4775
-4385
-364
1396
-1622
-5361
-5163
-2148
-797
-2543
-4412
-3872
-2262
-2208
-3788
-4396
-2538
-551
-1449
-4105
-4585
-2066
-26
-860
-2772
-3092
-1837
-926
-1217
-1633
-1103
-259
-454
-1445
-1594
-360
900
811
-305
-990
-389
844
1361
817
334
564
774
490
338
738
956
537
-83
-418
-320
-122
-75
-264
-687
-1226
-1624
-1314
-614
-548
-1338
-2125
-1994
-1216
-666
-854
-1362
-1409
-1016
-639
-437
-133
120
75
-86
47
785
1479
1523
999
687
1222
1919
2188
1924
1684
1800
1924
2136
2279
2428
2506
2438
2640
2854
3120
3456
3807
3533
2044
1372
3309
6118
5607
1327
-1184
1581
5954
5558
661
-1771
1054
3874
1665
-2158
-1608
1877
2179
-1880
-4811
-2808
923
1086
-2566
-5274
-4050
-1351
-1042
-3061
-4287
-3305
-2034
-2680
-4347
-4253
-1944
-522
-2209
-4646
-4287
-1615
-248
-1460
-2974
-2784
-1534
-1028
-1426
-1494
-663
15
-561
-1527
-1287
281
1479
988
-350
-772
308
1557
1726
1151
849
1102
1169
909
961
1513
1758
1033
191
75
523
882
657
36
-602
-831
-679
-472
-260
-432
-1133
-1770
-1700
-1038
-583
-713
-1330
-1803
-1495
-789
-419
-481
-625
-642
-563
-242
224
549
687
556
332
427
1025
1689
1694
1243
1046
1421
2043
2267
2164
2094
2247
2552
2760
2932
3161
3632
4128
3675
2156
1456
3495
6538
6198
1950
-1077
1336
5977
6176
1532
-1508
735
3758
2204
-1474
-1529
1615
2188
-1589
-4745
-3196
535
1089
-2419
-5480
-4670
-1924
-1255
-3158
-4574
-3800
-2566
-3108
-4663
-4499
-2250
-926
-2617
-5051
-4681
-1936
-423
-1601
-3269
-3164
-1861
-1154
-1385
-1471
-738
-94
-535
-1361
-1108
327
1442
1122
-50
-543
352
1628
2020
1585
1185
1116
1053
1037
1376
1856
1717
693
-219
21
882
1005
106
-856
-1077
-728
-549
-918
-1348
-1369
-1444
-1962
-2326
-1947
-1317
-1346
-2065
-2597
-2193
-1227
-843
-1246
-1524
-1140
-615
-404
-230
136
452
471
328
429
989
1657
1821
1447
1229
1676
2363
2635
2494
2330
2390
2681
3096
3384
3359
3354
3797
4279
3595
1960
1788
4398
6834
5074
377
-1333
2380
6427
4975
-128
-1994
1065
3282
831
-2349
-1474
1332
793
-3071
-5091
-2664
562
-67
-3822
-5937
-4291
-1796
-1802
-3703
-4633
-3650
-2698
-3398
-4445
-3592
-1447
-949
-2901
-4426
-3175
-685
51
-1290
-2449
-2011
-840
-339
-541
-444
149
330
-308
-799
-116
1234
1786
967
-174
-200
922
1885
1817
1217
982
1101
1016
822
1117
1713
1502
282
-541
-21
940
875
-288
-1200
-959
-261
-487
-1399
-1534
-885
-881
-1875
-2484
-1805
-730
-683
-1808
-2550
-1715
-341
-157
-1043
-1376
-618
165
162
-138
97
848
1240
856
475
952
1952
2317
1718
1086
1314
2205
2728
2412
1816
1736
2224
2575
2570
2637
2856
2934
2931
3273
3426
2483
1375
2201
4803
5615
2615
-845
-68
4090
5733
2398
-1301
-653
2387
2492
-486
-1852
122
1545
-637
-3745
-3510
-402
1128
-1247
-4524
-4698
-2047
-426
-1766
-3743
-3679
-2228
-1839
-2990
-3569
-2203
-590
-1190
-3270
-3726
-1727
101
-439
-2203
-2715
-1622
-557
-599
-1085
-931
-343
-326
-916
-1048
-186
806
773
-222
-850
-246
898
1360
935
437
506
867
999
916
1010
1268
1112
379
-54
459
1219
1109
15
-965
-746
233
458
-495
-1350
-1197
-732
-804
-1126
-1119
-926
-1048
-1543
-1831
-1338
-539
-515
-1226
-1579
-1048
-293
-115
-442
-641
-328
116
165
35
202
628
707
423
402
879
1439
1430
980
921
1466
1993
1932
1693
1896
2377
2634
2589
2927
3565
3380
2142
1455
3043
5457
5271
2073
-337
1472
5154
5573
1982
-779
661
3198
2510
-335
-1000
1062
1727
-862
-3392
-2475
395
969
-1764
-4459
-4014
-1627
-827
-2454
-4068
-3658
-2364
-2422
-3662
-3894
-2324
-1092
-2195
-4113
-3941
-1713
-357
-1351
-2910
-2888
-1544
-746
-1119
-1484
-967
-241
-444
-1189
-1107
126
1216
953
-204
-669
297
1651
1929
1163
618
981
1644
1716
1377
1323
1596
1516
812
261
574
1284
1265
224
-876
-925
-93
238
-620
-1621
-1706
-1259
-1259
-1789
-2068
-1812
-1547
-1860
-2456
-2359
-1518
-1040
-1550
-2163
-1901
-1055
-486
-636
-1006
-826
-193
188
91
146
610
905
797
726
1082
1601
1860
1738
1544
1812
2358
2604
2476
2380
2668
3149
3408
3381
3463
3957
4033
3002
2068
3179
5539
5639
2512
-140
1258
4784
5305
1875
-900
312
2702
1977
-904
-1669
335
1214
-1150
-3795
-3248
-523
382
-1928
-4499
-4321
-2193
-1208
-2385
-3731
-3443
-2307
-2231
-3246
-3484
-2071
-735
-1446
-3207
-3359
-1450
154
-388
-1944
-2305
-1144
-131
-331
-876
-610
144
200
-477
-682
190
1246
1252
247
-394
238
1415
1765
1123
535
638
1067
1198
1015
890
897
694
96
-319
17
579
415
-576
-1436
-1257
-425
-204
-1093
-1936
-1748
-1183
-1233
-1757
-1854
-1420
-1214
-1621
-2027
-1615
-752
-580
-1228
-1649
-1117
-238
25
-324
-548
-151
432
612
453
497
955
1249
1011
773
1161
1832
1967
1495
1127
1382
2052
2405
2125
1766
1879
2308
2565
2607
2639
2814
3080
2849
1946
1517
2786
4602
4301
1585
-396
1003
3947
4319
1486
-750
242
2129
1566
-549
-897
748
1177
-1028
-3082
-2179
315
801
-1510
-3720
-3287
-1250
-496
-1774
-3044
-2696
-1676
-1733
-2679
-2798
-1532
-572
-1435
-3022
-3032
-1271
-36
-762
-2204
-2468
-1464
-697
-914
-1311
-1052
-561
-723
-1292
-1211
-242
581
258
-732
-1056
-237
807
987
409
-20
162
589
790
793
815
783
495
115
166
680
981
616
-79
-374
-118
249
275
-88
-454
-657
-780
-774
-576
-427
-698
-1212
-1445
-1203
-758
-628
-995
-1389
-1344
-970
-713
-656
-627
-581
-519
-476
-379
-92
263
354
96
-78
160
596
857
787
626
693
968
1255
1419
1522
1576
1553
1660
1976
2307
2480
2588
2911
3262
3045
2194
1817
3060
4873
4796
2342
284
1373
4226
4957
2511
115
644
2471
2352
410
-378
827
1366
-463
-2559
-2144
5
606
-1461
-3719
-3630
-1856
-1081
-2207
-3501
-3412
-2586
-2563
-3285
-3368
-2364
-1607
-2309
-3518
-3397
-1880
-814
-1376
-2509
-2639
-1743
-1013
-1044
-1243
-1020
-649
-680
-912
-648
160
706
447
-144
-185
526
1287
1429
1050
799
1001
1331
1452
1452
1488
1434
1141
812
762
1015
1220
991
397
-115
-178
104
253
-48
-686
-1206
-1293
-1075
-914
-1052
-1394
-1703
-1821
-1690
-1402
-1209
-1298
-1590
-1716
-1467
-997
-616
-551
-655
-631
-356
15
263
388
461
531
640
772
979
1238
1437
1472
1361
1394
1686
2050
2184
2042
1930
2024
2301
2552
2651
2690
2764
2982
3228
3119
2493
1917
2481
3918
4283
2512
404
711
3014
4051
2200
-247
-317
1307
1674
95
-1119
-507
233
-787
-2560
-2741
-1194
-328
-1585
-3490
-3751
-2296
-1271
-1925
-3157
-3281
-2395
-1975
-2494
-2847
-2150
-1243
-1483
-2571
-2827
-1611
-399
-688
-1896
-2320
-1470
-523
-513
-1067
-1161
-658
-354
-582
-738
-272
374
434
-107
-470
-23
824
1126
694
282
457
860
976
827
724
758
697
421
205
311
539
457
30
-375
-487
-349
-217
-334
-678
-1023
-1182
-1120
-928
-814
-981
-1278
-1401
-1212
-935
-847
-947
-1047
-998
-838
-656
-477
-365
-340
-348
-272
-90
120
279
306
224
199
326
567
758
781
647
575
765
1095
1276
1188
1015
1080
1403
1690
1659
1555
1706
1947
2055
2138
2450
2682
2364
1780
1726
2706
3677
3186
1490
578
1666
3262
3181
1470
189
678
1659
1353
116
-352
283
405
-746
-1834
-1516
-351
-237
-1617
-2914
-2682
-1498
-1130
-1984
-2852
-2792
-2214
-2140
-2577
-2650
-2102
-1741
-2258
-2921
-2667
-1698
-1201
-1748
-2466
-2345
-1564
-1038
-1171
-1380
-1164
-823
-751
-810
-520
51
332
137
-155
26
638
1114
1105
841
807
1041
1224
1284
1338
1431
1401
1113
773
764
1172
1442
1067
333
-21
280
670
510
-159
-647
-551
-341
-542
-939
-992
-801
-916
-1391
-1662
-1332
-851
-910
-1508
-1878
-1517
-912
-747
-1071
-1276
-1049
-672
-502
-504
-390
-147
-44
-128
-77
336
792
805
534
539
987
1438
1455
1292
1375
1677
1866
1831
1933
2223
2336
2234
2205
2535
2849
2847
2759
2698
2662
2411
2324
2904
3519
3134
1647
810
1738
3094
2996
1255
-24
415
1371
1198
-53
-640
-200
-102
-1011
-1957
-1698
-813
-815
-1977
-3056
-2812
-1815
-1531
-2229
-2920
-2761
-2256
-2201
-2459
-2443
-1915
-1556
-1900
-2365
-2106
-1179
-684
-1076
-1613
-1527
-843
-344
-413
-651
-558
-177
-33
-130
-77
257
534
449
203
194
563
948
944
642
498
689
911
942
838
796
777
665
506
453
571
619
395
63
-70
24
44
-104
-254
-432
-694
-918
-858
-616
-634
-1076
-1547
-1482
-999
-828
-1224
-1623
-1531
-1189
-1089
-1215
-1227
-1054
-903
-941
-963
-710
-326
-175
-389
-511
-238
178
305
129
82
322
592
646
546
578
782
877
766
748
997
1233
1171
1049
1169
1450
1693
1687
1597
1751
2165
2483
2296
1939
1787
2023
2743
3285
2935
1756
1092
1884
3051
3095
1724
542
824
1669
1585
488
-49
397
480
-465
-1447
-1183
-206
-140
-1366
-2602
-2433
-1359
-1020
-1833
-2684
-2523
-1900
-1880
-2388
-2553
-1964
-1480
-1857
-2534
-2433
-1490
-911
-1344
-2049
-2013
-1260
-751
-889
-1175
-1018
-553
-406
-570
-544
-97
320
196
-155
-125
413
900
873
589
550
892
1246
1252
1131
1170
1338
1371
1181
1083
1218
1423
1309
851
611
802
1051
855
308
-3
74
171
-179
-758
-837
-506
-506
-1167
-1798
-1647
-1116
-1004
-1616
-2243
-2105
-1557
-1386
-1791
-2085
-1861
-1556
-1529
-1652
-1532
-1161
-967
-1088
-1226
-939
-386
-218
-503
-661
-218
401
559
350
279
574
974
1096
1043
1197
1576
1768
1623
1631
1973
2300
2414
2392
2430
2635
2898
3002
2840
2712
2668
2594
2820
3265
3253
2318
1370
1607
2611
2960
1903
503
287
1086
1341
362
-594
-461
-126
-676
-1670
-1888
-1256
-1001
-1771
-2847
-2959
-2106
-1658
-2243
-2998
-2943
-2386
-2213
-2478
-2620
-2271
-1783
-1832
-2249
-2249
-1527
-893
-1067
-1586
-1613
-1010
-437
-396
-626
-591
-235
19
-4
53
385
720
717
519
544
851
1221
1316
1167
1035
1118
1273
1304
1285
1270
1182
999
887
891
936
857
593
315
275
336
189
-93
-278
-320
-452
-671
-904
-964
-876
-993
-1414
-1718
-1485
-1166
-1316
-1835
-2123
-1864
-1420
-1397
-1813
-2039
-1749
-1430
-1511
-1658
-1495
-1099
-931
-1060
-1136
-818
-327
-187
-342
-357
4
421
579
517
577
902
1235
1212
1068
1217
1604
1847
1725
1589
1689
2020
2217
2093
1983
2128
2411
2526
2507
2530
2608
2614
2393
2046
2240
3024
3341
2340
969
980
2277
3074
2082
361
-47
944
1515
588
-524
-434
120
-249
-1392
-1870
-1128
-404
-963
-2349
-2870
-1993
-1141
-1495
-2459
-2721
-2145
-1736
-1968
-2299
-2038
-1438
-1352
-1863
-2107
-1433
-557
-514
-1139
-1425
-895
-177
29
-206
-282
53
364
292
203
538
1022
1070
684
454
715
1244
1470
1201
820
805
1073
1202
1093
990
1005
924
667
410
455
702
733
384
-108
-335
-213
17
13
-335
-856
-1168
-1133
-873
-791
-1161
-1709
-1958
-1753
-1582
-1685
-1909
-2036
-2032
-2071
-2132
-2050
-1797
-1655
-1889
-2119
-1856
-1326
-1019
-1154
-1313
-1159
-717
-314
-241
-222
-33
224
394
531
777
1005
1079
1089
1141
1362
1614
1679
1623
1566
1657
1761
1854
1928
1900
1875
1865
1917
2006
2029
2032
2051
2147
2266
2210
1993
1646
1593
2158
2738
2416
1125
337
1024
2302
2415
908
-421
-85
1018
972
-288
-917
-314
58
-836
-1966
-1740
-527
-188
-1403
-2699
-2372
-1021
-561
-1445
-2271
-1921
-1095
-938
-1453
-1651
-1006
-391
-717
-1473
-1357
-331
246
-282
-1065
-1045
-314
170
-79
-507
-413
5
59
-235
-282
119
454
247
-208
-276
208
626
477
45
-78
202
394
266
89
113
203
97
-145
-241
-115
36
-50
-338
-559
-552
-389
-353
-495
-681
-777
-776
-824
-881
-857
-789
-838
-1072
-1204
-1068
-843
-869
-1140
-1237
-1101
-974
-1033
-1166
-1142
-992
-916
-1078
-1182
-918
-617
-653
-896
-879
-505
-180
-166
-352
-331
30
305
279
239
451
702
714
621
671
956
1182
1041
766
806
1163
1412
1306
1084
1070
1318
1555
1530
1437
1486
1668
1865
2018
2114
2098
2114
2103
1988
2101
2629
2998
2455
1441
1210
2131
3013
2489
988
340
1143
1911
1283
84
-115
462
401
-594
-1251
-758
-26
-389
-1663
-2270
-1553
-731
-1025
-1955
-2260
-1768
-1335
-1561
-2046
-1964
-1380
-1189
-1710
-2084
-1607
-860
-741
-1278
-1679
-1335
-657
-453
-802
-976
-635
-313
-366
-531
-362
47
189
-77
-346
-147
325
484
209
-73
44
366
456
303
208
299
369
275
165
204
382
419
190
-16
43
225
220
70
-34
-90
-150
-249
-307
-297
-338
-523
-743
-772
-677
-711
-886
-1038
-1042
-1022
-1090
-1144
-1117
-1079
-1170
-1285
-1240
-1079
-951
-985
-1079
-1018
-805
-618
-554
-482
-343
-230
-108
40
215
378
490
557
608
754
943
1061
1085
1090
1169
1258
1292
1325
1353
1369
1374
1395
1485
1602
1684
1629
1591
1743
1947
2028
2043
2203
2409
2450
2300
2028
1987
2484
3078
2900
1840
1067
1507
2597
2815
1539
184
309
1368
1464
251
-617
-248
226
-404
-1503
-1606
-739
-427
-1415
-2558
-2426
-1432
-1104
-1873
-2634
-2468
-1842
-1672
-2063
-2314
-1957
-1492
-1628
-2119
-2086
-1376
-882
-1162
-1700
-1713
-1132
-652
-754
-1110
-1058
-621
-418
-574
-631
-351
-38
-44
-269
-319
37
461
472
184
112
411
664
658
593
614
686
673
553
493
630
796
662
324
206
352
475
412
223
1
-121
-52
-42
-201
-360
-480
-611
-725
-737
-793
-939
-1005
-1079
-1228
-1323
-1271
-1196
-1227
-1287
-1393
-1472
-1365
-1188
-1089
-1095
-1112
-1085
-979
-739
-542
-485
-465
-370
-148
120
337
444
470
568
765
1012
1201
1279
1324
1363
1404
1472
1579
1694
1710
1651
1594
1560
1603
1684
1739
1711
1645
1644
1659
1712
1766
1787
1816
1878
1919
1846
1746
1687
1580
1578
1858
2033
1560
723
498
1130
1727
1314
112
-532
23
699
234
-775
-991
-496
-464
-1229
-1822
-1479
-782
-922
-1954
-2552
-1942
-1111
-1224
-1989
-2292
-1843
-1332
-1356
-1723
-1722
-1245
-951
-1217
-1502
-1187
-602
-450
-803
-1098
-884
-380
-163
-419
-664
-459
-145
-156
-325
-288
-37
78
-82
-313
-248
128
314
90
-194
-171
36
146
122
37
-7
27
6
-65
-44
77
146
59
-46
-65
43
190
206
124
49
6
3
98
262
251
-12
-291
-269
59
227
-10
-344
-366
-153
-103
-256
-357
-272
-181
-318
-509
-440
-180
-101
-330
-510
-387
-116
8
-86
-192
-149
-22
53
97
203
304
308
254
286
450
591
609
533
465
511
618
668
614
551
536
532
552
596
626
654
727
798
814
844
960
1125
1288
1387
1436
1566
1774
1879
1872
1974
2093
1997
1887
2119
2474
2318
1572
1039
1420
2179
2045
917
142
511
1095
717
-241
-595
-205
-63
-755
-1484
-1361
-753
-791
-1673
-2305
-1980
-1314
-1286
-1881
-2286
-2092
-1706
-1703
-2015
-2058
-1686
-1445
-1700
-2025
-1867
-1388
-1127
-1316
-1627
-1579
-1167
-858
-928
-1074
-978
-751
-621
-610
-550
-337
-109
-76
-220
-230
53
362
425
287
229
367
556
633
610
616
672
708
688
691
790
897
870
737
661
705
819
913
851
642
511
558
618
525
370
333
375
319
67
-165
-111
85
18
-335
-561
-464
-324
-430
-706
-845
-757
-684
-798
-948
-946
-874
-937
-1088
-1102
-927
-805
-892
-1026
-992
-792
-638
-640
-670
-567
-378
-283
-271
-188
-26
96
108
103
206
398
521
500
488
589
718
781
818
870
933
1037
1150
1203
1231
1312
1453
1584
1642
1679
1825
2050
2123
2037
2095
2296
2241
1913
1913
2469
2793
2137
1088
992
1967
2491
1551
197
62
905
1105
102
-861
-711
-153
-453
-1490
-1977
-1442
-941
-1457
-2464
-2747
-2113
-1600
-1952
-2663
-2805
-2282
-1900
-2121
-2462
-2292
-1790
-1637
-1909
-2031
-1635
-1085
-976
-1290
-1435
-1055
-534
-400
-569
-603
-337
-42
7
-72
25
351
547
423
275
440
782
929
811
680
752
961
1064
983
904
923
992
962
856
812
855
905
824
643
524
574
679
612
387
259
297
297
117
-77
-83
4
-62
-388
-676
-606
-361
-414
-823
-1110
-1001
-796
-878
-1181
-1328
-1207
-1089
-1221
-1437
-1372
-1120
-1095
-1322
-1430
-1189
-872
-845
-1028
-1064
-788
-469
-421
-540
-467
-146
79
57
29
193
411
480
441
472
626
778
772
674
673
802
891
859
829
886
993
1035
984
960
1092
1298
1393
1359
1397
1570
1727
1797
1843
1914
1990
2139
2340
2315
1911
1643
2074
2753
2589
1462
703
1304
2363
2168
726
-170
422
1182
668
-528
-839
-172
38
-898
-1878
-1675
-787
-701
-1733
-2562
-2216
-1370
-1270
-2003
-2503
-2148
-1540
-1534
-1994
-2079
-1534
-1094
-1329
-1765
-1622
-964
-576
-830
-1206
-1085
-574
-275
-449
-649
-463
-103
2
-165
-193
100
404
382
145
138
483
804
794
607
597
815
1013
1008
916
975
1116
1148
1036
948
1037
1177
1177
998
819
842
950
919
750
602
544
459
299
162
123
97
-69
-350
-523
-487
-455
-655
-968
-1112
-1051
-1034
-1215
-1442
-1525
-1485
-1493
-1630
-1736
-1684
-1582
-1626
-1771
-1776
-1598
-1429
-1429
-1533
-1526
-1326
-1082
-994
-1018
-946
-750
-577
-514
-458
-302
-117
0
25
68
206
373
475
489
526
643
775
863
912
976
1087
1209
1281
1307
1402
1599
1748
1781
1807
1933
2105
2232
2308
2331
2306
2330
2522
2789
2747
2236
1805
2112
2850
2850
1783
844
1144
2055
2015
807
-141
163
799
406
-737
-1209
-657
-332
-1122
-2182
-2226
-1450
-1197
-2012
-2871
-2744
-2004
-1803
-2391
-2861
-2555
-1954
-1900
-2337
-2460
-1938
-1395
-1457
-1856
-1817
-1227
-727
-780
-1059
-972
-514
-165
-190
-290
-84
282
435
323
281
546
907
1015
847
757
972
1262
1322
1169
1117
1268
1382
1305
1175
1197
1316
1276
1054
871
890
975
882
637
431
361
315
166
-14
-144
-233
-394
-655
-858
-889
-864
-1041
-1397
-1654
-1630
-1502
-1591
-1901
-2139
-2115
-1986
-2037
-2207
-2254
-2154
-2099
-2192
-2248
-2101
-1855
-1751
-1845
-1886
-1674
-1328
-1113
-1120
-1109
-898
-590
-389
-312
-186
61
301
402
453
620
877
1038
1050
1059
1214
1408
1484
1432
1408
1515
1651
1687
1627
1609
1694
1750
1703
1649
1720
1860
1876
1767
1705
1806
1937
1931
1865
1897
2002
2000
1841
1756
1888
2088
2061
1758
1472
1441
1657
1775
1576
1137
817
839
988
911
543
174
64
64
-103
-402
-576
-551
-606
-925
-1284
-1312
-1065
-999
-1294
-1653
-1671
-1387
-1233
-1371
-1549
-1496
-1298
-1243
-1335
-1301
-1071
-885
-942
-1085
-1004
-709
-490
-526
-649
-611
-411
-262
-252
-257
-185
-77
-58
-104
-72
60
195
193
70
15
106
262
322
237
158
173
249
297
271
231
244
265
217
135
98
146
187
100
-68
-174
-163
-123
-196
-358
-487
-560
-637
-737
-801
-836
-954
-1150
-1298
-1297
-1239
-1298
-1492
-1642
-1653
-1608
-1622
-1682
-1688
-1675
-1716
-1766
-1706
-1527
-1392
-1419
-1506
-1445
-1211
-968
-875
-883
-832
-657
-452
-292
-162
-24
118
216
301
456
669
843
912
918
1005
1171
1323
1392
1415
1457
1526
1586
1628
1660
1684
1708
1713
1725
1725
1713
1712
1742
1775
1777
1741
1722
1739
1769
1786
1812
1834
1816
1738
1672
1728
1848
1854
1673
1444
1359
1422
1461
1354
1104
830
624
542
525
448
181
-195
-460
-523
-529
-691
-978
-1199
-1285
-1378
-1538
-1683
-1682
-1642
-1732
-1940
-2058
-1948
-1738
-1687
-1817
-1921
-1836
-1628
-1491
-1461
-1448
-1359
-1247
-1158
-1091
-970
-812
-712
-694
-694
-595
-410
-258
-212
-231
-211
-86
56
128
161
211
283
330
342
394
491
575
575
520
512
575
643
651
602
550
515
493
478
463
425
348
264
181
120
64
14
-44
-136
-252
-372
-449
-474
-508
-611
-749
-848
-883
-911
-969
-1042
-1067
-1077
-1127
-1199
-1224
-1133
-1043
-1071
-1155
-1156
-1004
-826
-776
-812
-779
-614
-409
-288
-243
-165
-2
185
323
431
556
719
861
967
1067
1181
1324
1438
1495
1522
1567
1653
1732
1764
1735
1700
1718
1747
1750
1700
1650
1637
1609
1549
1497
1483
1486
1454
1366
1279
1252
1290
1310
1257
1156
1092
1110
1148
1110
1021
1005
1057
1034
865
740
822
970
897
625
435
489
587
481
271
161
147
25
-203
-302
-228
-227
-491
-830
-909
-770
-746
-968
-1222
-1286
-1228
-1267
-1408
-1473
-1414
-1390
-1501
-1629
-1590
-1418
-1322
-1394
-1490
-1438
-1254
-1106
-1087
-1095
-1010
-853
-743
-704
-652
-517
-361
-294
-292
-253
-124
10
63
56
75
145
206
226
243
277
287
244
207
231
282
275
190
101
85
118
110
31
-55
-95
-108
-143
-208
-279
-330
-343
-360
-424
-515
-583
-593
-579
-605
-689
-780
-823
-809
-807
-842
-885
-928
-960
-968
-931
-895
-914
-960
-953
-859
-762
-762
-808
-757
-609
-485
-483
-501
-406
-238
-135
-133
-113
8
161
233
232
255
364
490
542
548
562
628
707
748
748
738
760
806
818
782
753
753
773
759
707
658
643
650
633
578
528
503
493
482
453
421
410
415
407
377
358
395
463
490
449
412
463
558
625
633
626
645
683
727
779
827
822
777
769
811
814
727
645
664
695
576
346
230
306
350
150
-159
-286
-205
-181
-392
-665
-741
-670
-692
-879
-1038
-1017
-920
-939
-1081
-1168
-1091
-936
-878
-930
-978
-908
-753
-638
-605
-594
-519
-393
-313
-298
-250
-143
-33
-6
-50
-38
47
136
150
101
83
115
141
144
124
114
109
94
78
66
70
68
39
-3
-21
-1
8
-26
-89
-113
-93
-80
-125
-199
-213
-196
-208
-268
-319
-314
-318
-374
-439
-433
-381
-402
-513
-589
-529
-421
-423
-538
-605
-535
-422
-392
-441
-458
-389
-315
-297
-287
-235
-147
-105
-111
-84
13
118
152
130
150
249
347
374
360
392
468
524
526
533
585
644
657
634
645
690
727
721
695
693
715
728
712
680
665
672
681
663
625
600
603
618
597
560
561
575
575
558
560
597
630
631
622
651
715
767
784
785
791
828
891
949
961
912
867
900
973
970
861
752
741
765
700
554
427
378
339
221
55
-60
-121
-197
-325
-463
-560
-625
-682
-766
-856
-932
-972
-985
-995
-1022
-1060
-1076
-1057
-1013
-988
-989
-993
-953
-893
-844
-835
-845
-813
-731
-679
-694
-729
-709
-626
-596
-628
-679
-661
-598
-582
-623
-652
-623
-580
-576
-600
-597
-565
-534
-526
-533
-519
-482
-449
-439
-437
-422
-386
-349
-349
-372
-368
-313
-263
-283
-362
-392
-328
-238
-235
-337
-424
-399
-285
-225
-293
-404
-423
-334
-238
-247
-327
-359
-297
-211
-198
-231
-224
-161
-107
-110
-130
-89
1
43
13
-15
35
133
175
146
115
145
218
263
253
230
246
291
317
312
318
334
351
358
361
379
406
416
400
399
421
456
462
454
459
478
493
501
516
537
554
547
547
574
625
651
634
621
651
711
761
765
736
738
793
865
887
846
811
849
920
941
885
820
823
875
881
790
686
658
683
658
548
417
345
344
308
186
33
-59
-75
-116
-233
-364
-439
-455
-494
-601
-698
-717
-705
-747
-843
-893
-856
-807
-836
-911
-925
-855
-785
-789
-846
-841
-750
-669
-665
-709
-690
-593
-512
-512
-557
-540
-450
-374
-388
-435
-422
-340
-282
-302
-356
-357
-291
-244
-264
-324
-336
-285
-242
-263
-314
-331
-293
-254
-261
-292
-291
-249
-208
-204
-212
-176
-112
-66
-58
-48
10
98
163
184
196
250
340
421
457
471
505
559
621
669
688
692
710
734
759
774
773
767
747
740
742
731
708
677
647
629
616
588
547
513
494
478
446
416
381
360
350
328
306
272
254
254
234
207
190
185
186
172
146
125
130
150
145
121
118
126
140
154
169
184
182
190
220
263
302
315
307
326
391
447
457
441
458
509
540
542
522
522
552
558
513
463
449
460
429
345
262
220
199
147
51
-52
-121
-166
-235
-340
-428
-487
-542
-619
-714
-788
-819
-838
-897
-986
-1042
-1037
-1019
-1037
-1100
-1138
-1119
-1068
-1038
-1062
-1087
-1060
-988
-936
-924
-925
-899
-831
-758
-727
-720
-700
-640
-558
-512
-499
-489
-440
-367
-316
-309
-306
-256
-189
-150
-155
-152
-99
-33
-4
-12
-14
32
94
130
131
131
161
201
229
257
276
293
301
308
333
372
391
374
342
351
396
406
369
327
328
352
347
296
250
253
279
261
200
165
169
194
187
160
140
135
145
159
182
201
197
184
204
256
305
317
302
308
356
418
447
443
432
451
503
547
549
514
507
550
597
595
536
498
533
585
572
493
442
459
490
472
393
332
333
347
309
234
183
171
161
107
33
-5
-22
-57
-120
-177
-206
-233
-282
-340
-371
-392
-440
-485
-511
-523
-552
-607
-631
-621
-627
-675
-712
-703
-678
-690
-734
-753
-717
-682
-702
-736
-736
-690
-653
-657
-669
-653
-606
-565
-544
-529
-494
-447
-401
-364
-323
-273
-222
-175
-130
-73
-14
33
70
110
164
223
257
265
278
324
384
399
367
351
378
430
431
384
348
361
393
383
343
328
340
345
329
309
319
343
347
323
308
343
379
380
346
324
356
403
395
336
302
325
356
344
283
235
228
234
226
191
148
107
84
80
86
76
30
-18
-26
6
44
27
-30
-63
-22
68
97
33
-35
10
142
207
126
23
68
227
307
218
101
126
267
336
261
154
153
225
269
235
168
138
146
164
157
117
73
59
73
74
28
-20
-17
16
4
-71
-115
-78
-22
-57
-144
-173
-126
-87
-127
-186
-192
-162
-168
-204
-213
-196
-198
-240
-278
-266
-240
-256
-304
-339
-333
-316
-330
-378
-409
-396
-387
-412
-454
-464
-430
-423
-469
-508
-485
-432
-422
-465
-488
-455
-402
-376
-387
-401
-382
-325
-266
-253
-278
-282
-210
-124
-106
-144
-142
-60
18
9
-32
5
87
121
91
72
118
175
195
175
162
171
203
240
248
221
188
203
257
284
249
197
199
242
254
224
191
188
196
170
127
108
117
120
68
-1
-33
-16
0
-41
-113
-172
-181
-149
-130
-170
-263
-324
-278
-189
-186
-292
-376
-324
-203
-177
-253
-319
-281
-181
-138
-172
-209
-175
-101
-52
-64
-78
-33
28
46
26
45
117
168
156
138
178
236
248
248
276
312
297
274
320
401
401
307
262
338
426
388
276
227
283
332
284
204
161
169
176
138
83
49
43
38
-4
-54
-73
-62
-62
-109
-166
-168
-138
-122
-164
-220
-221
-175
-147
-170
-216
-224
-170
-124
-132
-179
-186
-122
-67
-87
-134
-108
-12
21
-39
-81
-3
117
109
0
-25
99
217
181
56
58
192
283
225
123
137
259
318
245
164
192
302
343
264
178
207
315
354
268
175
184
276
320
250
166
163
220
235
177
122
122
147
126
67
34
62
79
27
-52
-86
-45
-11
-48
-135
-183
-145
-89
-98
-170
-230
-210
-147
-123
-167
-219
-211
-149
-112
-127
-157
-152
-121
-89
-70
-72
-76
-69
-43
-8
12
-6
-11
18
54
64
38
42
84
113
92
64
86
149
160
111
78
128
206
202
121
86
173
265
243
127
88
201
326
288
132
73
202
347
314
136
56
175
316
289
128
37
113
226
204
76
-3
37
102
78
-16
-72
-49
-9
-37
-120
-162
-132
-101
-134
-209
-244
-209
-168
-194
-266
-293
-255
-221
-247
-300
-298
-257
-250
-292
-319
-287
-237
-250
-314
-337
-276
-209
-227
-304
-331
-270
-196
-194
-257
-297
-259
-193
-169
-192
-225
-219
-187
-146
-123
-133
-155
-156
-116
-73
-59
-72
-89
-77
-45
-18
6
2
-32
-60
-21
61
79
-7
-89
-44
76
106
-8
-122
-84
45
81
-37
-157
-133
-28
8
-85
-189
-190
-119
-81
-136
-222
-234
-189
-156
-181
-243
-269
-236
-184
-193
-245
-277
-235
-163
-155
-209
-241
-184
-98
-75
-126
-148
-90
-2
26
-7
-15
46
113
139
133
151
209
256
270
277
313
372
403
391
395
442
501
520
500
484
513
564
591
560
515
515
549
567
529
474
450
465
460
419
360
333
327
295
235
190
175
159
114
49
4
-13
-17
-58
-124
-169
-183
-187
-206
-246
-278
-299
-307
-316
-324
-331
-345
-361
-362
-340
-322
-326
-332
-318
-287
-262
-259
-242
-202
-153
-145
-154
-123
-60
2
5
-17
3
76
141
147
120
123
178
239
250
225
214
251
292
304
281
272
288
303
302
281
281
294
285
246
212
223
243
221
154
93
97
140
126
45
-32
-35
3
-10
-73
-137
-140
-116
-132
-181
-212
-187
-162
-186
-234
-240
-190
-145
-161
-207
-213
-153
-96
-90
-122
-125
-76
-21
-3
-22
-29
10
65
83
71
61
93
145
168
156
141
163
200
230
230
213
213
229
252
260
249
238
230
248
261
243
209
187
195
206
186
131
95
94
102
88
34
-15
-25
-26
-36
-72
-112
-136
-149
-164
-185
-196
-207
-234
-262
-274
-262
-261
-281
-311
-332
-319
-307
-311
-330
-353
-349
-329
-327
-332
-341
-333
-313
-303
-303
-308
-285
-254
-238
-243
-238
-204
-168
-143
-140
-132
-99
-64
-41
-34
-24
4
31
43
41
55
74
85
93
89
96
112
113
109
115
128
125
114
107
112
130
137
121
106
105
117
127
114
94
86
91
89
74
53
41
44
39
9
-29
-43
-36
-33
-57
-95
-123
-122
-102
-103
-130
-164
-169
-143
-127
-132
-147
-150
-130
-109
-94
-89
-80
-55
-28
-16
-5
13
32
57
79
87
102
127
150
165
172
187
208
221
226
226
233
255
265
267
254
256
267
276
276
259
249
248
252
240
221
206
196
186
165
139
122
111
94
62
34
12
1
-11
-35
-66
-87
-96
-110
-128
-148
-161
-169
-174
-190
-200
-204
-203
-212
-225
-235
-236
-225
-226
-232
-242
-245
-232
-227
-235
-239
-236
-220
-210
-205
-209
-204
-181
-170
-162
-160
-143
-124
-106
-89
-86
-75
-60
-38
-21
-15
-7
11
27
35
47
55
61
78
88
89
94
102
119
125
126
129
128
138
150
157
155
153
160
168
171
174
168
163
165
169
165
153
147
139
129
122
107
94
86
73
63
40
26
17
-2
-13
-27
-38
-52
-58
-64
-81
-86
-91
-93
-97
-107
-106
-98
-95
-94
-91
-89
-80
-70
-57
-52
-40
-30
-12
7
20
32
40
61
80
94
106
123
142
159
181
189
199
213
226
246
255
257
264
274
282
285
281
273
275
275
264
253
241
223
213
198
174
154
138
124
106
79
58
37
17
0
-22
-43
-63
-73
-90
-107
-122
-132
-144
-160
-166
-180
-187
-192
-197
-203
-215
-217
-215
-220
-222
-222
-220
-214
-212
-201
-199
-196
-191
-179
-172
-166
-157
-149
-136
-126
-119
-112
-102
-90
-79
-71
-63
-56
-49
-37
-26
-23
-22
-11
-1
6
13
19
26
29
38
44
51
54
63
68
73
79
79
85
84
85
86
86
86
85
78
74
75
69
59
49
44
34
27
17
3
-10
-19
-30
-42
-54
-65
-75
-84
-88
-94
-106
-110
-115
-121
-126
-126
-131
-132
-130
-130
-127
-129
-126
-124
-116
-113
-110
-102
-95
-86
-72
-68
-62
-51
-43
-26
-15
-5
6
21
36
44
56
68
79
93
105
115
129
137
144
154
157
160
166
167
166
169
165
160
157
146
139
132
121
108
97
83
74
60
43
28
10
-9
-26
-41
-61
-79
-95
-113
-127
-146
-162
-174
-187
-198
-210
-222
-231
-239
-242
-246
-247
-248
-249
-245
-238
-231
-224
-215
-204
-184
-172
-156
-139
-124
-106
-86
-69
-53
-30
-14
3
25
35
54
69
82
101
107
120
129
134
143
146
153
158
157
158
155
153
147
143
137
131
126
122
113
108
102
92
91
83
74
70
68
61
57
51
45
43
40
38
35
32
33
34
36
38
36
37
41
45
49
49
49
52
58
64
64
66
72
75
79
84
80
81
79
72
74
68
61
55
49
42
33
30
19
11
5
-5
-13
-21
-30
-35
-44
-46
-45
-47
-47
-48
-49
-44
-42
-36
-32
-29
-22
-12
-5
-1
8
13
20
25
29
38
40
45
49
50
55
56
60
62
59
64
62
60
62
55
54
50
47
42
34
25
13
1
-11
-20
-37
-54
-69
-86
-100
-116
-133
-151
-169
-183
-193
-205
-214
-224
-231
-233
-230
-227
-224
-220
-210
-196
-181
-166
-153
-136
-119
-97
-77
-60
-39
-22
-2
18
35
48
59
74
88
101
108
110
117
115
123
129
123
122
120
119
116
119
115
107
106
105
102
96
92
84
75
73
68
62
54
46
39
32
21
7
-3
-10
-22
-32
-44
-54
-67
-80
-89
-101
-111
-120
-126
-132
-137
-144
-151
-153
-152
-154
-161
-157
-160
-155
-152
-157
-159
-154
-151
-145
-140
-140
-139
-130
-119
-109
-104
-99
-87
-75
-58
-43
-26
-16
0
22
39
54
68
83
98
118
136
146
157
169
176
188
197
199
201
204
210
215
216
208
206
205
200
199
188
182
174
168
162
150
137
124
110
100
88
70
54
38
23
9
-5
-27
-44
-58
-71
-80
-96
-111
-123
-132
-138
-142
-148
-157
-157
-153
-151
-150
-146
-140
-131
-112
-99
-88
-69
-54
-34
-12
7
24
46
65
87
109
128
144
163
179
196
211
218
225
231
240
244
245
243
238
235
230
218
205
189
175
157
143
120
97
76
50
32
7
-19
-43
-67
-88
-111
-133
-149
-168
-187
-202
-210
-223
-235
-237
-245
-244
-245
-248
-247
-239
-233
-228
-215
-209
-197
-183
-170
-155
-143
-130
-111
-95
-75
-58
-46
-24
-11
4
26
41
55
72
86
101
111
119
127
131
141
144
145
151
149
149
148
148
141
134
131
128
122
106
97
89
80
73
63
50
42
35
25
17
8
0
-10
-12
-19
-22
-27
-34
-32
-34
-42
-40
-38
-36
-39
-34
-30
-36
-38
-36
-34
-32
-33
-34
-35
-37
-37
-37
-38
-45
-47
-52
-54
-56
-63
-64
-68
-67
-71
-73
-74
-75
-76
-71
-73
-73
-73
-75
-70
-71
-69
-65
-62
-61
-59
-56
-57
-54
-48
-47
-41
-34
-33
-32
-22
-18
-13
-8
-3
3
7
17
20
23
27
34
34
39
46
42
44
43
43
35
32
25
16
16
8
-2
-9
-13
-19
-31
-39
-46
-53
-57
-61
-63
-64
-68
-67
-68
-63
-61
-57
-50
-47
-40
-36
-28
-21
-19
-12
-2
1
9
17
23
30
36
39
47
52
58
66
67
71
76
81
83
92
98
99
109
115
120
127
134
138
144
148
152
157
160
161
160
165
165
161
164
163
156
155
152
145
142
137
130
126
121
114
106
100
93
84
78
71
63
51
38
30
19
6
-9
-20
-35
-47
-60
-72
-87
-101
-112
-129
-141
-152
-165
-176
-183
-190
-197
-205
-210
-215
-219
-218
-219
-217
-217
-215
-206
-203
-200
-192
-185
-178
-169
-162
-153
-147
-138
-128
-116
-105
-94
-81
-71
-59
-46
-36
-25
-10
1
16
28
43
57
68
85
97
109
123
135
144
153
160
168
176
177
182
179
180
179
172
165
159
146
136
129
115
103
89
73
61
47
31
18
3
-8
-23
-30
-40
-50
-57
-68
-73
-80
-86
-93
-90
-93
-92
-89
-85
-84
-80
-72
-63
-53
-43
-29
-21
-5
9
24
39
57
72
87
102
118
132
142
159
171
178
185
194
198
200
205
206
203
198
195
187
182
172
160
151
133
120
102
84
69
52
36
16
-2
-21
-40
-57
-72
-87
-99
-112
-125
-139
-152
-164
-176
-185
-191
-201
-205
-209
-217
-220
-222
-226
-228
-226
-229
-226
-225
-226
-220
-218
-215
-209
-207
-200
-193
-183
-173
-165
-158
-144
-139
-133
-121
-113
-103
-94
-84
-75
-65
-58
-48
-43
-34
-25
-17
-9
-2
5
9
13
20
24
30
34
35
42
46
52
57
58
60
63
63
66
68
71
72
74
73
72
72
72
73
71
74
75
72
72
72
72
70
67
64
60
61
55
57
56
50
51
47
41
43
40
36
38
33
33
31
30
30
25
29
26
28
28
29
29
30
30
32
37
39
47
50
53
61
62
69
71
77
83
87
96
100
107
109
116
117
120
125
128
128
129
129
129
128
125
123
118
113
107
104
96
90
82
70
60
52
40
25
15
3
-7
-20
-37
-48
-66
-75
-90
-98
-107
-116
-121
-133
-141
-146
-156
-160
-163
-165
-168
-166
-167
-167
-166
-164
-159
-158
-154
-149
-142
-133
-125
-118
-108
-97
-88
-80
-64
-51
-43
-26
-13
-4
8
19
27
40
50
58
69
76
81
85
88
92
95
98
100
101
106
104
106
105
99
98
89
87
85
74
72
70
60
49
43
36
26
18
14
4
0
-5
-14
-23
-30
-35
-43
-48
-51
-55
-58
-63
-64
-67
-75
-76
-81
-85
-82
-79
-76
-74
-72
-67
-67
-64
-60
-54
-47
-42
-31
-26
-21
-13
-10
-4
3
11
18
24
33
36
41
47
50
56
61
65
68
70
78
79
80
80
78
83
81
82
87
83
82
75
72
66
61
57
49
45
39
33
25
14
7
-5
-15
-20
-31
-37
-45
-49
-54
-62
-70
-75
-83
-86
-91
-91
-98
-98
-97
-101
-100
-102
-102
-99
-94
-95
-88
-87
-82
-80
-75
-67
-59
-51
-42
-32
-26
-16
-8
3
8
13
24
29
39
46
55
61
66
74
77
82
86
87
93
96
95
96
92
91
92
87
86
84
80
73
68
63
53
47
39
34
31
22
15
9
4
-4
-14
-18
-22
-27
-29
-35
-38
-38
-44
-48
-50
-54
-53
-56
-55
-55
-57
-54
-53
-51
-53
-53
-49
-44
-43
-38
-31
-28
-25
-19
-15
-12
-6
-3
5
7
9
15
16
19
19
24
28
26
30
33
32
32
37
37
35
36
37
36
38
35
32
34
32
31
29
28
29
26
27
26
22
23
20
18
17
16
13
9
8
7
9
5
3
2
0
-7
-8
-8
-11
-13
-13
-19
-20
-20
-23
-23
-24
-24
-26
-27
-29
-29
-29
-31
-33
-33
-32
-33
-33
-34
-32
-32
-32
-32
-32
-27
-29
-24
-24
-23
-22
-23
-18
-20
-19
-15
-13
-11
-10
-6
-3
-2
2
3
5
7
11
11
15
17
19
20
20
25
21
21
21
21
19
23
22
20
19
17
15
14
16
12
12
10
9
7
2
2
-2
-5
-5
-10
-11
-14
-17
-20
-23
-24
-27
-29
-29
-33
-33
-35
-34
-37
-36
-35
-37
-35
-34
-31
-33
-28
-29
-29
-23
-25
-20
-19
-15
-10
-10
-7
-2
3
9
13
15
19
25
26
28
36
35
39
43
43
45
45
46
47
48
47
45
45
44
44
43
39
37
39
32
29
28
21
17
12
11
8
1
-1
-6
-7
-11
-16
-21
-23
-27
-32
-29
-34
-38
-39
-41
-43
-42
-39
-41
-36
-36
-35
-35
-33
-28
-29
-29
-24
-24
-20
-15
-12
-7
-6
0
2
9
15
18
18
20
28
32
37
43
42
46
47
46
51
49
53
53
57
56
55
55
55
51
49
50
45
43
38
39
34
30
28
22
17
13
9
2
-2
-7
-13
-16
-26
-30
-33
-42
-46
-51
-55
-58
-65
-64
-67
-70
-74
-74
-74
-79
-78
-78
-77
-74
-73
-75
-72
-71
-68
-68
-62
-55
-52
-51
-47
-41
-37
-29
-24
-18
-16
-9
-2
4
7
13
21
24
30
35
42
46
51
57
58
65
68
68
75
78
78
81
82
83
84
84
84
79
79
79
77
75
70
70
67
59
56
53
49
45
40
38
35
30
23
20
16
12
6
-1
-5
-5
-8
-15
-17
-22
-27
-29
-30
-31
-33
-33
-31
-31
-31
-29
-31
-27
-25
-24
-21
-17
-12
-12
-7
-1
-3
3
4
6
11
13
19
15
19
22
23
27
29
26
28
29
28
28
25
26
23
21
18
18
16
11
9
4
-1
-8
-12
-14
-17
-24
-25
-30
-39
-42
-46
-52
-56
-61
-66
-69
-76
-79
-82
-87
-86
-90
-90
-92
-93
-96
-98
-94
-97
-96
-96
-94
-88
-89
-89
-83
-82
-77
-74
-71
-66
-64
-58
-54
-51
-46
-41
-34
-31
-23
-18
-12
-3
0
7
13
16
24
32
38
45
50
56
63
66
70
79
81
89
95
98
101
102
108
106
108
111
107
111
107
111
108
108
108
105
104
98
98
96
88
82
81
79
70
69
60
52
51
44
39
33
26
20
10
7
-2
-11
-13
-23
-27
-34
-35
-38
-44
-49
-53
-54
-61
-63
-65
-64
-63
-61
-62
-62
-61
-60
-58
-55
-54
-51
-47
-42
-41
-39
-36
-31
-25
-24
-19
-14
-10
-5
-5
3
5
7
14
14
15
18
20
20
21
22
23
25
20
20
20
21
21
16
17
11
9
3
3
1
-9
-10
-12
-15
-21
-25
-31
-35
-35
-40
-42
-46
-49
-48
-47
-50
-52
-54
-55
-52
-52
-49
-50
-46
-44
-43
-41
-41
-40
-36
-32
-27
-22
-20
-11
-10
-2
4
7
17
20
26
33
40
44
43
51
55
59
62
68
74
74
77
82
82
84
87
86
89
90
86
88
90
87
87
83
83
82
77
75
73
65
62
56
50
45
37
34
28
24
18
10
8
-2
-4
-10
-17
-20
-29
-34
-38
-44
-52
-52
-59
-65
-64
-68
-72
-74
-75
-80
-82
-81
-81
-84
-81
-80
-78
-75
-79
-72
-68
-68
-63
-58
-54
-47
-44
-39
-40
-30
-30
-23
-17
-17
-9
-5
-3
3
8
11
12
16
20
22
23
28
32
31
31
29
27
26
28
24
20
24
20
19
15
13
9
8
6
-3
-3
-6
-7
-11
-14
-17
-21
-21
-27
-28
-31
-32
-32
-35
-34
-34
-34
-34
-34
-33
-33
-32
-25
-25
-24
-19
-17
-14
-14
-6
-5
-1
4
9
11
19
24
24
30
30
35
39
37
42
46
46
49
53
54
52
55
55
55
57
56
56
54
52
48
47
45
42
38
38
37
29
25
21
20
14
10
8
2
-2
-7
-11
-14
-17
-19
-21
-26
-31
-29
-32
-38
-39
-41
-43
-45
-47
-45
-48
-47
-47
-47
-49
-50
-46
-47
-45
-44
-44
-43
-39
-39
-37
-34
-35
-30
-28
-28
-23
-24
-21
-17
-18
-10
-11
-5
-6
-7
-1
0
2
4
2
4
6
8
9
9
16
18
18
17
20
21
23
24
21
24
21
22
25
23
22
24
25
24
20
21
18
18
16
14
13
14
12
10
9
6
5
3
1
0
-3
-2
-4
-9
-7
-7
-8
-10
-12
-12
-13
-13
-12
-9
-8
-8
-5
-3
-4
-4
-4
0
1
1
5
7
8
11
13
14
13
15
19
21
24
26
28
27
31
32
34
34
34
40
38
36
34
29
34
31
29
27
28
27
25
21
17
19
12
14
12
7
5
2
1
-3
-5
-10
-10
-11
-13
-16
-18
-22
-23
-25
-25
-28
-28
-30
-33
-32
-31
-29
-30
-28
-31
-29
-27
-28
-25
-23
-20
-18
-20
-18
-16
-15
-11
-13
-11
-9
-8
-6
-3
-5
1
-1
-5
1
0
2
4
5
6
7
7
5
7
6
6
5
8
8
9
12
10
12
9
11
11
12
14
14
14
13
15
13
14
14
9
13
16
11
12
10
13
8
8
12
10
10
6
3
0
-2
-2
-2
-6
-7
-8
-10
-12
-15
-15
-18
-21
-24
-27
-28
-30
-31
-36
-35
-35
-40
-34
-35
-34
-33
-32
-33
-36
-31
-31
-35
-29
-26
-23
-16
-17
-13
-7
-4
1
2
4
4
8
12
15
20
25
28
31
37
40
41
42
44
45
44
46
47
46
45
45
45
42
43
41
38
38
34
33
28
23
22
19
15
13
10
5
3
-1
-2
-4
-8
-9
-14
-19
-19
-23
-26
-26
-31
-29
-31
-31
-30
-31
-30
-30
-27
-27
-29
-27
-27
-24
-22
-19
-17
-13
-10
-9
-5
-5
-2
-2
3
5
6
7
12
12
12
16
23
21
25
29
25
27
24
28
28
26
29
27
26
23
21
20
19
17
16
14
10
7
8
5
4
5
-1
-4
-7
-12
-13
-15
-19
-20
-21
-24
-26
-26
-26
-30
-29
-34
-34
-36
-37
-36
-36
-34
-35
-33
-32
-30
-29
-29
-25
-22
-22
-18
-17
-16
-16
-11
-9
-9
-1
0
2
2
6
12
11
17
21
23
22
26
25
29
33
37
37
37
38
38
39
37
40
42
41
39
40
36
37
36
35
33
31
29
29
25
23
23
18
18
16
13
8
6
5
0
-2
0
-5
-6
-6
-12
-10
-13
-16
-14
-18
-15
-15
-16
-17
-20
-19
-20
-21
-21
-20
-20
-19
-16
-13
-12
-12
-8
-9
-9
-4
-5
-1
1
2
5
8
10
7
7
11
11
13
14
13
13
14
14
13
16
12
14
12
9
12
9
9
7
8
4
2
-1
-1
-3
-7
-8
-10
-16
-16
-19
-22
-22
-26
-27
-32
-34
-35
-36
-35
-39
-38
-40
-44
-47
-47
-46
-49
-47
-48
-47
-44
-45
-42
-45
-45
-42
-44
-43
-41
-39
-38
-35
-32
-31
-29
-24
-21
-19
-17
-13
-8
-8
-5
-1
1
3
6
7
11
16
18
25
24
26
33
29
34
35
34
37
37
38
41
41
44
46
42
41
43
43
45
42
42
41
37
35
34
32
30
30
28
23
18
18
19
13
13
12
6
3
2
-1
-4
-8
-10
-11
-16
-17
-20
-21
-22
-24
-23
-25
-23
-23
-22
-21
-22
-21
-23
-21
-20
-19
-16
-16
-13
-11
-10
-6
-6
-1
2
4
5
9
12
12
15
19
18
20
23
24
24
27
26
27
31
28
30
31
25
30
25
28
25
22
23
13
13
9
6
2
1
1
-4
-6
-11
-13
-18
-20
-22
-28
-29
-32
-32
-32
-37
-39
-40
-41
-44
-46
-42
-47
-48
-44
-45
-44
-43
-40
-43
-40
-37
-33
-33
-29
-26
-25
-18
-17
-10
-8
-4
-1
4
10
10
17
17
22
28
31
32
36
37
40
45
46
45
47
49
47
51
49
52
53
50
50
49
48
48
42
43
44
36
36
34
31
29
27
23
20
18
16
14
7
5
2
-4
-4
-7
-11
-13
-15
-20
-21
-24
-28
-26
-26
-27
-28
-28
-27
-28
-30
-30
-31
-30
-29
-28
-27
-24
-23
-26
-22
-21
-25
-22
-19
-19
-17
-17
-14
-11
-10
-7
-4
-2
-1
1
-2
2
3
1
2
0
0
0
-3
0
1
0
0
-1
-2
-3
-4
-1
-4
-5
-3
-10
-10
-10
-15
-11
-11
-13
-12
-15
-20
-17
-19
-20
-22
-24
-22
-22
-26
-20
-21
-21
-20
-18
-17
-22
-17
-16
-15
-14
-12
-11
-11
-9
-5
-4
-1
-1
0
3
2
7
6
8
7
12
11
15
14
16
18
16
19
17
19
18
21
21
24
24
24
23
23
22
21
22
20
23
19
20
15
13
17
14
14
11
11
10
8
11
7
5
6
3
4
2
-1
-2
-4
-7
-5
-6
-8
-7
-8
-9
-13
-8
-14
-14
-11
-15
-11
-13
-14
-12
-14
-10
-10
-13
-8
-10
-11
-7
-6
-8
-9
-5
-8
-5
-3
-2
-1
2
2
1
4
6
5
6
8
11
10
12
14
10
10
11
12
11
12
13
13
12
12
13
11
13
15
15
15
18
18
17
19
18
17
15
15
14
12
10
12
9
9
8
5
4
1
1
0
0
-4
-4
-2
-6
-7
-7
-10
-8
-10
-13
-15
-12
-14
-16
-16
-15
-18
-18
-18
-20
-20
-20
-19
-17
-14
-11
-12
-9
-9
-5
-6
-7
-4
-7
-2
-3
-4
2
2
5
8
11
13
16
18
20
22
23
24
24
29
28
28
28
28
29
27
26
26
26
22
23
22
20
21
17
16
13
14
7
5
8
3
1
-2
-4
-7
-8
-8
-9
-16
-15
-19
-21
-24
-22
-22
-26
-26
-29
-30
-32
-35
-30
-32
-35
-30
-31
-30
-30
-27
-26
-25
-22
-22
-18
-17
-11
-7
-7
-2
-1
4
5
7
12
13
16
19
23
24
26
33
33
35
40
38
42
42
44
44
41
40
40
37
40
39
35
35
33
31
29
27
22
21
19
11
9
5
-2
-4
-3
-12
-15
-20
-24
-24
-35
-38
-38
-40
-42
-46
-45
-46
-49
-52
-53
-55
-58
-57
-55
-55
-54
-51
-46
-45
-42
-37
-34
-35
-31
-26
-23
-22
-18
-15
-12
-7
-6
-3
2
8
8
11
17
22
28
32
34
36
38
36
42
42
37
43
41
39
42
41
40
43
41
38
38
35
36
31
28
25
23
18
15
13
6
5
-1
-4
-7
-11
-13
-16
-17
-22
-24
-28
-30
-30
-35
-33
-33
-38
-35
-35
-38
-39
-34
-36
-35
-33
-32
-28
-27
-26
-21
-17
-14
-11
-8
-4
-3
3
5
9
15
18
22
24
28
31
36
40
39
47
46
50
53
52
56
56
57
54
54
53
55
51
51
50
48
49
43
44
42
36
35
32
29
27
23
16
16
9
5
2
-2
-5
-10
-11
-12
-16
-23
-23
-29
-32
-33
-35
-37
-40
-40
-46
-47
-48
-51
-52
-50
-49
-47
-50
-46
-43
-45
-42
-43
-41
-35
-34
-30
-24
-21
-19
-20
-15
-13
-10
-4
-5
0
3
5
10
11
13
17
19
21
23
23
26
29
32
32
33
36
36
35
34
34
32
30
29
28
27
24
23
19
18
18
14
13
10
10
9
5
2
-2
-3
-6
-12
-14
-14
-17
-16
-15
-18
-20
-18
-18
-20
-19
-19
-21
-21
-20
-20
-21
-20
-19
-20
-13
-12
-12
-10
-5
-5
-4
-2
1
4
3
8
10
10
13
15
12
15
16
17
22
22
21
26
27
25
29
28
26
27
28
25
25
23
21
20
19
17
13
12
9
8
7
4
0
0
-2
-5
-4
-11
-11
-15
-18
-15
-22
-23
-25
-27
-27
-29
-31
-26
-30
-31
-32
-37
-31
-34
-35
-33
-34
-33
-36
-35
-33
-34
-35
-35
-32
-32
-28
-26
-23
-20
-19
-15
-15
-12
-9
-9
-5
-3
-3
1
3
4
6
7
9
8
8
10
10
13
14
13
15
17
13
15
15
15
16
13
15
13
12
12
11
11
12
11
11
6
6
6
4
4
4
3
6
3
2
2
1
-4
-5
-2
-6
-7
-6
-5
-5
-6
-5
-3
-5
-3
-2
-2
1
0
2
3
2
6
10
11
11
14
14
15
19
18
20
22
21
24
26
24
27
28
27
29
26
29
29
31
30
29
32
31
32
33
33
33
30
32
30
27
26
23
23
20
18
16
11
8
8
6
3
-1
-2
-3
-9
-13
-10
-15
-18
-16
-22
-24
-23
-24
-26
-27
-29
-29
-33
-30
-30
-32
-32
-35
-33
-30
-29
-26
-23
-24
-25
-24
-19
-19
-17
-12
-14
-9
-7
-6
-4
-2
0
4
6
9
13
13
20
18
19
18
20
22
19
24
19
22
22
21
25
24
21
23
22
18
20
17
15
15
14
11
7
6
5
2
1
-3
-6
-13
-14
-20
-21
-21
-24
-24
-29
-29
-29
-32
-33
-32
-30
-33
-31
-30
-32
-31
-28
-29
-32
-29
-28
-27
-23
-22
-21
-16
-13
-12
-12
-6
-3
-1
2
4
7
8
6
9
9
11
18
13
18
19
21
24
21
24
24
25
28
30
25
23
23
22
21
22
18
17
17
13
9
8
7
3
5
2
-3
-3
-5
-11
-11
-13
-16
-18
-18
-20
-22
-21
-22
-20
-20
-23
-26
-25
-26
-25
-24
-25
-26
-23
-22
-23
-22
-20
-21
-18
-18
-17
-13
-13
-8
-8
-8
