2
3
5
7
2
3
6
4
5
2
4
4
3
3
4
5
5
4
1
3
0
-1
1
-4
2
1
2
5
-1
0
0
0
4
3
-2
-1
0
-2
0
2
1
0
2
-1
-1
-2
-1
-1
0
2
-1
-1
2
3
3
-1
-2
0
-1
-3
-2
-1
0
-1
-2
1
2
-2
0
3
2
2
4
4
2
3
1
6
5
2
3
5
5
5
8
1
7
7
5
5
4
1
3
4
4
5
3
4
1
1
2
1
2
1
1
0
-1
0
0
-1
-2
0
0
-1
3
3
1
1
2
-1
-2
1
-1
-6
0
1
-2
-3
-4
-2
-3
1
1
-3
-2
-3
-6
-4
-9
-5
-4
-8
-5
-5
-4
-6
-2
-2
-4
-4
-3
-3
-1
1
-1
-2
-3
-1
-2
-5
-1
-1
0
-2
1
-2
-4
-4
-3
-3
-4
-2
-2
-2
0
1
-3
-2
-2
-1
-7
-5
-3
-4
-2
0
2
1
-2
-2
1
3
-2
-2
-3
-3
-1
1
0
-1
2
1
2
3
1
0
2
0
1
2
1
-1
0
3
1
3
3
-1
2
2
2
3
3
3
3
3
1
5
1
2
3
0
1
1
4
2
1
1
0
3
2
2
-2
-1
-1
0
0
0
1
2
2
2
3
5
3
3
6
5
6
4
4
5
6
8
7
8
4
3
9
8
7
9
5
5
5
4
3
2
3
1
-2
-2
2
0
-1
2
0
0
-2
1
1
-1
-2
-1
0
-1
0
-2
1
1
-1
0
-1
0
0
0
0
-1
-3
-2
-4
-5
-5
-4
-5
-5
-5
-5
-6
-5
-8
-6
-7
-6
-1
-2
0
-2
-5
-1
-1
-3
-1
-4
-3
-2
-2
0
1
2
-1
3
-3
-4
-3
-4
-2
-6
-2
-1
-1
0
-1
0
2
0
-1
3
-1
-2
0
3
1
3
2
1
0
-1
1
-1
1
2
4
4
3
0
1
-2
-2
-1
-3
0
-1
-2
1
-1
5
2
1
3
3
4
4
3
0
4
2
0
0
1
-1
-1
0
0
1
4
1
3
2
6
6
1
2
0
2
0
2
3
2
1
3
1
1
-2
-2
0
-3
-1
0
-1
1
-1
-2
-1
2
1
0
2
1
3
1
-2
-4
-5
-3
-5
-3
-6
-4
-2
-5
-6
-3
-3
-4
-1
-2
-3
-2
-2
0
-1
0
2
3
3
2
-1
1
-1
0
0
-1
-1
-1
-1
1
5
1
1
0
1
1
3
2
2
3
0
0
1
-1
-2
-3
-2
-4
-7
-4
-4
-4
-3
-4
-3
-2
-4
-2
-3
-1
0
-1
-2
-1
-2
-4
-1
-4
-4
-1
-6
-7
-4
-3
-4
-5
-5
-5
-6
-5
-5
-6
-8
-7
-8
-6
-9
-8
-9
-4
-4
-5
-4
-5
-3
-5
-4
-6
-6
-7
-3
0
-2
-1
-2
1
6
5
3
2
7
5
3
4
7
5
4
4
2
4
4
3
4
3
2
1
1
2
3
0
-1
0
-1
-3
-2
-1
-3
3
-2
-3
-1
-2
0
1
0
-1
2
1
0
-2
-1
-1
-2
2
0
-3
1
0
2
-2
0
0
-4
-2
-1
1
1
-3
-3
-1
-5
-2
0
0
3
-3
-1
-2
-1
0
0
2
3
2
1
2
-1
1
2
0
3
3
1
1
4
3
5
2
3
0
-1
1
-1
3
0
1
1
-2
-1
0
-1
-3
-1
-3
-5
-4
-4
-6
-4
-4
-1
-1
-2
0
-3
-3
-3
-2
0
-1
-1
3
-1
0
0
-2
2
-1
-1
1
-2
-2
-1
-3
-2
0
-4
-4
-2
-3
-3
1
-2
-2
-3
-1
0
-2
2
4
2
1
4
2
-3
-1
1
0
0
0
1
2
6
4
6
6
6
6
8
6
6
7
5
6
8
6
6
7
6
7
7
6
8
7
4
7
6
7
7
7
8
6
7
6
5
6
7
5
4
3
3
2
4
4
2
2
-1
1
3
-3
-3
-1
0
3
2
2
3
2
2
0
2
-2
-4
0
0
0
0
0
0
3
-2
0
0
1
2
1
-1
2
0
0
3
0
-2
-3
1
1
3
-4
-5
-3
-5
-1
-2
-1
-4
-5
-4
-7
-6
-6
-3
-3
-3
-2
-3
1
-4
-4
-1
2
1
-1
1
0
1
2
0
0
-1
-6
-5
-6
-4
-2
-6
-5
-5
-2
-2
-1
-3
-3
-2
-4
-3
-2
0
-2
0
-4
-3
-3
0
0
1
0
-1
-1
0
3
-2
-1
2
3
-1
-3
-1
0
0
0
2
4
2
3
4
3
1
2
0
-1
-3
3
0
1
2
1
4
-2
1
-1
-2
4
2
4
3
1
4
4
7
7
7
7
5
2
2
2
3
3
1
4
1
2
2
4
4
2
3
4
1
2
2
2
4
1
2
-1
-3
0
-1
1
-1
-2
0
-1
-1
-2
-2
3
-2
0
1
1
-2
1
2
3
4
0
0
0
-1
3
2
-1
-1
-3
-2
-3
-4
-4
-4
-2
-5
-3
-4
-2
-1
-3
-4
-4
-2
0
1
2
1
2
4
0
0
3
2
5
1
4
7
1
3
4
3
0
5
4
2
4
5
3
-1
-1
2
1
3
2
0
2
4
4
6
5
2
5
3
6
5
3
6
6
6
4
6
7
6
6
6
5
4
5
4
6
5
7
7
2
5
7
4
5
6
4
4
4
6
4
0
4
3
6
4
2
3
3
3
1
3
-1
-1
-2
-3
1
-2
-1
2
2
3
1
6
6
0
1
0
1
2
2
2
3
2
1
4
4
3
4
5
4
5
4
2
2
3
2
3
2
2
4
2
2
3
1
0
-1
-1
-2
3
-2
4
0
-1
3
-3
-3
0
0
-4
-5
-4
-2
-1
-1
-4
-5
-2
1
0
1
2
-1
1
-1
-1
-2
-1
-3
-2
-4
-6
0
-7
-5
-2
-5
-6
-9
-8
-8
-8
-9
-10
-10
-9
-10
-8
-7
-7
-10
-8
-9
-8
-6
-9
-8
-5
-7
-6
-6
-7
-8
-3
-5
-6
-4
-4
-8
-5
-4
-6
-5
-4
-4
-3
-5
-5
-3
-4
-5
-6
-6
-6
-5
-2
-2
-1
-2
1
-2
-1
-2
-1
0
0
-2
-3
-1
-2
-1
-2
-1
0
0
0
-1
-4
-1
-2
-1
0
-2
-3
0
3
2
2
1
2
0
2
0
0
2
3
3
0
4
4
1
3
2
3
-1
2
1
2
2
0
2
4
2
-1
0
1
2
-2
0
-3
-4
-2
-3
0
0
-2
0
-1
-3
-3
0
-2
-4
-4
-1
-3
1
1
0
2
0
-3
-1
-1
-1
0
0
-3
-1
-2
1
-1
-2
-1
-1
0
-1
4
0
0
1
-1
1
-1
-2
0
-1
0
-1
0
0
1
4
2
1
2
0
1
0
-2
1
-1
0
1
2
4
2
1
-1
0
-3
-1
0
-1
1
-1
2
3
0
3
3
2
0
1
4
2
0
3
4
0
-2
4
3
3
4
4
4
3
3
5
6
4
7
3
2
6
5
4
5
3
2
5
1
1
1
2
1
3
6
3
4
2
2
3
3
4
2
2
3
6
3
4
2
-2
1
1
2
0
3
3
0
3
2
2
5
0
4
2
0
2
-1
0
2
1
1
6
2
4
2
5
4
-2
3
2
4
6
4
3
3
2
-1
1
4
1
2
-1
0
-1
-1
-2
-4
-3
-4
-7
-13
-24
-26
-26
-31
-36
-39
-38
-39
-36
-35
-27
-20
-14
-10
-6
5
9
15
21
25
24
24
27
30
32
32
31
30
27
27
28
30
24
22
21
17
13
14
13
9
1
-7
-10
-17
-22
-28
-33
-33
-38
-42
-44
-45
-41
-40
-35
-33
-28
-21
-17
-13
-8
-8
-2
2
6
9
9
14
17
18
18
24
25
26
28
30
30
32
32
34
31
30
26
24
19
15
16
7
5
2
-1
-7
-11
-11
-16
-18
-23
-25
-26
-26
-27
-26
-30
-29
-26
-28
-29
-26
-24
-27
-25
-24
-20
-17
-15
-12
-9
-4
-1
8
14
20
24
32
34
38
46
47
48
51
57
55
54
57
51
50
47
42
35
29
25
20
12
4
-8
-20
-24
-36
-45
-49
-58
-64
-70
-75
-81
-79
-79
-79
-76
-74
-70
-66
-59
-57
-53
-49
-39
-36
-30
-22
-19
-9
-2
9
18
30
42
56
64
75
84
87
88
86
82
72
60
40
17
-13
-36
-58
-85
-107
-127
-140
-142
-145
-145
-132
-115
-98
-80
-59
-35
-17
5
19
32
40
44
50
55
62
70
74
82
95
112
136
153
177
199
216
231
237
240
240
227
210
184
152
120
82
42
5
-28
-57
-84
-100
-107
-114
-111
-103
-94
-80
-71
-60
-57
-54
-54
-62
-70
-83
-104
-119
-133
-149
-160
-166
-167
-162
-154
-142
-127
-109
-91
-75
-57
-48
-42
-42
-48
-56
-64
-81
-98
-112
-121
-132
-132
-127
-116
-100
-80
-51
-20
14
44
77
104
125
146
160
167
173
173
174
169
165
166
163
170
179
186
197
210
226
236
249
256
259
257
254
238
222
206
183
160
138
118
96
85
76
67
67
70
74
81
87
92
94
85
77
60
36
8
-22
-64
-108
-151
-199
-245
-286
-323
-362
-391
-416
-430
-444
-449
-450
-457
-452
-450
-447
-441
-435
-428
-424
-419
-410
-400
-387
-370
-342
-312
-282
-241
-196
-148
-96
-41
12
65
118
164
210
250
286
316
344
373
391
413
432
452
469
485
502
517
529
537
545
546
546
542
531
519
505
491
478
468
460
451
447
449
444
443
435
418
393
351
305
240
155
63
-42
-152
-267
-386
-494
-584
-658
-715
-743
-748
-727
-682
-615
-527
-433
-333
-239
-149
-77
-22
17
34
32
13
-15
-49
-82
-107
-122
-122
-105
-69
-24
36
102
166
222
258
272
253
202
110
-12
-168
-349
-547
-744
-943
-1128
-1284
-1408
-1493
-1543
-1546
-1513
-1448
-1357
-1249
-1135
-1021
-916
-833
-757
-706
-666
-635
-607
-572
-527
-453
-356
-230
-62
135
361
606
865
1126
1372
1600
1798
1959
2079
2155
2194
2208
2207
2197
2189
2201
2242
2320
2433
2581
2762
2952
3144
3306
3423
3467
3403
3230
2946
2555
2041
1408
685
-87
-876
-1669
-2428
-3105
-3675
-4139
-4475
-4674
-4720
-4642
-4474
-4220
-3915
-3579
-3251
-2936
-2648
-2406
-2221
-2089
-1981
-1895
-1795
-1670
-1496
-1269
-974
-587
-118
417
1008
1628
2251
2845
3373
3821
4168
4385
4455
4382
4181
3864
3450
2965
2437
1909
1395
918
500
164
-90
-278
-408
-493
-552
-611
-694
-812
-981
-1218
-1517
-1875
-2269
-2684
-3096
-3479
-3813
-4065
-4220
-4261
-4176
-3981
-3675
-3272
-2804
-2289
-1753
-1219
-726
-292
69
355
561
685
747
764
753
734
721
733
802
926
1095
1305
1548
1816
2089
2348
2573
2739
2844
2871
2832
2734
2584
2402
2205
2006
1832
1714
1661
1677
1775
1939
2162
2434
2704
2961
3180
3323
3359
3258
3025
2667
2181
1575
884
131
-653
-1435
-2178
-2848
-3419
-3872
-4198
-4396
-4463
-4422
-4288
-4082
-3831
-3547
-3276
-3030
-2811
-2621
-2460
-2339
-2247
-2159
-2056
-1913
-1729
-1494
-1194
-824
-383
111
637
1193
1768
2298
2752
3124
3412
3613
3705
3663
3508
3257
2911
2495
2059
1637
1211
768
328
-78
-442
-780
-1092
-1380
-1676
-1982
-2261
-2510
-2782
-3092
-3394
-3634
-3833
-4034
-4180
-4214
-4157
-4079
-3957
-3726
-3402
-3026
-2620
-2165
-1677
-1194
-743
-301
149
575
960
1266
1523
1765
1977
2145
2268
2361
2440
2519
2592
2674
2772
2866
2942
2973
2993
3035
3081
3113
3113
3143
3240
3368
3488
3631
3868
4185
4530
4947
5455
5834
5758
5314
4978
4928
4662
3728
2456
1456
666
-422
-1764
-2755
-3275
-3914
-4926
-5739
-5856
-5620
-5568
-5601
-5358
-4968
-4762
-4628
-4239
-3673
-3349
-3402
-3567
-3584
-3401
-3082
-2771
-2628
-2552
-2244
-1617
-912
-262
500
1388
2093
2489
2976
3809
4565
4738
4486
4310
4231
3905
3284
2690
2222
1594
732
-50
-458
-616
-838
-1229
-1650
-1925
-2024
-2054
-2161
-2392
-2686
-3010
-3428
-3909
-4262
-4424
-4616
-5023
-5437
-5492
-5174
-4809
-4558
-4211
-3614
-2920
-2290
-1614
-758
128
777
1178
1588
2106
2540
2719
2694
2613
2521
2388
2245
2160
2143
2131
2091
2081
2177
2386
2628
2793
2878
2973
3115
3251
3313
3320
3308
3234
3068
2907
2911
3105
3342
3570
3949
4634
5455
5972
5980
5803
5878
6062
5760
4797
3689
2863
1987
623
-922
-2009
-2718
-3701
-5016
-5946
-6143
-6090
-6232
-6334
-6058
-5633
-5412
-5205
-4655
-3953
-3578
-3618
-3722
-3602
-3305
-3032
-2912
-2941
-2976
-2814
-2408
-1893
-1328
-639
84
664
1178
1924
2892
3636
3845
3794
3876
3972
3754
3257
2804
2418
1828
992
258
-112
-309
-635
-1098
-1473
-1650
-1699
-1748
-1882
-2098
-2373
-2677
-3019
-3412
-3780
-4052
-4326
-4725
-5143
-5294
-5107
-4832
-4667
-4472
-4015
-3362
-2709
-2034
-1207
-318
390
924
1521
2198
2687
2807
2719
2646
2553
2357
2087
1890
1780
1671
1575
1609
1847
2195
2509
2735
2933
3150
3345
3437
3402
3292
3132
2908
2667
2518
2574
2806
3086
3401
3869
4636
5656
6591
7057
7036
6932
7041
7057
6454
5256
4012
2934
1648
-27
-1575
-2601
-3520
-4808
-6137
-6779
-6733
-6635
-6702
-6543
-6046
-5593
-5335
-4904
-4134
-3459
-3283
-3439
-3483
-3308
-3110
-3015
-3032
-3117
-3145
-2929
-2449
-1819
-1124
-372
382
1045
1744
2671
3686
4360
4529
4525
4619
4637
4316
3770
3252
2700
1918
1051
459
190
-72
-491
-857
-994
-993
-1046
-1108
-1096
-1140
-1402
-1846
-2283
-2645
-3037
-3543
-4115
-4662
-5105
-5393
-5508
-5493
-5381
-5139
-4716
-4119
-3364
-2467
-1489
-550
261
1019
1773
2414
2780
2861
2798
2655
2384
2005
1618
1291
1006
761
682
838
1171
1556
1949
2370
2756
3057
3264
3384
3414
3282
3028
2763
2587
2533
2570
2691
2918
3308
3883
4679
5687
6699
7345
7436
7299
7381
7535
7138
5982
4584
3375
2079
392
-1322
-2539
-3507
-4807
-6281
-7156
-7197
-7020
-7033
-6927
-6443
-5872
-5496
-5081
-4328
-3528
-3170
-3263
-3394
-3309
-3113
-2986
-3016
-3177
-3335
-3243
-2818
-2206
-1551
-829
-61
648
1323
2214
3322
4209
4546
4532
4596
4692
4515
4011
3425
2861
2146
1297
600
240
4
-349
-769
-1017
-1040
-987
-979
-1040
-1145
-1344
-1689
-2157
-2643
-3089
-3557
-4162
-4859
-5430
-5715
-5783
-5812
-5796
-5551
-5005
-4288
-3505
-2600
-1522
-430
448
1153
1853
2519
2901
2891
2694
2489
2206
1734
1208
827
606
469
466
727
1213
1768
2272
2716
3097
3375
3526
3546
3433
3176
2828
2500
2258
2143
2176
2370
2702
3156
3806
4743
5931
7099
7835
8027
8008
8161
8315
7878
6687
5235
3953
2573
782
-1049
-2389
-3424
-4780
-6348
-7312
-7383
-7176
-7190
-7123
-6624
-5982
-5547
-5111
-4348
-3487
-3064
-3145
-3290
-3201
-2995
-2905
-3006
-3226
-3383
-3305
-2964
-2444
-1821
-1094
-332
359
1076
2046
3205
4098
4437
4467
4558
4674
4489
3990
3442
2884
2137
1230
539
240
34
-347
-766
-935
-875
-819
-841
-862
-937
-1221
-1704
-2203
-2631
-3099
-3709
-4417
-5081
-5592
-5894
-6001
-5971
-5829
-5510
-4940
-4165
-3258
-2218
-1086
-12
862
1565
2198
2674
2820
2665
2390
2071
1647
1117
662
412
289
269
449
897
1504
2042
2458
2782
3003
3077
3023
2856
2577
2221
1863
1622
1538
1580
1780
2146
2654
3290
4065
5101
6343
7415
7901
7826
7712
7844
7771
6904
5405
3965
2733
1210
-694
-2311
-3274
-4196
-5601
-6936
-7375
-7056
-6814
-6808
-6520
-5853
-5278
-4954
-4461
-3655
-3016
-2955
-3253
-3451
-3428
-3369
-3426
-3642
-3918
-4017
-3756
-3208
-2590
-1910
-1090
-227
544
1362
2431
3520
4157
4231
4165
4240
4234
3887
3300
2721
2105
1336
584
144
0
-178
-487
-721
-693
-488
-323
-278
-343
-531
-900
-1446
-2061
-2655
-3253
-3993
-4904
-5748
-6276
-6485
-6598
-6683
-6519
-5973
-5172
-4276
-3245
-1979
-646
434
1198
1865
2494
2836
2716
2309
1906
1504
982
440
83
-32
-17
129
551
1273
2089
2767
3221
3498
3649
3688
3563
3231
2781
2350
2020
1783
1658
1744
2073
2566
3131
3831
4794
6021
7315
8279
8657
8606
8566
8652
8389
7365
5832
4367
3018
1360
-524
-2031
-3020
-4101
-5545
-6658
-6799
-6372
-6159
-6101
-5674
-4915
-4331
-3968
-3356
-2513
-2023
-2177
-2568
-2732
-2689
-2680
-2836
-3130
-3442
-3544
-3241
-2645
-1973
-1254
-420
446
1252
2166
3323
4400
4919
4920
4851
4881
4740
4242
3598
2998
2337
1533
844
532
435
206
-159
-347
-221
79
349
472
415
178
-210
-699
-1261
-1886
-2625
-3486
-4449
-5374
-6024
-6360
-6542
-6680
-6615
-6138
-5304
-4313
-3214
-1897
-481
708
1531
2176
2766
3063
2846
2279
1706
1188
581
-83
-582
-797
-777
-543
-24
752
1581
2276
2792
3155
3363
3413
3305
3029
2604
2154
1786
1545
1455
1546
1817
2218
2724
3398
4327
5483
6730
7749
8247
8260
8188
8319
8248
7385
5795
4162
2845
1385
-480
-2214
-3352
-4307
-5651
-6980
-7432
-7051
-6698
-6705
-6521
-5832
-5074
-4600
-4144
-3458
-2884
-2836
-3150
-3368
-3381
-3380
-3525
-3840
-4204
-4393
-4186
-3627
-2991
-2359
-1588
-680
215
1098
2160
3309
4049
4188
4118
4217
4319
4028
3377
2741
2175
1500
767
289
144
-15
-384
-702
-670
-354
-44
105
107
-54
-383
-797
-1223
-1741
-2452
-3320
-4202
-5022
-5740
-6248
-6536
-6687
-6743
-6567
-5973
-5025
-3904
-2709
-1448
-233
783
1584
2215
2598
2557
2124
1559
1033
509
-21
-436
-636
-666
-543
-164
500
1281
1971
2494
2875
3116
3222
3235
3135
2854
2438
2075
1897
1894
2004
2195
2496
2906
3464
4228
5173
6256
7358
8217
8557
8433
8310
8407
8214
7137
5420
3881
2730
1391
-374
-1964
-2980
-3907
-5196
-6347
-6592
-6158
-5890
-5969
-5822
-5185
-4513
-4125
-3762
-3210
-2787
-2842
-3203
-3429
-3394
-3344
-3493
-3830
-4147
-4169
-3788
-3157
-2517
-1885
-1116
-218
655
1549
2610
3683
4320
4372
4278
4397
4533
4280
3663
3042
2535
1978
1384
982
818
622
236
-97
-114
109
300
330
218
-11
-372
-839
-1370
-1993
-2744
-3611
-4547
-5441
-6132
-6518
-6697
-6827
-6831
-6480
-5707
-4714
-3650
-2448
-1102
125
1008
1641
2182
2495
2350
1815
1220
715
202
-351
-795
-977
-919
-672
-180
560
1421
2199
2784
3185
3424
3523
3493
3311
2980
2611
2328
2187
2173
2275
2484
2789
3200
3768
4539
5501
6602
7672
8394
8552
8374
8334
8405
7969
6665
4993
3623
2398
790
-1045
-2429
-3295
-4301
-5625
-6524
-6478
-6022
-5895
-5951
-5596
-4873
-4303
-3966
-3505
-2896
-2607
-2851
-3258
-3442
-3429
-3479
-3721
-4079
-4383
-4377
-3938
-3257
-2582
-1915
-1111
-185
768
1808
2981
3995
4450
4443
4463
4671
4707
4287
3618
3015
2436
1776
1196
898
722
387
-22
-191
-12
246
375
375
271
39
-331
-761
-1271
-1942
-2778
-3683
-4570
-5387
-6013
-6375
-6567
-6729
-6755
-6384
-5577
-4581
-3568
-2439
-1164
28
908
1518
1982
2177
1933
1336
703
169
-368
-903
-1293
-1423
-1332
-1035
-468
326
1174
1886
2428
2822
3074
3200
3191
3017
2710
2409
2227
2163
2188
2301
2536
2855
3234
3753
4514
5497
6562
7483
7988
7999
7835
7863
7881
7240
5778
4165
2953
1800
214
-1513
-2728
-3558
-4653
-5946
-6645
-6482
-6158
-6218
-6283
-5845
-5138
-4657
-4331
-3827
-3270
-3108
-3387
-3694
-3757
-3698
-3762
-4029
-4394
-4605
-4416
-3849
-3194
-2590
-1871
-941
45
1003
2083
3288
4228
4563
4566
4723
5000
4958
4444
3799
3250
2679
2006
1459
1194
983
573
112
-40
152
394
479
452
359
144
-198
-598
-1061
-1686
-2510
-3440
-4341
-5110
-5684
-6072
-6372
-6602
-6600
-6195
-5429
-4504
-3497
-2349
-1124
-40
792
1462
1973
2146
1875
1363
886
446
-88
-655
-1041
-1169
-1106
-842
-278
551
1414
2125
2681
3139
3461
3608
3596
3449
3197
2903
2669
2538
2516
2595
2772
3030
3381
3915
4678
5616
6623
7536
8109
8200
8065
8115
8202
7668
6287
4713
3542
2445
856
-942
-2237
-3077
-4141
-5444
-6203
-6100
-5814
-5898
-5999
-5611
-4934
-4477
-4190
-3719
-3163
-2957
-3159
-3423
-3503
-3476
-3532
-3769
-4134
-4390
-4251
-3711
-3079
-2522
-1864
-965
25
973
2032
3253
4255
4678
4725
4884
5177
5172
4683
4013
3427
2838
2169
1598
1280
1047
656
207
22
163
399
523
502
376
170
-87
-396
-831
-1473
-2270
-3131
-3996
-4807
-5477
-5947
-6315
-6625
-6735
-6442
-5772
-4935
-4011
-2942
-1744
-617
289
1013
1566
1802
1621
1186
737
310
-193
-758
-1195
-1375
-1311
-1000
-413
395
1228
1935
2529
3057
3479
3717
3745
3618
3399
3144
2914
2727
2598
2562
2639
2808
3088
3568
4281
5154
6102
7048
7798
8100
8046
8048
8164
7824
6635
5074
3849
2833
1363
-509
-2022
-2945
-3898
-5196
-6200
-6349
-6087
-6109
-6283
-6015
-5322
-4758
-4484
-4135
-3582
-3182
-3207
-3459
-3610
-3615
-3641
-3837
-4202
-4514
-4475
-4028
-3428
-2880
-2266
-1381
-331
685
1727
2914
4005
4582
4707
4838
5138
5228
4812
4138
3561
3056
2421
1741
1262
958
595
150
-116
-50
183
348
363
309
260
166
-82
-565
-1216
-1946
-2740
-3651
-4605
-5377
-5914
-6379
-6871
-7160
-6967
-6379
-5688
-4953
-3951
-2653
-1372
-348
519
1317
1812
1766
1338
885
497
-31
-747
-1380
-1686
-1678
-1450
-977
-258
594
1430
2176
2844
3387
3749
3892
3790
3539
3276
3062
2831
2551
2371
2415
2582
2746
3014
3558
4348
5226
6156
7037
7565
7610
7544
7691
7646
6797
5322
4001
3004
1716
-99
-1757
-2786
-3691
-5003
-6267
-6715
-6498
-6398
-6565
-6454
-5846
-5198
-4834
-4489
-3936
-3447
-3352
-3546
-3719
-3756
-3764
-3865
-4136
-4503
-4677
-4411
-3823
-3242
-2713
-1981
-970
97
1129
2282
3505
4379
4663
4717
4942
5168
4971
4332
3644
3082
2479
1794
1223
868
553
145
-182
-201
20
239
332
359
361
287
109
-199
-671
-1321
-2098
-2926
-3776
-4603
-5322
-5887
-6328
-6651
-6710
-6369
-5714
-4923
-4027
-2929
-1677
-475
533
1352
1931
2137
1978
1635
1266
793
184
-412
-769
-865
-787
-520
3
753
1574
2361
3084
3703
4151
4397
4444
4322
4066
3767
3496
3264
3063
2921
2906
3021
3273
3708
4308
5035
5891
6867
7726
8126
8098
8060
8168
7921
6893
5444
4239
3208
1776
-50
-1547
-2436
-3337
-4642
-5763
-6032
-5761
-5700
-5868
-5698
-5071
-4504
-4243
-3963
-3472
-3080
-3091
-3366
-3594
-3681
-3734
-3878
-4166
-4488
-4578
-4234
-3615
-3018
-2406
-1562
-523
483
1476
2646
3838
4572
4728
4758
4991
5135
4786
4097
3453
2875
2184
1467
1007
766
437
-16
-291
-205
49
212
264
294
301
199
-50
-440
-946
-1564
-2327
-3277
-4276
-5085
-5654
-6190
-6791
-7213
-7184
-6773
-6242
-5605
-4673
-3473
-2297
-1304
-372
544
1196
1346
1107
775
441
-23
-632
-1200
-1541
-1663
-1607
-1335
-776
11
863
1673
2407
3082
3620
3931
3968
3793
3549
3305
3040
2704
2389
2245
2262
2360
2550
2969
3645
4398
5143
6034
7069
7836
7991
7822
7837
7871
7280
5957
4570
3533
2389
737
-969
-2082
-2842
-3927
-5221
-5946
-5864
-5624
-5711
-5795
-5457
-4862
-4445
-4212
-3897
-3513
-3340
-3509
-3830
-4061
-4115
-4109
-4259
-4599
-4819
-4571
-3931
-3286
-2728
-1969
-909
154
1055
2059
3269
4267
4649
4649
4781
5022
4917
4328
3644
3106
2553
1892
1320
1013
807
478
93
-82
39
279
441
478
442
360
199
-115
-581
-1162
-1852
-2699
-3681
-4601
-5314
-5849
-6356
-6817
-7024
-6869
-6426
-5802
-4957
-3890
-2768
-1750
-803
151
961
1383
1370
1101
764
372
-118
-637
-1068
-1324
-1392
-1238
-815
-132
710
1523
2238
2869
3417
3823
3963
3832
3567
3320
3091
2782
2424
2165
2104
2179
2301
2553
3041
3741
4470
5207
6125
7140
7822
7882
7672
7654
7627
6967
5612
4260
3297
2253
655
-1045
-2110
-2738
-3691
-4972
-5748
-5664
-5365
-5437
-5584
-5276
-4683
-4301
-4176
-3957
-3573
-3370
-3566
-3942
-4168
-4159
-4095
-4211
-4497
-4666
-4402
-3768
-3086
-2473
-1692
-656
372
1249
2176
3301
4247
4612
4556
4576
4774
4749
4301
3655
3106
2578
1982
1455
1135
919
581
192
18
178
476
626
582
467
377
231
-106
-636
-1277
-1981
-2798
-3725
-4587
-5247
-5762
-6279
-6756
-6935
-6698
-6173
-5547
-4764
-3725
-2551
-1468
-538
343
1077
1460
1379
1031
663
301
-133
-671
-1142
-1384
-1342
-1063
-597
66
866
1680
2390
2990
3514
3906
4028
3824
3477
3182
2990
2788
2496
2235
2118
2180
2380
2690
3176
3814
4507
5209
6045
7078
7975
8297
8076
7855
7856
7579
6527
5053
3863
2939
1685
-18
-1444
-2222
-2904
-4008
-5101
-5437
-5160
-4990
-5155
-5157
-4734
-4243
-3994
-3861
-3599
-3335
-3337
-3622
-3951
-4096
-4048
-4001
-4158
-4398
-4340
-3789
-3013
-2336
-1668
-767
287
1213
2051
3057
4106
4735
4775
4669
4787
4904
4627
3982
3329
2803
2253
1665
1230
1001
762
383
51
29
278
511
547
423
269
81
-211
-642
-1232
-1946
-2779
-3688
-4568
-5303
-5866
-6346
-6770
-7025
-6945
-6514
-5873
-5112
-4180
-3058
-1918
-932
-91
644
1148
1252
976
567
183
-219
-689
-1126
-1355
-1338
-1122
-705
-48
765
1552
2208
2755
3250
3612
3703
3524
3209
2910
2650
2393
2129
1882
1704
1648
1760
2055
2505
3076
3720
4398
5153
6071
7070
7761
7839
7517
7311
7240
6734
5514
4089
3006
2017
605
-1014
-2140
-2734
-3485
-4632
-5506
-5562
-5233
-5188
-5367
-5247
-4767
-4371
-4221
-4063
-3764
-3560
-3679
-3998
-4218
-4211
-4083
-4041
-4157
-4237
-3984
-3354
-2606
-1927
-1177
-208
820
1707
2573
3576
4500
4934
4880
4787
4881
4880
4493
3854
3275
2786
2250
1727
1363
1135
838
458
247
341
573
687
615
432
202
-75
-424
-909
-1602
-2447
-3304
-4093
-4818
-5476
-5987
-6346
-6613
-6725
-6511
-5919
-5118
-4279
-3366
-2296
-1177
-208
520
1013
1232
1125
772
363
2
-355
-727
-1028
-1128
-980
-595
-25
645
1327
1950
2492
2928
3227
3350
3279
3050
2740
2430
2155
1904
1665
1481
1419
1523
1773
2149
2669
3330
4062
4787
5544
6440
7363
7916
7853
7480
7266
7147
6547
5274
3864
2778
1739
326
-1195
-2235
-2863
-3685
-4807
-5579
-5587
-5287
-5259
-5408
-5288
-4860
-4495
-4332
-4178
-3951
-3834
-3985
-4299
-4507
-4475
-4325
-4279
-4423
-4494
-4153
-3421
-2623
-1943
-1205
-232
787
1632
2423
3340
4176
4517
4365
4168
4190
4173
3776
3077
2408
1898
1457
1043
747
548
317
55
-85
18
242
388
343
125
-169
-474
-800
-1239
-1904
-2762
-3666
-4488
-5178
-5737
-6178
-6526
-6782
-6838
-6534
-5865
-4997
-4071
-3101
-2057
-1005
-71
677
1159
1308
1135
772
379
24
-315
-647
-891
-987
-868
-489
135
894
1608
2200
2696
3118
3430
3559
3477
3224
2871
2499
2166
1918
1751
1618
1533
1566
1790
2222
2825
3530
4248
4934
5675
6581
7526
8073
8006
7628
7382
7177
6510
5263
3910
2836
1762
342
-1133
-2143
-2772
-3568
-4588
-5247
-5202
-4869
-4773
-4839
-4670
-4234
-3872
-3707
-3553
-3338
-3245
-3421
-3758
-3998
-4007
-3906
-3886
-4010
-4046
-3695
-2973
-2183
-1489
-731
216
1210
2061
2846
3705
4448
4732
4588
4417
4417
4330
3880
3191
2590
2159
1752
1327
991
794
599
356
196
254
448
564
489
253
-37
-311
-625
-1098
-1786
-2621
-3464
-4252
-4976
-5602
-6092
-6440
-6649
-6658
-6357
-5734
-4903
-3984
-3004
-1967
-942
-13
722
1171
1283
1100
781
448
98
-301
-684
-928
-977
-844
-495
89
821
1535
2130
2627
3050
3355
3476
3396
3157
2823
2468
2155
1907
1698
1517
1414
1449
1650
2000
2508
3173
3917
4639
5335
6143
7080
7840
8033
7688
7261
7040
6701
5791
4436
3165
2136
992
-432
-1696
-2440
-2984
-3791
-4683
-5066
-4855
-4598
-4633
-4693
-4462
-4069
-3825
-3761
-3670
-3526
-3527
-3776
-4125
-4316
-4247
-4074
-4026
-4122
-4075
-3609
-2816
-2004
-1267
-458
467
1349
2123
2922
3756
4334
4424
4212
4061
4026
3837
3363
2774
2261
1811
1392
1070
880
733
505
282
224
367
562
638
526
269
-29
-336
-709
-1275
-2052
-2942
-3808
-4600
-5285
-5819
-6209
-6487
-6629
-6514
-6047
-5298
-4428
-3534
-2586
-1578
-623
155
688
945
914
661
303
-63
-424
-776
-1044
-1148
-1062
-788
-351
235
898
1551
2110
2529
2811
2954
2940
2736
2399
2034
1720
1459
1214
1020
937
976
1123
1394
1831
2417
3084
3773
4460
5163
5942
6777
7420
7545
7165
6715
6486
6198
5357
4015
2732
1740
733
-509
-1659
-2378
-2909
-3668
-4526
-4944
-4802
-4566
-4599
-4719
-4597
-4275
-4041
-3975
-3935
-3867
-3913
-4151
-4432
-4532
-4410
-4248
-4224
-4284
-4150
-3634
-2856
-2075
-1383
-639
236
1119
1905
2667
3426
3962
4070
3899
3781
3794
3669
3237
2663
2178
1809
1452
1116
889
753
602
443
407
545
745
835
739
489
185
-113
-462
-999
-1771
-2656
-3477
-4155
-4752
-5289
-5697
-5921
-5973
-5853
-5468
-4777
-3888
-2974
-2097
-1188
-225
634
1202
1412
1350
1134
824
449
51
-302
-570
-712
-688
-474
-63
490
1103
1700
2201
2563
2800
2919
2902
2745
2462
2127
1803
1522
1318
1182
1117
1118
1234
1520
1976
2525
3118
3745
4390
5023
5670
6401
7123
7519
7386
6949
6627
6462
6024
5027
3736
2597
1672
692
-419
-1411
-2156
-2867
-3686
-4371
-4607
-4478
-4387
-4519
-4644
-4510
-4171
-3891
-3793
-3789
-3788
-3824
-3960
-4158
-4264
-4191
-4073
-4069
-4104
-3898
-3307
-2511
-1774
-1115
-365
502
1357
2130
2870
3532
3910
3927
3778
3708
3697
3533
3119
2589
2102
1714
1391
1130
929
739
542
387
370
503
674
730
573
279
-10
-285
-683
-1324
-2133
-2924
-3617
-4263
-4875
-5368
-5690
-5889
-5984
-5851
-5362
-4605
-3788
-3010
-2189
-1256
-298
501
1011
1223
1186
969
645
290
-51
-375
-668
-865
-873
-642
-225
263
743
1202
1654
2068
2370
2525
2544
2459
2275
2021
1764
1572
1442
1320
1204
1171
1292
1562
1926
2347
2835
3407
4015
4608
5220
5914
6653
7180
7243
6950
6680
6579
6298
5457
4223
3079
2160
1146
-98
-1261
-2064
-2718
-3545
-4363
-4734
-4624
-4471
-4554
-4686
-4539
-4174
-3895
-3821
-3836
-3843
-3887
-4075
-4368
-4589
-4616
-4514
-4480
-4534
-4429
-3931
-3148
-2380
-1721
-1004
-123
784
1556
2252
2941
3472
3655
3553
3454
3455
3363
3015
2482
1969
1562
1226
931
691
498
316
175
148
271
457
545
461
252
26
-189
-483
-971
-1647
-2391
-3116
-3760
-4320
-4807
-5220
-5560
-5738
-5630
-5196
-4557
-3857
-3124
-2287
-1346
-402
432
1085
1471
1523
1316
1022
736
396
-53
-522
-840
-940
-842
-575
-161
348
887
1427
1944
2409
2759
2960
2987
2850
2631
2423
2252
2052
1798
1569
1463
1484
1593
1793
2142
2625
3159
3712
4330
5042
5795
6528
7169
7589
7648
7406
7117
6889
6447
5490
4167
2973
2059
1091
-130
-1311
-2095
-2642
-3304
-3993
-4288
-4129
-3938
-3992
-4087
-3931
-3598
-3422
-3513
-3702
-3845
-3992
-4247
-4577
-4851
-4945
-4888
-4808
-4741
-4525
-3993
-3206
-2392
-1646
-845
75
996
1791
2490
3139
3591
3716
3618
3518
3445
3223
2781
2243
1776
1391
1045
770
587
456
316
197
185
314
467
502
372
139
-86
-310
-643
-1182
-1869
-2555
-3175
-3762
-4318
-4776
-5091
-5289
-5394
-5300
-4915
-4319
-3688
-3073
-2386
-1570
-735
-47
430
697
769
675
471
201
-118
-501
-881
-1145
-1227
-1121
-872
-503
-40
506
1095
1658
2122
2454
2678
2795
2761
2573
2326
2111
1922
1704
1475
1327
1322
1434
1644
1971
2428
2986
3599
4247
4922
5591
6238
6868
7360
7516
7309
6961
6682
6343
5617
4463
3267
2321
1452
400
-708
-1550
-2131
-2748
-3454
-3919
-3974
-3869
-3932
-4107
-4148
-4021
-3921
-3988
-4149
-4290
-4404
-4578
-4821
-5053
-5136
-5011
-4810
-4673
-4526
-4125
-3392
-2530
-1756
-1034
-219
659
1437
2097
2718
3250
3499
3415
3223
3117
3024
2745
2250
1696
1246
910
645
417
226
75
-42
-118
-124
-21
106
122
-36
-261
-405
-522
-819
-1362
-1979
-2492
-2951
-3474
-4013
-4422
-4679
-4876
-5005
-4910
-4521
-3989
-3485
-2987
-2359
-1583
-812
-203
192
433
555
560
420
155
-162
-459
-713
-931
-1037
-949
-683
-335
38
483
1041
1627
2095
2419
2645
2784
2792
2680
2525
2364
2181
1947
1728
1617
1623
1726
1915
2230
2682
3223
3802
4421
5088
5785
6475
7100
7559
7715
7553
7260
6995
6632
5898
4813
3708
2797
1894
784
-366
-1252
-1906
-2601
-3355
-3881
-4034
-4046
-4168
-4348
-4384
-4270
-4178
-4202
-4295
-4384
-4481
-4628
-4851
-5076
-5182
-5098
-4954
-4859
-4703
-4260
-3482
-2618
-1863
-1123
-247
694
1517
2184
2794
3320
3587
3580
3461
3349
3186
2858
2403
1917
1476
1116
862
702
570
433
348
377
497
660
798
870
824
677
541
413
158
-339
-977
-1559
-2058
-2594
-3173
-3664
-3991
-4219
-4382
-4354
-4056
-3581
-3074
-2556
-1949
-1226
-508
87
528
803
917
873
693
423
96
-269
-625
-908
-1035
-966
-751
-448
-67
444
1049
1630
2105
2473
2746
2870
2815
2646
2454
2245
1978
1663
1401
1264
1232
1260
1377
1632
2026
2519
3069
3680
4339
5011
5650
6250
6783
7119
7147
6906
6567
6197
5622
4694
3570
2488
1511
469
-681
-1707
-2460
-3058
-3694
-4292
-4646
-4725
-4733
-4809
-4890
-4862
-4775
-4764
-4848
-4970
-5062
-5168
-5367
-5618
-5793
-5762
-5557
-5343
-5164
-4847
-4225
-3361
-2489
-1703
-901
-15
846
1567
2157
2681
3061
3145
2981
2747
2538
2301
1924
1438
971
608
373
257
209
194
201
236
314
449
616
736
719
537
294
71
-186
-611
-1209
-1823
-2351
-2833
-3348
-3825
-4163
-4329
-4410
-4424
-4263
-3891
-3391
-2900
-2426
-1911
-1305
-700
-222
73
239
345
331
160
-133
-408
-624
-822
-1014
-1114
-1000
-728
-388
-2
491
1088
1670
2117
2412
2605
2693
2665
2512
2295
2060
1810
1548
1315
1192
1210
1345
1547
1808
2174
2672
3278
3923
4565
5171
5721
6228
6691
7051
7173
6995
6612
6166
5660
4991
4098
3095
2105
1161
234
-661
-1437
-2083
-2656
-3203
-3654
-3931
-4031
-4072
-4171
-4314
-4419
-4444
-4460
-4547
-4693
-4820
-4915
-5028
-5147
-5164
-4993
-4702
-4423
-4141
-3707
-3030
-2217
-1429
-713
-22
679
1331
1878
2334
2682
2862
2854
2713
2555
2438
2291
2035
1693
1366
1157
1069
1020
958
891
841
816
815
854
902
884
725
458
173
-59
-317
-706
-1221
-1758
-2211
-2624
-3035
-3420
-3688
-3824
-3899
-3931
-3844
-3549
-3112
-2689
-2327
-1904
-1372
-815
-404
-177
-34
70
88
-41
-243
-414
-527
-644
-752
-740
-535
-168
240
662
1124
1633
2114
2474
2709
2842
2888
2830
2681
2483
2272
2065
1874
1740
1700
1756
1876
2055
2319
2674
3115
3616
4148
4677
5165
5603
6016
6413
6732
6870
6777
6515
6162
5729
5157
4423
3567
2659
1736
801
-99
-918
-1643
-2308
-2931
-3474
-3875
-4115
-4264
-4405
-4552
-4654
-4678
-4664
-4669
-4706
-4742
-4764
-4789
-4809
-4764
-4604
-4362
-4098
-3819
-3439
-2889
-2202
-1462
-766
-115
505
1102
1661
2151
2533
2763
2851
2819
2720
2598
2454
2258
1987
1688
1419
1226
1097
993
896
806
750
749
779
810
807
733
595
418
231
12
-292
-704
-1175
-1628
-2039
-2425
-2792
-3109
-3332
-3458
-3516
-3476
-3303
-3005
-2666
-2335
-1973
-1540
-1064
-667
-415
-261
-144
-76
-120
-253
-410
-537
-642
-732
-741
-604
-331
-4
344
725
1164
1629
2022
2297
2469
2570
2585
2506
2346
2156
1963
1763
1575
1442
1418
1479
1591
1752
1992
2352
2783
3228
3668
4103
4537
4941
5291
5588
5803
5887
5795
5541
5181
4741
4194
3516
2715
1846
968
100
-720
-1485
-2164
-2767
-3323
-3797
-4168
-4408
-4549
-4663
-4787
-4894
-4950
-4957
-4940
-4935
-4940
-4941
-4925
-4884
-4784
-4607
-4368
-4102
-3815
-3453
-2975
-2392
-1765
-1161
-583
-17
529
1047
1493
1839
2070
2189
2211
2171
2102
1991
1832
1620
1395
1193
1031
908
788
673
562
485
438
398
365
309
223
96
-59
-220
-407
-648
-958
-1320
-1695
-2055
-2398
-2730
-3031
-3274
-3449
-3563
-3592
-3503
-3303
-3039
-2730
-2378
-1983
-1545
-1138
-799
-534
-333
-202
-148
-170
-232
-298
-366
-416
-407
-307
-114
139
412
711
1041
1380
1687
1932
2100
2172
2159
2074
1971
1856
1729
1600
1489
1437
1450
1533
1678
1882
2141
2424
2728
3056
3412
3772
4100
4391
4642
4877
5079
5204
5220
5124
4931
4639
4244
3737
3145
2479
1746
962
170
-575
-1252
-1887
-2485
-3017
-3454
-3784
-4027
-4207
-4336
-4416
-4459
-4462
-4442
-4388
-4312
-4248
-4191
-4135
-4034
-3892
-3719
-3534
-3340
-3086
-2761
-2358
-1911
-1432
-930
-422
87
584
1063
1497
1865
2140
2318
2429
2492
2496
2426
2282
2092
1880
1673
1471
1276
1098
934
798
685
616
587
568
534
475
405
328
226
77
-144
-418
-750
-1122
-1503
-1881
-2253
-2608
-2930
-3192
-3351
-3408
-3359
-3209
-2966
-2649
-2258
-1822
-1356
-896
-491
-152
98
275
379
398
344
237
113
2
-81
-116
-101
-24
106
283
506
773
1051
1302
1507
1642
1730
1789
1805
1787
1730
1650
1570
1510
1495
1529
1598
1693
1814
1961
2159
2411
2696
2996
3310
3625
3949
4280
4599
4888
5077
5142
5091
4935
4676
4277
3723
3046
2286
1471
631
-202
-981
-1683
-2339
-2926
-3406
-3750
-3961
-4100
-4192
-4240
-4225
-4166
-4097
-4037
-3992
-3956
-3949
-3974
-4006
-4019
-3991
-3934
-3853
-3725
-3515
-3198
-2788
-2309
-1775
-1192
-578
44
644
1205
1705
2116
2415
2591
2655
2638
2546
2379
2146
1866
1584
1327
1105
919
778
688
643
628
641
685
746
787
782
731
646
515
317
57
-260
-626
-1031
-1459
-1878
-2260
-2605
-2908
-3146
-3281
-3295
-3202
-3015
-2748
-2397
-1976
-1529
-1086
-666
-282
33
248
354
370
327
216
40
-169
-371
-511
-584
-598
-542
-381
-121
184
515
859
1202
1517
1752
1879
1920
1907
1836
1687
1481
1254
1041
874
760
707
718
812
984
1229
1550
1927
2350
2792
3235
3646
4022
4373
4686
4930
5051
5029
4900
4697
4415
4015
3483
2873
2238
1583
910
244
-361
-888
-1374
-1832
-2230
-2509
-2688
-2835
-2993
-3148
-3266
-3354
-3450
-3563
-3685
-3793
-3893
-3991
-4061
-4067
-3992
-3861
-3688
-3464
-3158
-2757
-2290
-1777
-1236
-695
-164
343
824
1265
1639
1915
2095
2190
2213
2187
2103
1991
1848
1676
1498
1342
1237
1172
1135
1113
1103
1107
1120
1140
1155
1135
1058
928
754
555
320
37
-281
-611
-948
-1300
-1663
-1987
-2248
-2455
-2639
-2810
-2908
-2898
-2804
-2677
-2534
-2334
-2081
-1817
-1583
-1377
-1176
-975
-841
-808
-832
-859
-864
-892
-950
-1009
-1004
-937
-833
-703
-522
-269
5
255
465
671
873
1032
1104
1084
1014
907
778
626
483
359
257
197
207
313
499
736
1016
1339
1699
2080
2465
2853
3227
3551
3800
3984
4152
4304
4386
4357
4231
4072
3896
3669
3348
2959
2553
2126
1644
1110
589
107
-359
-863
-1379
-1833
-2195
-2506
-2817
-3121
-3370
-3535
-3656
-3770
-3864
-3911
-3911
-3895
-3879
-3841
-3732
-3555
-3366
-3185
-2972
-2677
-2306
-1915
-1537
-1144
-707
-253
171
549
907
1261
1559
1766
1899
2002
2101
2168
2168
2129
2097
2107
2125
2115
2096
2098
2118
2109
2045
1954
1866
1767
1598
1363
1105
868
640
375
80
-210
-471
-713
-979
-1253
-1508
-1725
-1924
-2132
-2336
-2484
-2555
-2584
-2593
-2576
-2490
-2332
-2159
-1992
-1824
-1624
-1418
-1258
-1147
-1063
-982
-914
-874
-854
-828
-781
-716
-644
-543
-411
-245
-70
104
280
444
607
739
835
894
918
907
872
821
786
766
755
747
781
893
1060
1257
1457
1692
1971
2266
2542
2787
3042
3310
3550
3717
3849
4006
4186
4316
4332
4263
4192
4112
3938
3618
3209
2789
2340
1785
1130
480
-78
-610
-1206
-1823
-2339
-2696
-2990
-3303
-3604
-3806
-3892
-3948
-4027
-4088
-4082
-4014
-3971
-3977
-3959
-3859
-3703
-3563
-3449
-3287
-3025
-2691
-2336
-1966
-1542
-1058
-554
-60
434
938
1414
1824
2155
2433
2669
2827
2907
2930
2889
2798
2670
2527
2383
2230
2058
1879
1724
1597
1481
1349
1210
1070
930
771
592
397
187
-57
-333
-633
-933
-1231
-1549
-1889
-2229
-2533
-2812
-3060
-3259
-3403
-3483
-3514
-3489
-3375
-3173
-2919
-2667
-2398
-2101
-1785
-1504
-1300
-1135
-1001
-910
-880
-880
-871
-839
-801
-770
-706
-557
-346
-117
114
352
613
873
1102
1283
1411
1500
1531
1493
1415
1323
1234
1134
1020
924
884
917
1004
1133
1304
1539
1830
2155
2495
2833
3177
3513
3809
4054
4254
4436
4580
4631
4562
4423
4266
4068
3754
3323
2844
2379
1887
1315
701
132
-374
-891
-1455
-1981
-2387
-2702
-3021
-3372
-3678
-3868
-3972
-4096
-4238
-4328
-4326
-4284
-4263
-4231
-4122
-3906
-3665
-3450
-3199
-2844
-2382
-1898
-1445
-985
-468
84
604
1065
1495
1899
2254
2509
2679
2819
2926
2985
2953
2859
2747
2652
2565
2448
2306
2162
2031
1893
1741
1580
1422
1241
1013
737
449
185
-93
-406
-748
-1080
-1372
-1648
-1914
-2153
-2348
-2523
-2714
-2878
-2987
-3031
-3054
-3100
-3138
-3116
-3018
-2891
-2761
-2597
-2384
-2142
-1919
-1705
-1454
-1168
-907
-725
-582
-419
-225
-47
64
156
270
409
533
623
737
887
1030
1131
1197
1291
1412
1512
1545
1522
1508
1500
1473
1420
1359
1326
1305
1294
1310
1374
1504
1657
1809
1975
2168
2397
2622
2843
3060
3264
3447
3600
3753
3892
3988
4014
3957
3857
3694
3439
3087
2658
2199
1679
1081
454
-152
-706
-1254
-1806
-2312
-2733
-3059
-3352
-3606
-3802
-3920
-3984
-4041
-4072
-4066
-4002
-3900
-3820
-3730
-3606
-3424
-3205
-2981
-2725
-2416
-2056
-1658
-1246
-804
-323
180
668
1112
1525
1909
2245
2511
2697
2794
2827
2800
2712
2568
2377
2165
1945
1719
1474
1239
1032
851
662
455
244
61
-108
-310
-542
-783
-1002
-1218
-1451
-1684
-1888
-2043
-2176
-2323
-2446
-2511
-2525
-2523
-2543
-2556
-2533
-2470
-2424
-2398
-2356
-2272
-2152
-2043
-1942
-1806
-1607
-1388
-1188
-1008
-805
-564
-342
-167
-26
127
282
405
477
531
596
668
712
723
744
789
845
879
903
947
1018
1083
1123
1143
1178
1214
1212
1179
1134
1106
1070
1011
951
929
947
967
990
1059
1195
1378
1559
1754
2004
2295
2594
2860
3115
3387
3636
3794
3851
3850
3790
3642
3351
2947
2487
1987
1427
802
161
-442
-993
-1518
-2009
-2423
-2730
-2961
-3143
-3277
-3346
-3349
-3316
-3273
-3239
-3182
-3109
-3043
-2980
-2921
-2847
-2740
-2613
-2456
-2257
-2002
-1689
-1337
-948
-522
-76
383
826
1223
1580
1877
2094
2225
2272
2250
2152
1990
1777
1540
1293
1049
814
600
430
303
211
145
108
103
111
115
98
68
23
-54
-168
-316
-481
-658
-844
-1040
-1224
-1377
-1506
-1597
-1666
-1714
-1725
-1715
-1677
-1634
-1587
-1535
-1481
-1413
-1340
-1261
-1176
-1080
-969
-853
-730
-603
-467
-330
-197
-79
22
121
223
320
392
437
479
530
578
609
626
625
641
660
662
651
652
669
682
671
647
638
648
663
648
632
633
655
703
752
817
909
1037
1194
1369
1569
1796
2061
2360
2661
2954
3246
3548
3850
4099
4266
4348
4373
4338
4187
3887
3484
3035
2537
1954
1283
612
9
-545
-1106
-1649
-2103
-2425
-2665
-2886
-3086
-3196
-3208
-3193
-3200
-3218
-3184
-3109
-3047
-3035
-3031
-2975
-2881
-2779
-2688
-2570
-2375
-2112
-1818
-1509
-1162
-760
-342
68
431
768
1087
1352
1543
1657
1711
1718
1690
1613
1494
1359
1232
1108
994
890
805
745
705
676
652
637
616
587
534
452
344
203
37
-153
-369
-590
-810
-1021
-1202
-1353
-1465
-1546
-1587
-1591
-1571
-1530
-1483
-1434
-1385
-1339
-1308
-1290
-1282
-1274
-1258
-1253
-1241
-1210
-1156
-1091
-1019
-943
-842
-729
-613
-516
-427
-326
-239
-184
-158
-133
-111
-110
-146
-185
-198
-186
-174
-159
-115
-25
102
224
346
498
668
826
953
1067
1177
1282
1354
1393
1425
1455
1492
1531
1584
1659
1758
1894
2072
2290
2544
2817
3101
3397
3692
3944
4114
4220
4270
4234
4051
3729
3337
2906
2392
1768
1089
442
-146
-730
-1321
-1856
-2251
-2538
-2796
-3024
-3168
-3191
-3161
-3149
-3161
-3133
-3057
-2996
-2988
-3026
-3038
-3006
-2973
-2946
-2898
-2769
-2554
-2287
-1983
-1626
-1204
-717
-228
241
684
1110
1504
1824
2057
2201
2285
2305
2263
2147
1987
1808
1624
1439
1244
1066
930
837
764
694
650
643
644
623
571
511
429
306
133
-80
-292
-520
-771
-1032
-1267
-1453
-1603
-1742
-1847
-1894
-1884
-1850
-1824
-1780
-1705
-1621
-1564
-1541
-1530
-1514
-1501
-1518
-1564
-1599
-1603
-1588
-1571
-1543
-1470
-1348
-1197
-1040
-867
-677
-474
-285
-121
11
112
188
225
234
206
162
117
72
28
2
3
25
80
164
262
372
501
637
768
886
996
1078
1143
1203
1261
1298
1311
1346
1418
1519
1628
1763
1956
2207
2490
2778
3056
3352
3669
3933
4095
4161
4178
4137
3957
3610
3165
2696
2183
1566
873
200
-398
-934
-1470
-1969
-2353
-2595
-2758
-2913
-3021
-3019
-2935
-2859
-2838
-2828
-2770
-2706
-2693
-2739
-2791
-2801
-2787
-2779
-2769
-2696
-2525
-2301
-2053
-1771
-1410
-972
-517
-93
319
731
1138
1479
1735
1923
2066
2143
2139
2073
1962
1839
1694
1535
1357
1204
1088
1015
953
890
851
843
849
826
776
696
600
461
274
41
-217
-477
-753
-1043
-1330
-1578
-1759
-1894
-2004
-2067
-2071
-1996
-1886
-1767
-1636
-1488
-1336
-1198
-1092
-1022
-972
-939
-936
-971
-1021
-1056
-1073
-1087
-1099
-1089
-1056
-979
-875
-762
-663
-560
-442
-323
-235
-186
-148
-129
-117
-130
-161
-188
-187
-163
-136
-111
-42
91
250
405
550
721
906
1084
1234
1350
1444
1516
1569
1594
1586
1575
1581
1600
1635
1681
1780
1934
2131
2378
2645
2925
3228
3552
3867
4096
4248
4350
4390
4328
4121
3785
3381
2926
2398
1774
1090
448
-140
-713
-1288
-1809
-2198
-2481
-2726
-2953
-3108
-3158
-3146
-3155
-3194
-3217
-3189
-3145
-3155
-3195
-3209
-3164
-3094
-3028
-2934
-2757
-2487
-2158
-1819
-1436
-971
-449
76
559
1016
1459
1872
2208
2438
2594
2685
2700
2630
2494
2313
2123
1917
1687
1453
1258
1116
1002
900
815
765
742
723
687
629
551
454
315
123
-92
-299
-528
-789
-1062
-1299
-1483
-1622
-1745
-1842
-1871
-1839
-1771
-1685
-1588
-1467
-1339
-1236
-1179
-1145
-1100
-1075
-1117
-1204
-1291
-1353
-1399
-1449
-1490
-1510
-1477
-1401
-1315
-1198
-1036
-853
-685
-547
-408
-254
-112
-18
20
36
46
60
59
38
29
48
80
120
187
298
445
590
723
855
1004
1162
1295
1405
1476
1518
1563
1607
1629
1637
1648
1681
1735
1811
1907
2035
2217
2438
2654
2840
3049
3304
3549
3695
3730
3720
3699
3603
3347
2945
2496
2045
1533
898
206
-418
-959
-1486
-2051
-2562
-2904
-3107
-3284
-3475
-3598
-3575
-3469
-3392
-3372
-3331
-3203
-3060
-3000
-2995
-2951
-2817
-2674
-2587
-2502
-2316
-2012
-1671
-1363
-1043
-635
-157
308
702
1063
1430
1769
2008
2150
2234
2283
2279
2184
2018
1828
1654
1481
1273
1057
886
761
644
538
463
409
370
324
253
166
69
-51
-221
-437
-671
-920
-1184
-1454
-1719
-1955
-2149
-2299
-2407
-2459
-2449
-2386
-2277
-2139
-1981
-1819
-1644
-1480
-1357
-1256
-1172
-1127
-1125
-1142
-1165
-1184
-1200
-1202
-1194
-1166
-1086
-960
-824
-672
-488
-292
-109
64
222
364
476
539
553
540
522
485
422
347
284
244
227
235
278
360
470
585
715
878
1051
1204
1321
1424
1516
1567
1586
1577
1552
1517
1469
1408
1375
1392
1453
1527
1626
1798
2034
2299
2555
2831
3118
3384
3566
3654
3699
3697
3583
3301
2904
2479
2035
1516
897
265
-281
-763
-1238
-1699
-2053
-2261
-2390
-2520
-2622
-2618
-2510
-2394
-2337
-2314
-2248
-2133
-2049
-2044
-2052
-2001
-1915
-1847
-1800
-1694
-1492
-1230
-967
-714
-408
-8
417
788
1105
1410
1712
1967
2127
2197
2217
2195
2107
1928
1698
1482
1282
1063
823
596
429
340
272
202
150
143
156
149
118
68
11
-79
-229
-435
-632
-808
-1003
-1224
-1430
-1590
-1692
-1743
-1762
-1727
-1632
-1492
-1325
-1147
-941
-720
-525
-385
-279
-198
-144
-135
-174
-250
-337
-424
-515
-584
-628
-641
-636
-609
-542
-444
-321
-215
-123
-38
25
56
47
14
-43
-135
-260
-405
-522
-602
-671
-725
-748
-717
-627
-494
-337
-162
38
245
435
606
764
898
992
1037
1042
1028
998
966
945
915
886
885
945
1068
1227
1409
1613
1881
2208
2528
2807
3085
3376
3626
3776
3804
3784
3744
3621
3333
2920
2485
2077
1631
1090
506
-8
-407
-797
-1212
-1577
-1794
-1906
-2030
-2189
-2305
-2312
-2262
-2273
-2374
-2472
-2492
-2491
-2563
-2685
-2756
-2736
-2681
-2644
-2597
-2441
-2161
-1838
-1552
-1261
-887
-451
-38
289
553
816
1063
1223
1276
1266
1255
1220
1115
954
803
700
630
535
432
370
371
402
420
425
443
470
464
417
344
262
153
-5
-206
-417
-601
-776
-959
-1120
-1246
-1320
-1351
-1343
-1299
-1193
-1067
-949
-824
-688
-560
-460
-404
-397
-423
-468
-544
-659
-780
-893
-1014
-1129
-1220
-1267
-1267
-1243
-1213
-1164
-1081
-972
-869
-796
-733
-688
-662
-665
-706
-761
-805
-863
-934
-1009
-1046
-1027
-967
-881
-784
-639
-437
-201
29
263
497
720
921
1080
1201
1300
1379
1418
1417
1394
1372
1368
1373
1386
1408
1458
1549
1677
1835
2013
2212
2431
2660
2890
3103
3296
3482
3631
3724
3740
3690
3600
3459
3244
2928
2542
2132
1709
1255
763
271
-190
-609
-1008
-1396
-1730
-1977
-2167
-2342
-2513
-2631
-2678
-2695
-2718
-2754
-2771
-2746
-2700
-2667
-2626
-2547
-2427
-2294
-2156
-1978
-1738
-1453
-1156
-869
-567
-232
106
411
683
932
1148
1322
1437
1513
1562
1585
1557
1481
1389
1306
1227
1130
1027
932
852
782
714
650
593
536
467
374
274
169
61
-59
-220
-390
-546
-687
-818
-939
-1046
-1132
-1175
-1196
-1191
-1176
-1140
-1089
-1045
-1010
-993
-978
-973
-988
-1032
-1105
-1175
-1240
-1303
-1362
-1421
-1458
-1478
-1461
-1428
-1373
-1300
-1217
-1123
-1033
-933
-842
-766
-695
-644
-605
-585
-563
-542
-507
-467
-432
-389
-321
-210
-80
59
196
352
525
694
846
968
1085
1186
1254
1281
1278
1269
1271
1262
1231
1184
1160
1180
1226
1290
1357
1441
1559
1708
1869
2020
2177
2351
2524
2671
2783
2885
3000
3100
3128
3062
2958
2859
2742
2537
2225
1872
1530
1184
791
344
-90
-456
-809
-1189
-1562
-1854
-2046
-2202
-2385
-2563
-2660
-2659
-2629
-2633
-2643
-2605
-2524
-2440
-2375
-2309
-2207
-2072
-1953
-1861
-1731
-1537
-1312
-1096
-901
-698
-450
-173
86
305
506
697
872
1005
1108
1184
1237
1248
1214
1158
1100
1052
975
868
750
646
564
489
404
321
246
173
86
3
-66
-130
-217
-334
-454
-554
-631
-704
-795
-885
-940
-957
-964
-965
-947
-907
-863
-837
-820
-787
-747
-731
-763
-819
-864
-898
-941
-1007
-1084
-1141
-1172
-1199
-1220
-1220
-1183
-1137
-1100
-1057
-998
-909
-822
-760
-705
-649
-580
-506
-450
-393
-329
-246
-162
-79
27
149
287
412
532
662
785
903
1002
1081
1147
1200
1235
1261
1278
1293
1310
1321
1342
1372
1415
1461
1513
1585
1662
1740
1818
1893
1984
2074
2161
2239
2317
2402
2493
2571
2639
2700
2762
2801
2789
2738
2660
2559
2405
2168
1881
1559
1215
841
422
-9
-420
-795
-1163
-1515
-1826
-2055
-2227
-2367
-2493
-2572
-2581
-2547
-2502
-2467
-2415
-2335
-2237
-2161
-2096
-2019
-1913
-1796
-1701
-1597
-1462
-1278
-1078
-883
-680
-456
-197
57
299
520
727
922
1072
1177
1257
1316
1338
1320
1258
1177
1089
993
887
765
647
535
431
338
257
187
123
62
7
-45
-90
-142
-205
-280
-362
-450
-546
-634
-721
-801
-882
-953
-998
-1024
-1033
-1040
-1046
-1056
-1068
-1082
-1109
-1146
-1203
-1282
-1366
-1454
-1530
-1602
-1668
-1723
-1771
-1779
-1760
-1722
-1660
-1578
-1489
-1395
-1287
-1166
-1031
-901
-786
-679
-571
-449
-326
-210
-102
-9
101
211
326
448
557
665
761
847
929
1012
1085
1144
1177
1197
1216
1236
1266
1279
1283
1285
1290
1316
1343
1373
1384
1393
1409
1422
1434
1439
1448
1467
1480
1490
1522
1582
1666
1748
1827
1907
2004
2122
2212
2243
2237
2192
2112
1983
1773
1502
1194
849
468
49
-357
-727
-1085
-1427
-1754
-2007
-2172
-2277
-2351
-2410
-2432
-2391
-2312
-2235
-2164
-2087
-2008
-1940
-1885
-1827
-1737
-1623
-1523
-1436
-1323
-1149
-913
-664
-423
-182
81
372
646
893
1116
1304
1438
1505
1521
1510
1478
1395
1241
1049
862
701
556
396
236
111
19
-51
-101
-129
-131
-129
-153
-192
-222
-235
-258
-327
-427
-528
-616
-690
-774
-866
-934
-993
-1044
-1089
-1121
-1119
-1115
-1124
-1155
-1187
-1180
-1172
-1183
-1223
-1263
-1281
-1290
-1297
-1303
-1300
-1274
-1249
-1219
-1164
-1076
-969
-872
-786
-691
-568
-430
-302
-194
-96
6
100
190
274
355
436
495
541
579
640
723
781
815
842
876
932
982
1027
1062
1096
1132
1156
1190
1234
1279
1309
1311
1293
1300
1321
1331
1311
1276
1240
1220
1219
1212
1212
1226
1242
1268
1315
1388
1490
1598
1687
1766
1845
1944
2030
2079
2079
2024
1931
1816
1667
1474
1232
945
622
278
-47
-353
-642
-934
-1227
-1483
-1681
-1806
-1879
-1937
-1988
-2010
-1988
-1925
-1835
-1732
-1649
-1571
-1492
-1411
-1286
-1132
-989
-864
-747
-600
-409
-175
55
248
417
582
759
925
1060
1155
1193
1170
1108
1033
959
868
735
554
351
189
78
-13
-104
-216
-316
-377
-397
-397
-387
-378
-387
-417
-446
-449
-437
-447
-499
-588
-680
-727
-745
-781
-848
-927
-987
-1019
-1026
-1020
-1016
-1017
-1025
-1042
-1029
-990
-948
-919
-931
-955
-952
-913
-879
-866
-879
-895
-896
-872
-830
-783
-737
-705
-664
-597
-492
-368
-245
-149
-72
20
143
266
375
448
492
531
572
625
676
709
723
720
730
758
809
870
906
931
950
989
1043
1092
1127
1141
1130
1114
1111
1105
1101
1078
1045
1016
1001
1008
1039
1085
1128
1186
1263
1366
1488
1611
1727
1835
1932
2009
2061
2074
2048
1973
1846
1665
1441
1172
863
525
165
-194
-544
-874
-1178
-1449
-1675
-1844
-1952
-2006
-2031
-2023
-1976
-1902
-1808
-1702
-1590
-1499
-1419
-1347
-1274
-1194
-1108
-1018
-937
-849
-732
-588
-415
-226
-38
147
325
500
664
807
911
954
950
904
828
731
604
454
282
101
-65
-197
-310
-394
-456
-502
-523
-511
-477
-428
-376
-337
-309
-289
-271
-262
-263
-290
-336
-385
-437
-484
-524
-554
-587
-616
-639
-643
-640
-637
-631
-635
-642
-655
-673
-695
-724
-765
-809
-854
-907
-953
-990
-1022
-1042
-1048
-1041
-1016
-979
-928
-858
-772
-684
-580
-469
-365
-254
-147
-47
43
127
205
279
345
397
442
486
530
574
619
662
704
754
807
854
907
958
1005
1043
1072
1094
1112
1130
1133
1128
1114
1096
1080
1072
1056
1042
1036
1034
1033
1044
1068
1097
1130
1159
1195
1235
1291
1351
1402
1441
1470
1498
1519
1533
1520
1490
1434
1354
1256
1137
1006
849
682
495
296
100
-91
-268
-439
-609
-762
-893
-1001
-1082
-1148
-1203
-1243
-1268
-1280
-1283
-1276
-1258
-1229
-1201
-1176
-1136
-1087
-1022
-941
-865
-780
-691
-592
-475
-360
-249
-141
-43
41
113
174
227
264
268
250
212
169
116
55
-21
-112
-199
-288
-373
-450
-525
-591
-652
-707
-751
-782
-801
-815
-829
-844
-849
-843
-829
-812
-802
-794
-786
-773
-753
-729
-712
-688
-669
-650
-614
-581
-542
-501
-469
-435
-402
-359
-321
-290
-263
-248
-227
-209
-186
-160
-143
-131
-117
-87
-59
-16
31
73
116
159
217
287
359
424
481
533
584
652
717
772
821
855
897
938
979
1023
1052
1065
1065
1062
1063
1054
1042
1010
961
911
868
840
805
768
734
701
684
686
697
719
735
749
770
805
847
893
929
940
937
937
937
927
898
844
775
700
613
526
434
322
206
83
-41
-148
-246
-345
-444
-534
-616
-671
-699
-725
-744
-754
-756
-736
-706
-672
-634
-602
-569
-535
-496
-458
-426
-399
-384
-376
-362
-358
-357
-372
-408
-442
-488
-528
-578
-635
-696
-763
-826
-884
-936
-981
-1028
-1072
-1117
-1152
-1172
-1179
-1179
-1184
-1178
-1163
-1130
-1077
-1022
-960
-910
-850
-781
-715
-636
-564
-511
-467
-430
-389
-349
-317
-291
-286
-286
-280
-265
-244
-226
-208
-200
-185
-163
-129
-87
-45
-23
-5
11
33
67
93
108
109
107
114
133
155
177
190
190
200
217
244
278
301
313
327
352
391
440
485
512
534
565
599
647
689
727
751
776
817
869
936
1003
1061
1110
1162
1221
1294
1348
1384
1401
1392
1383
1372
1358
1335
1284
1222
1148
1082
1023
957
880
783
667
555
449
342
234
108
-35
-176
-302
-403
-490
-575
-661
-744
-806
-831
-831
-814
-802
-795
-779
-748
-698
-642
-592
-572
-562
-557
-541
-508
-481
-470
-482
-498
-503
-490
-467
-455
-459
-479
-495
-504
-502
-505
-535
-581
-637
-691
-736
-768
-812
-867
-926
-980
-1006
-1013
-1012
-1011
-1008
-992
-966
-920
-873
-830
-799
-781
-752
-731
-707
-695
-693
-690
-693
-673
-651
-623
-593
-559
-515
-462
-400
-342
-281
-228
-180
-130
-86
-31
3
29
54
64
77
89
98
97
85
70
52
46
37
30
11
-16
-39
-55
-52
-50
-49
-62
-78
-75
-47
2
47
88
121
163
239
327
420
497
548
600
667
755
844
928
986
1031
1084
1157
1248
1326
1393
1435
1476
1517
1570
1619
1645
1649
1621
1600
1572
1545
1511
1451
1376
1289
1211
1133
1057
970
866
760
646
533
429
320
213
110
17
-63
-131
-192
-228
-236
-234
-231
-252
-296
-340
-371
-405
-474
-609
-792
-971
-1100
-1172
-1234
-1313
-1401
-1446
-1390
-1222
-1003
-813
-678
-558
-390
-163
58
192
195
119
38
9
5
-54
-190
-364
-495
-519
-460
-391
-356
-352
-320
-223
-89
27
73
32
-42
-105
-154
-219
-332
-477
-614
-707
-746
-737
-714
-681
-624
-530
-397
-244
-109
3
101
177
243
280
292
270
232
188
139
89
39
0
-27
-23
-7
19
54
94
145
203
257
302
327
331
334
338
342
335
314
285
267
270
287
313
326
335
348
374
413
449
471
469
460
449
450
459
461
454
437
435
451
483
530
574
617
661
701
743
781
816
833
836
817
785
754
725
707
680
639
589
544
526
527
532
515
473
418
373
349
323
273
183
82
-8
-68
-105
-148
-205
-274
-319
-325
-299
-266
-248
-248
-240
-217
-174
-131
-119
-136
-174
-203
-230
-256
-292
-358
-431
-498
-545
-575
-592
-620
-648
-664
-664
-634
-596
-567
-560
-561
-564
-554
-536
-536
-553
-592
-626
-638
-626
-607
-592
-585
-573
-536
-471
-402
-348
-318
-304
-284
-262
-244
-244
-267
-303
-331
-343
-336
-329
-323
-308
-272
-214
-144
-64
10
78
147
219
279
327
357
375
383
387
383
371
360
343
341
340
342
354
363
381
408
432
459
483
496
507
507
510
512
507
496
482
461
438
421
410
407
404
398
395
405
427
447
470
482
488
499
516
531
521
499
468
431
397
366
325
270
213
167
136
105
69
29
-11
-30
-40
-56
-73
-92
-115
-132
-149
-176
-198
-216
-239
-259
-274
-295
-316
-331
-345
-350
-357
-366
-373
-377
-367
-355
-353
-359
-374
-369
-346
-327
-322
-332
-348
-349
-344
-334
-341
-368
-399
-425
-436
-447
-456
-486
-521
-550
-558
-547
-543
-550
-558
-555
-537
-505
-478
-463
-449
-436
-418
-399
-381
-359
-353
-343
-331
-322
-297
-274
-251
-222
-189
-149
-102
-54
1
47
84
129
166
212
263
299
333
357
390
419
441
461
474
489
498
502
507
503
487
463
434
416
400
382
362
337
321
314
307
304
300
306
316
322
321
317
315
310
299
279
266
253
249
247
244
234
233
234
236
247
259
267
267
252
236
216
194
156
110
63
16
-16
-56
-91
-119
-141
-150
-148
-142
-130
-110
-92
-67
-45
-29
-17
-22
-32
-47
-65
-84
-113
-146
-176
-206
-231
-248
-255
-261
-263
-257
-252
-238
-223
-205
-201
-201
-199
-199
-199
-203
-218
-236
-250
-261
-262
-255
-253
-252
-250
-243
-218
-195
-168
-153
-147
-135
-116
-104
-100
-110
-125
-139
-155
-172
-198
-227
-259
-291
-309
-319
-324
-332
-336
-333
-321
-295
-273
-246
-226
-201
-171
-149
-131
-122
-107
-97
-85
-68
-50
-24
1
27
59
92
128
177
220
260
295
321
345
359
366
365
353
340
330
321
317
303
289
273
268
280
293
318
335
341
349
359
371
376
371
357
338
321
304
280
250
221
193
171
156
149
145
146
141
137
142
150
154
167
168
159
153
148
141
138
132
121
110
99
95
95
92
81
58
38
24
8
-9
-38
-74
-108
-138
-152
-164
-175
-187
-202
-209
-208
-198
-189
-191
-199
-211
-216
-218
-225
-235
-248
-258
-263
-265
-248
-225
-199
-175
-152
-117
-87
-47
-20
-3
6
10
8
0
-13
-40
-68
-100
-129
-145
-157
-162
-179
-193
-197
-190
-169
-154
-140
-132
-124
-115
-114
-109
-106
-107
-111
-115
-114
-111
-106
-106
-106
-101
-97
-86
-74
-61
-52
-47
-48
-58
-58
-64
-68
-75
-91
-98
-108
-113
-113
-115
-116
-111
-111
-97
-84
-63
-50
-47
-28
-20
5
16
35
46
57
72
79
89
96
100
107
107
104
107
105
102
92
89
84
82
81
85
90
89
99
104
110
118
125
134
132
137
137
144
151
149
150
144
149
151
150
145
144
139
129
121
116
108
97
81
62
49
36
23
12
1
-10
-25
-43
-56
-74
-86
-102
-118
-133
-150
-166
-179
-183
-189
-189
-188
-185
-169
-155
-135
-124
-116
-102
-92
-84
-77
-71
-75
-77
-82
-89
-96
-92
-92
-91
-82
-78
-69
-59
-51
-41
-28
-18
-3
3
11
20
25
31
31
34
39
45
57
60
62
68
68
72
72
73
76
80
78
70
67
64
55
56
50
42
37
31
28
21
15
15
14
9
10
13
18
25
28
34
37
44
57
63
66
65
66
66
58
56
48
36
26
21
23
26
33
43
51
60
80
102
124
142
157
168
172
181
182
176
170
163
155
152
150
152
149
153
157
165
179
195
206
214
211
207
204
196
197
176
163
143
125
119
109
104
105
102
106
114
118
125
133
133
131
123
119
111
91
76
55
31
12
-5
-24
-33
-51
-58
-65
-70
-64
-63
-58
-59
-57
-52
-49
-42
-33
-34
-30
-30
-27
-24
-24
-27
-35
-39
-39
-46
-48
-49
-53
-52
-56
-49
-35
-25
-14
-7
5
18
27
42
52
55
52
45
34
22
5
-11
-39
-62
-83
-104
-110
-126
-134
-144
-153
-156
-158
-159
-160
-171
-187
-206
-228
-251
-281
-308
-340
-372
-397
-418
-436
-443
-449
-446
-439
-428
-409
-392
-366
-350
-334
-320
-310
-293
-287
-279
-271
-266
-259
-249
-235
-220
-205
-183
-164
-140
-117
-95
-74
-52
-31
-9
13
30
48
63
79
90
103
118
130
141
150
162
176
197
219
246
275
302
334
365
394
421
446
464
478
485
491
491
492
482
478
474
464
464
460
461
465
473
481
495
505
517
526
530
538
543
555
559
561
567
570
574
584
587
596
600
604
602
601
598
593
595
595
600
610
624
642
668
698
738
777
816
859
895
926
952
970
981
990
988
984
974
962
950
932
913
888
859
824
789
746
695
647
591
530
470
410
352
297
246
195
149
107
71
37
4
-27
-61
-93
-128
-161
-195
-227
-266
-298
-327
-355
-370
-387
-400
-421
-437
-459
-486
-509
-542
-574
-609
-639
-666
-682
-690
-693
-683
-659
-626
-581
-526
-463
-389
-316
-238
-159
-83
-13
37
72
76
53
7
-79
-196
-340
-510
-693
-882
-1071
-1239
-1400
-1529
-1637
-1727
-1788
-1846
-1896
-1960
-2035
-2126
-2231
-2351
-2469
-2572
-2656
-2697
-2687
-2616
-2492
-2307
-2085
-1835
-1576
-1311
-1062
-847
-659
-510
-396
-331
-295
-284
-300
-337
-387
-447
-518
-589
-657
-720
-786
-846
-902
-951
-1001
-1056
-1111
-1168
-1235
-1308
-1384
-1473
-1567
-1669
-1785
-1906
-2031
-2157
-2289
-2413
-2539
-2661
-2771
-2883
-2983
-3076
-3159
-3240
-3314
-3381
-3443
-3494
-3540
-3577
-3606
-3625
-3629
-3621
-3589
-3537
-3468
-3374
-3264
-3132
-2983
-2824
-2656
-2480
-2298
-2116
-1925
-1733
-1533
-1323
-1109
-893
-671
-442
-220
3
220
426
623
805
977
1140
1285
1420
1541
1652
1754
1857
1950
2038
2134
2220
2308
2395
2489
2572
2659
2743
2809
2871
2917
2955
2982
3002
3016
3023
3027
3024
3026
3024
3019
3020
3013
3008
2999
2993
2981
2966
2952
2930
2913
2890
2869
2841
2803
2767
2725
2680
2627
2578
2533
2488
2455
2422
2400
2383
2367
2359
2351
2339
2329
2323
2306
2283
2253
2213
2171
2115
2057
1997
1935
1869
1809
1753
1698
1652
1606
1563
1520
1484
1443
1404
1366
1316
1266
1213
1159
1110
1059
1013
963
915
869
829
794
759
725
697
671
645
624
607
585
564
546
521
496
464
431
393
348
304
261
214
176
144
109
77
46
23
-6
-36
-63
-97
-138
-175
-213
-257
-301
-340
-375
-411
-434
-450
-456
-454
-443
-422
-401
-373
-337
-306
-277
-246
-221
-199
-180
-167
-153
-141
-129
-121
-111
-97
-86
-75
-62
-51
-38
-23
-4
10
20
34
41
43
42
35
20
3
-24
-54
-86
-124
-165
-207
-252
-302
-345
-394
-443
-496
-550
-606
-667
-727
-792
-858
-923
-994
-1063
-1127
-1192
-1253
-1317
-1372
-1423
-1469
-1508
-1539
-1566
-1599
-1630
-1655
-1684
-1711
-1737
-1766
-1800
-1840
-1874
-1910
-1950
-1981
-2007
-2037
-2061
-2078
-2093
-2100
-2101
-2095
-2081
-2068
-2040
-2012
-1977
-1938
-1899
-1850
-1806
-1758
-1702
-1648
-1596
-1538
-1479
-1426
-1359
-1292
-1231
-1167
-1095
-1027
-955
-881
-806
-732
-660
-578
-499
-424
-344
-264
-182
-105
-21
63
144
233
320
401
488
568
646
721
792
864
926
986
1050
1108
1164
1217
1268
1319
1369
1421
1473
1522
1568
1613
1656
1695
1734
1770
1796
1815
1839
1858
1872
1883
1892
1894
1894
1897
1898
1896
1888
1880
1862
1846
1824
1800
1764
1725
1689
1639
1588
1536
1483
1425
1365
1306
1248
1189
1127
1073
1017
957
898
836
774
708
643
577
506
428
353
277
202
118
44
-27
-105
-167
-225
-282
-328
-373
-411
-441
-467
-489
-509
-532
-547
-562
-578
-595
-606
-611
-615
-612
-607
-595
-581
-560
-536
-513
-487
-461
-436
-417
-396
-385
-372
-371
-364
-354
-356
-357
-353
-348
-341
-329
-315
-297
-287
-270
-245
-227
-208
-186
-171
-158
-148
-131
-120
-111
-100
-90
-82
-69
-56
-41
-21
-10
9
26
39
54
72
87
97
108
112
116
122
119
117
113
109
108
105
106
102
93
88
80
69
60
48
31
12
-5
-25
-47
-63
-86
-111
-137
-158
-179
-207
-227
-249
-275
-305
-329
-356
-386
-410
-440
-471
-502
-528
-562
-589
-617
-650
-678
-707
-733
-757
-784
-808
-835
-865
-893
-916
-938
-966
-988
-1002
-1019
-1035
-1040
-1047
-1057
-1060
-1058
-1059
-1060
-1053
-1049
-1048
-1046
-1039
-1030
-1023
-1012
-994
-978
-965
-940
-911
-888
-859
-828
-794
-767
-731
-693
-661
-631
-601
-576
-551
-519
-494
-464
-439
-411
-382
-356
-328
-303
-276
-251
-235
-222
-206
-194
-188
-183
-182
-182
-179
-181
-184
-179
-179
-180
-179
-180
-182
-184
-181
-184
-193
-205
-213
-223
-238
-252
-264
-283
-304
-313
-324
-337
-350
-363
-369
-379
-388
-398
-406
-416
-426
-438
-446
-452
-455
-457
-466
-460
-456
-452
-433
-416
-394
-369
-339
-304
-270
-225
-186
-147
-106
-65
-18
22
62
105
142
176
207
243
275
302
329
352
365
378
391
397
397
399
393
382
370
357
338
313
286
262
237
208
180
157
131
105
82
67
52
34
27
15
5
9
15
23
32
44
63
74
99
128
155
183
209
242
274
311
350
386
419
453
492
529
561
594
621
646
666
688
711
729
744
757
768
778
785
802
815
816
822
829
837
844
855
862
867
871
873
879
886
889
897
900
908
911
917
929
931
937
943
951
961
963
963
968
963
956
959
961
959
948
938
928
925
919
911
899
885
878
865
851
842
833
819
802
785
769
756
742
728
712
689
678
669
657
647
635
622
609
600
598
593
589
587
574
569
566
569
567
560
559
557
554
555
562
558
558
553
554
554
550
555
548
538
525
516
504
486
468
448
426
399
370
345
313
278
248
211
172
134
103
63
14
-29
-67
-113
-164
-206
-249
-301
-347
-388
-436
-480
-518
-559
-603
-644
-675
-709
-747
-784
-814
-846
-877
-901
-928
-951
-970
-990
-1011
-1026
-1035
-1041
-1052
-1061
-1070
-1073
-1074
-1073
-1071
-1072
-1073
-1072
-1069
-1064
-1062
-1053
-1051
-1056
-1050
-1045
-1040
-1036
-1031
-1029
-1027
-1025
-1022
-1015
-1012
-1004
-999
-993
-985
-978
-969
-958
-950
-939
-932
-919
-905
-894
-885
-878
-869
-860
-848
-835
-819
-816
-807
-798
-786
-771
-763
-755
-748
-739
-733
-726
-717
-710
-701
-692
-686
-676
-663
-654
-645
-632
-621
-609
-592
-580
-567
-560
-551
-542
-537
-529
-525
-526
-536
-546
-553
-564
-579
-603
-628
-661
-696
-728
-765
-804
-844
-893
-943
-992
-1036
-1078
-1128
-1173
-1210
-1249
-1285
-1314
-1336
-1353
-1367
-1370
-1370
-1364
-1353
-1337
-1317
-1293
-1271
-1241
-1202
-1170
-1132
-1096
-1064
-1028
-998
-968
-941
-912
-888
-867
-851
-833
-814
-807
-794
-786
-781
-774
-769
-763
-757
-754
-746
-738
-728
-712
-695
-675
-657
-631
-600
-570
-533
-495
-461
-419
-371
-321
-268
-213
-159
-107
-50
10
74
129
193
255
320
387
457
526
596
662
726
794
855
921
988
1049
1107
1165
1224
1281
1336
1388
1439
1490
1540
1589
1633
1678
1725
1762
1799
1832
1865
1901
1925
1948
1966
1976
1987
1991
1998
1998
1991
1982
1963
1944
1922
1899
1861
1820
1777
1731
1679
1619
1557
1497
1437
1371
1299
1237
1175
1113
1053
992
931
882
838
796
759
730
708
684
664
656
655
656
657
663
678
696
719
744
771
799
827
856
879
910
940
967
985
999
1024
1043
1054
1066
1077
1083
1088
1096
1097
1099
1101
1106
1110
1111
1109
1111
1112
1110
1110
1108
1111
1107
1104
1107
1106
1108
1106
1101
1102
1102
1101
1096
1084
1079
1077
1071
1061
1050
1042
1029
1014
995
977
963
949
932
911
895
883
870
849
827
812
796
780
764
749
736
720
704
689
676
663
655
635
617
607
592
580
566
553
542
530
516
500
486
472
456
432
420
405
387
372
353
333
316
295
275
251
228
212
187
164
141
118
93
71
47
14
-12
-34
-63
-97
-127
-153
-191
-221
-245
-280
-307
-339
-375
-407
-434
-464
-503
-531
-557
-586
-616
-646
-672
-696
-721
-742
-771
-793
-805
-821
-838
-856
-868
-876
-884
-892
-902
-907
-912
-913
-921
-927
-920
-921
-922
-918
-919
-918
-914
-911
-910
-907
-900
-901
-901
-902
-898
-896
-902
-909
-911
-912
-917
-922
-931
-932
-931
-933
-937
-950
-948
-943
-952
-955
-959
-952
-949
-952
-952
-950
-944
-941
-935
-933
-932
-923
-918
-915
-914
-900
-895
-888
-884
-876
-871
-873
-867
-866
-860
-858
-851
-848
-846
-833
-828
-828
-824
-820
-811
-805
-804
-797
-790
-778
-771
-764
-756
-754
-738
-732
-728
-719
-708
-694
-695
-688
-671
-663
-649
-639
-634
-621
-615
-612
-605
-604
-591
-579
-573
-566
-560
-542
-538
-537
-530
-527
-520
-514
-503
-495
-489
-478
-474
-472
-466
-462
-458
-451
-452
-442
-436
-433
-427
-417
-412
-407
-400
-394
-386
-377
-366
-356
-345
-327
-314
-303
-282
-263
-248
-228
-205
-185
-159
-134
-108
-80
-47
-16
13
49
80
111
148
182
213
252
289
316
353
390
417
455
487
520
551
583
615
646
674
703
731
758
786
811
834
851
872
890
910
928
938
947
958
967
975
979
984
986
984
984
978
970
964
955
947
935
920
911
896
880
864
846
828
807
797
778
762
745
727
712
694
682
670
660
645
632
620
612
596
583
573
564
551
534
522
499
488
470
449
427
408
386
357
332
304
281
252
219
193
163
132
103
75
46
23
-6
-37
-60
-83
-100
-116
-133
-147
-160
-166
-175
-181
-181
-182
-175
-174
-171
-163
-151
-140
-131
-119
-105
-93
-79
-64
-51
-34
-18
-9
-1
16
25
35
41
49
52
51
52
53
47
45
41
29
19
8
-2
-14
-29
-52
-73
-85
-105
-128
-147
-168
-185
-205
-228
-246
-265
-284
-299
-316
-328
-338
-350
-360
-369
-379
-384
-388
-397
-403
-402
-405
-406
-409
-413
-417
-421
-423
-435
-437
-449
-455
-469
-484
-499
-513
-530
-554
-578
-601
-623
-655
-688
-725
-754
-785
-821
-850
-886
-921
-951
-982
-1013
-1039
-1065
-1086
-1106
-1125
-1139
-1149
-1154
-1161
-1161
-1159
-1152
-1145
-1132
-1117
-1102
-1077
-1049
-1021
-990
-954
-914
-878
-839
-797
-749
-703
-657
-614
-565
-518
-470
-419
-376
-331
-280
-235
-193
-151
-110
-70
-31
-4
31
69
93
117
130
147
160
169
174
171
162
153
138
114
93
66
37
2
-39
-77
-120
-163
-208
-260
-304
-350
-397
-442
-481
-519
-558
-592
-628
-653
-673
-691
-702
-713
-713
-714
-711
-699
-683
-666
-646
-621
-596
-570
-536
-505
-474
-443
-416
-383
-356
-333
-304
-279
-252
-227
-206
-190
-168
-147
-130
-110
-89
-67
-45
-24
-2
26
49
78
110
141
184
223
266
311
354
404
453
501
552
607
662
709
759
808
855
900
942
981
1016
1053
1084
1116
1146
1170
1192
1216
1230
1245
1264
1273
1281
1290
1294
1303
1309
1312
1312
1320
1327
1329
1336
1338
1349
1360
1360
1365
1371
1383
1388
1391
1392
1395
1400
1396
1396
1390
1387
1381
1371
1356
1343
1333
1318
1302
1286
1270
1253
1234
1213
1189
1165
1145
1123
1103
1077
1057
1036
1017
996
980
966
955
943
931
928
921
916
907
903
905
903
903
898
898
899
894
890
884
884
880
876
870
860
857
848
833
818
805
787
769
750
728
703
675
648
617
582
555
524
491
458
428
398
366
334
306
277
249
227
199
175
157
139
121
101
87
72
59
47
36
26
19
15
1
-8
-14
-25
-32
-43
-62
-69
-82
-97
-111
-126
-135
-155
-172
-189
-201
-216
-226
-234
-249
-254
-265
-272
-277
-282
-283
-287
-284
-286
-279
-279
-279
-273
-277
-274
-272
-267
-266
-269
-274
-276
-283
-295
-308
-323
-338
-362
-381
-405
-436
-463
-496
-527
-563
-598
-629
-667
-702
-733
-766
-793
-825
-849
-874
-894
-912
-928
-940
-948
-955
-958
-958
-952
-942
-932
-922
-911
-889
-873
-846
-826
-806
-783
-758
-732
-712
-689
-663
-634
-622
-599
-582
-557
-537
-519
-501
-483
-464
-452
-435
-422
-407
-395
-386
-376
-362
-349
-338
-327
-320
-312
-309
-305
-298
-294
-289
-281
-279
-277
-275
-272
-270
-275
-272
-273
-273
-274
-276
-276
-278
-279
-285
-286
-286
-288
-289
-289
-288
-290
-287
-289
-289
-289
-292
-291
-290
-289
-294
-292
-291
-295
-293
-298
-301
-300
-301
-304
-308
-307
-312
-319
-324
-323
-327
-330
-334
-339
-339
-346
-346
-355
-353
-356
-362
-364
-368
-369
-373
-370
-374
-380
-379
-383
-386
-392
-393
-391
-396
-396
-402
-405
-414
-412
-415
-422
-420
-429
-430
-434
-436
-444
-447
-448
-455
-457
-458
-462
-466
-473
-477
-490
-496
-501
-511
-514
-528
-537
-547
-554
-572
-589
-601
-617
-633
-657
-664
-684
-702
-718
-738
-748
-770
-781
-797
-814
-816
-827
-832
-839
-835
-836
-833
-824
-816
-803
-787
-765
-752
-724
-697
-669
-636
-606
-565
-534
-488
-449
-414
-370
-328
-284
-251
-210
-172
-130
-90
-53
-11
23
62
96
129
164
194
226
251
281
310
338
363
386
413
436
468
490
514
538
557
585
608
629
654
682
707
725
748
770
791
810
824
847
862
878
897
908
918
933
948
954
964
970
978
985
983
986
984
982
980
973
962
961
954
941
931
920
913
905
890
874
865
856
841
825
813
801
783
765
750
731
716
700
680
665
650
639
623
606
590
576
563
553
540
527
512
503
488
473
463
446
437
423
409
396
385
376
363
351
343
333
322
309
296
289
273
261
251
235
224
211
194
179
170
159
144
135
127
118
113
106
100
97
94
94
87
83
87
88
88
87
90
96
104
108
119
126
135
145
151
160
173
181
189
194
205
214
223
230
231
239
244
248
248
249
252
255
255
254
254
254
258
258
253
252
251
246
239
232
227
222
218
207
204
200
191
184
177
170
163
155
143
133
128
123
113
99
91
83
68
56
44
23
14
3
-18
-32
-42
-64
-77
-91
-115
-135
-157
-179
-203
-231
-254
-278
-311
-340
-371
-401
-432
-466
-501
-536
-568
-605
-638
-674
-706
-737
-772
-808
-835
-861
-893
-921
-947
-969
-993
-1018
-1032
-1051
-1069
-1073
-1083
-1091
-1091
-1091
-1088
-1087
-1081
-1067
-1053
-1040
-1023
-1005
-985
-961
-936
-908
-884
-850
-819
-787
-756
-721
-687
-653
-612
-576
-538
-498
-458
-419
-383
-342
-305
-267
-228
-194
-156
-124
-86
-50
-19
11
48
77
100
128
156
182
207
229
248
268
288
309
321
339
357
369
380
393
404
412
420
426
429
440
450
453
457
463
466
464
467
470
468
463
459
454
449
442
438
429
421
412
401
390
376
365
349
337
322
299
285
268
249
235
220
203
183
168
152
136
120
111
97
80
72
60
48
37
31
22
10
3
-5
-13
-20
-26
-27
-37
-40
-41
-44
-42
-46
-46
-44
-42
-42
-43
-40
-43
-42
-41
-39
-36
-36
-36
-33
-30
-28
-27
-25
-22
-17
-9
-10
-7
-1
0
2
2
5
9
12
6
7
11
11
15
16
17
18
15
20
23
23
25
28
28
28
27
27
25
23
25
22
21
19
17
13
8
5
6
8
9
8
6
7
5
2
2
-2
-2
-4
-10
-12
-16
-16
-22
-25
-24
-26
-30
-30
-31
-32
-31
-33
-36
-37
-39
-41
-39
-46
-51
-52
-57
-58
-66
-71
-76
-79
-85
-88
-90
-88
-90
-93
-93
-95
-95
-98
-103
-107
-113
-117
-116
-121
-121
-123
-123
-127
-127
-124
-120
-123
-122
-115
-120
-121
-119
-123
-124
-127
-129
-127
-132
-139
-137
-138
-141
-139
-141
-139
-139
-141
-134
-130
-128
-122
-118
-116
-112
-106
-102
-99
-94
-84
-78
-68
-52
-41
-31
-20
-5
9
17
37
51
63
69
81
93
97
108
119
127
134
138
148
157
163
169
176
177
180
182
185
188
188
187
189
186
183
180
173
170
165
163
155
153
148
148
146
139
139
131
125
122
115
115
113
113
109
114
110
119
122
126
135
138
147
154
165
175
183
194
207
217
230
243
254
267
283
295
311
323
335
349
360
373
380
395
408
413
424
434
439
445
454
460
467
472
478
484
488
490
488
488
492
487
485
480
476
472
465
456
454
450
442
436
424
418
408
398
386
376
363
350
333
320
306
290
277
266
252
238
221
209
197
186
177
159
151
135
122
111
98
88
79
69
59
43
31
27
16
4
1
-8
-12
-15
-25
-30
-31
-37
-44
-45
-51
-55
-53
-55
-53
-49
-47
-35
-34
-27
-13
-10
3
6
18
34
37
50
63
72
84
90
104
121
128
144
154
160
173
185
194
203
210
218
221
221
225
227
229
232
233
235
238
241
237
236
240
238
238
237
228
225
221
216
210
203
199
185
181
174
167
164
156
149
145
139
131
126
115
107
98
85
74
64
55
43
34
23
14
5
-5
-14
-21
-30
-38
-43
-54
-65
-76
-87
-97
-105
-115
-128
-148
-161
-175
-183
-189
-204
-214
-222
-231
-235
-246
-258
-264
-275
-284
-294
-302
-309
-316
-329
-337
-344
-353
-357
-363
-367
-368
-377
-375
-381
-381
-378
-382
-379
-379
-379
-376
-381
-380
-380
-382
-375
-374
-366
-362
-361
-350
-340
-335
-326
-319
-313
-303
-299
-289
-284
-278
-270
-267
-261
-257
-256
-248
-243
-242
-237
-236
-238
-235
-234
-232
-235
-234
-233
-241
-242
-246
-256
-261
-275
-279
-285
-302
-300
-311
-315
-315
-328
-331
-337
-345
-347
-351
-356
-356
-363
-360
-371
-374
-372
-388
-388
-385
-388
-384
-386
-383
-380
-387
-382
-381
-381
-373
-372
-372
-369
-374
-375
-373
-375
-378
-383
-387
-390
-393
-388
-387
-391
-389
-399
-402
-401
-410
-410
-414
-420
-420
-429
-433
-439
-446
-446
-452
-453
-453
-461
-454
-455
-459
-457
-455
-453
-453
-446
-443
-447
-438
-435
-439
-433
-429
-426
-422
-416
-414
-407
-397
-395
-388
-377
-372
-365
-359
-353
-347
-339
-335
-327
-317
-313
-309
-302
-292
-287
-281
-271
-268
-253
-239
-229
-216
-206
-192
-184
-175
-162
-154
-139
-123
-116
-104
-88
-79
-63
-45
-33
-18
0
11
31
47
60
75
86
105
115
131
144
151
163
170
175
187
194
202
217
226
232
243
247
253
261
263
268
273
274
274
273
276
277
270
275
276
273
282
282
281
287
288
290
292
294
295
303
312
312
314
314
318
319
319
325
328
333
342
346
354
362
362
367
374
377
384
390
389
395
400
402
404
406
407
408
407
407
406
412
417
416
422
420
413
415
411
405
406
401
399
394
387
378
372
369
361
360
353
345
342
330
324
322
313
303
297
289
282
271
262
255
242
235
227
217
213
201
192
190
180
168
167
162
156
152
143
133
126
121
116
109
105
104
95
92
87
80
83
77
73
71
64
62
66
65
63
69
69
67
67
64
63
63
62
64
66
66
69
71
74
73
72
79
77
77
84
82
79
83
79
75
77
72
72
72
66
68
67
61
60
55
53
49
36
36
37
29
31
25
11
13
4
-13
-17
-20
-31
-32
-42
-52
-54
-65
-72
-75
-79
-91
-100
-103
-113
-120
-123
-132
-145
-144
-153
-160
-155
-163
-173
-171
-177
-182
-181
-183
-190
-189
-191
-198
-198
-198
-198
-199
-196
-199
-207
-201
-205
-204
-195
-199
-204
-205
-201
-200
-195
-189
-190
-188
-189
-184
-185
-181
-176
-179
-176
-172
-174
-169
-164
-165
-156
-155
-161
-155
-155
-154
-146
-144
-142
-137
-137
-135
-132
-132
-125
-124
-125
-117
-116
-114
-105
-110
-103
-99
-104
-95
-86
-82
-79
-73
-76
-77
-67
-71
-66
-59
-57
-50
-50
-46
-44
-39
-33
-33
-28
-28
-27
-19
-17
-15
-5
-7
-5
0
1
7
14
18
18
20
22
26
29
32
37
40
45
46
51
54
55
56
57
59
58
60
66
65
66
66
62
65
63
63
65
64
60
62
60
57
54
53
51
49
48
42
37
39
36
34
28
26
23
18
17
13
16
15
13
8
3
10
1
1
3
3
3
2
3
-5
0
1
0
4
5
7
11
12
9
14
15
15
20
22
20
28
30
29
31
33
35
32
36
38
39
40
41
45
45
44
45
47
45
44
48
48
44
43
46
44
43
43
45
43
45
42
40
37
37
36
35
36
34
35
35
34
31
29
32
32
25
23
27
23
20
21
20
19
16
14
12
7
7
7
5
4
4
1
-1
-2
-8
-10
-7
-12
-17
-19
-19
-22
-25
-26
-28
-28
-31
-28
-30
-31
-29
-29
-33
-36
-39
-33
-34
-39
-38
-39
-39
-37
-40
-41
-39
-41
-40
-41
-41
-40
-45
-45
-45
-45
-48
-49
-51
-56
-55
-58
-62
-61
-64
-68
-67
-65
-69
-73
-72
-77
-78
-82
-85
-84
-91
-89
-91
-94
-95
-95
-94
-95
-94
-92
-88
-91
-91
-86
-84
-82
-82
-80
-77
-73
-72
-71
-66
-61
-56
-52
-47
-44
-38
-37
-30
-26
-21
-15
-18
-12
-9
-9
-4
-2
2
2
9
15
15
15
21
22
19
21
24
27
29
28
31
34
34
35
34
35
39
39
39
45
46
45
50
50
53
54
52
52
58
60
61
59
62
69
68
71
77
80
80
83
89
91
89
92
95
94
97
99
98
101
105
106
103
106
105
105
108
111
117
115
112
115
117
118
118
118
115
115
117
118
122
121
124
125
124
130
129
129
132
133
133
132
134
137
135
137
139
135
134
134
131
135
130
131
135
131
128
135
126
126
132
126
124
120
117
116
112
109
108
104
104
100
98
97
101
99
100
99
96
97
96
92
94
91
91
91
89
88
88
85
81
81
82
86
83
84
87
85
87
84
84
85
86
80
77
76
73
72
70
67
65
64
65
65
65
64
63
61
63
58
53
53
49
47
45
42
39
33
26
28
25
25
29
24
19
21
19
17
16
10
11
12
6
5
0
-4
-5
-10
-13
-15
-17
-20
-18
-19
-18
-18
-22
-22
-28
-32
-32
-36
-40
-45
-52
-55
-56
-62
-63
-68
-72
-79
-78
-80
-83
-87
-89
-89
-93
-95
-104
-105
-110
-116
-122
-124
-129
-135
-140
-142
-143
-144
-146
-149
-154
-157
-159
-164
-172
-175
-175
-181
-185
-191
-195
-198
-204
-212
-216
-226
-228
-229
-231
-238
-241
-246
-251
-251
-254
-264
-271
-271
-276
-283
-288
-295
-297
-302
-307
-303
-309
-311
-310
-317
-314
-312
-314
-317
-318
-317
-312
-316
-317
-321
-322
-319
-326
-321
-324
-327
-317
-317
-315
-312
-310
-312
-312
-308
-308
-309
-312
-311
-310
-313
-314
-310
-312
-313
-311
-308
-307
-308
-303
-305
-308
-303
-302
-304
-302
-300
-299
-294
-299
-302
-295
-296
-297
-295
-292
-287
-286
-277
-274
-270
-265
-260
-257
-257
-252
-247
-241
-238
-238
-230
-223
-222
-215
-212
-201
-196
-195
-188
-183
-179
-170
-162
-159
-158
-151
-148
-143
-134
-133
-132
-128
-123
-117
-115
-107
-101
-95
-92
-86
-80
-80
-70
-62
-60
-55
-44
-42
-35
-28
-25
-18
-13
-11
3
12
15
24
37
47
53
62
69
81
92
101
115
124
130
141
152
165
175
186
199
211
226
240
258
272
288
303
315
333
352
370
384
402
422
437
454
473
492
505
524
544
561
584
600
623
640
654
670
690
708
721
738
757
764
780
796
804
814
826
837
845
857
864
877
879
883
893
895
894
898
905
905
903
900
902
898
894
892
885
881
870
872
868
856
852
846
836
824
820
816
807
798
791
781
767
754
753
744
730
724
721
711
705
705
696
687
680
675
671
668
661
654
652
649
642
643
636
632
631
629
631
627
626
627
629
627
622
622
622
624
626
626
623
620
615
610
612
612
610
599
598
595
593
596
584
581
573
563
555
555
545
531
526
512
504
493
478
465
451
436
419
410
396
374
361
344
326
314
293
273
253
232
213
193
170
152
127
105
90
71
52
28
6
-17
-34
-53
-73
-95
-116
-135
-150
-166
-191
-212
-232
-249
-267
-283
-302
-320
-333
-348
-365
-380
-396
-412
-428
-441
-455
-465
-482
-497
-510
-523
-536
-548
-557
-576
-588
-593
-604
-611
-619
-633
-644
-652
-660
-672
-678
-687
-696
-705
-716
-730
-735
-743
-750
-755
-761
-764
-764
-764
-774
-780
-785
-791
-796
-801
-810
-811
-811
-818
-816
-817
-824
-822
-827
-831
-826
-825
-826
-826
-828
-827
-824
-824
-824
-829
-829
-830
-824
-818
-820
-819
-815
-809
-795
-786
-784
-780
-773
-760
-751
-742
-743
-737
-727
-714
-698
-691
-682
-673
-659
-640
-622
-612
-605
-588
-569
-550
-538
-528
-515
-505
-486
-471
-458
-448
-437
-416
-400
-389
-380
-367
-356
-338
-322
-314
-309
-295
-287
-270
-266
-262
-251
-246
-238
-229
-221
-215
-205
-193
-184
-177
-163
-163
-158
-146
-135
-129
-120
-116
-111
-99
-87
-81
-71
-63
-57
-50
-37
-30
-20
-12
-2
12
24
33
41
58
63
73
84
86
95
107
115
125
131
138
145
155
159
163
168
173
180
185
190
193
199
206
208
203
207
203
206
206
200
203
205
203
198
194
191
191
191
189
190
185
183
183
177
176
169
158
150
146
141
142
134
132
129
124
124
118
113
110
104
103
102
100
99
86
81
78
75
71
62
57
54
52
52
51
47
47
47
46
47
40
41
40
38
35
31
31
28
33
29
31
37
33
34
37
38
42
47
50
48
50
55
54
60
57
59
64
63
66
71
72
73
72
73
75
77
80
85
87
85
78
74
72
68
66
66
61
54
53
47
48
46
39
33
27
26
20
17
13
5
0
-3
-8
-14
-18
-25
-26
-31
-36
-41
-48
-48
-52
-51
-57
-62
-64
-69
-73
-80
-81
-83
-84
-85
-90
-93
-97
-96
-100
-108
-110
-116
-118
-122
-127
-132
-140
-140
-146
-150
-150
-156
-163
-167
-171
-179
-183
-185
-191
-195
-195
-199
-206
-213
-217
-210
-212
-212
-217
-216
-214
-215
-208
-208
-213
-206
-208
-205
-200
-201
-198
-194
-192
-182
-176
-176
-163
-163
-152
-147
-148
-137
-133
-131
-122
-121
-117
-113
-108
-101
-100
-93
-88
-86
-83
-79
-76
-74
-71
-64
-63
-58
-58
-59
-52
-49
-52
-47
-47
-39
-32
-30
-24
-19
-14
-8
-5
-1
6
11
20
20
26
32
37
44
56
62
71
77
79
91
95
106
111
113
122
127
131
133
135
143
146
150
157
159
161
164
159
160
161
160
161
164
165
162
160
158
156
156
153
147
144
143
143
145
146
145
145
141
139
133
129
134
133
129
129
127
129
132
131
129
127
126
126
127
128
130
135
139
140
141
135
131
132
137
139
143
146
151
156
158
157
157
162
163
166
167
174
179
184
190
195
198
200
205
212
223
231
236
244
252
263
270
276
282
290
300
310
321
327
339
347
359
367
373
383
392
402
413
418
422
438
448
457
465
463
469
479
485
488
490
498
511
519
522
521
519
527
532
537
537
537
540
546
552
553
557
557
556
556
552
550
555
557
560
560
554
548
541
540
542
546
550
546
542
537
536
532
531
526
518
517
516
507
497
495
492
488
481
469
460
457
458
454
442
436
428
419
415
403
394
380
368
358
351
342
331
322
312
300
284
275
265
256
252
237
226
215
192
177
163
148
133
116
101
89
75
63
49
33
19
3
-11
-26
-44
-56
-67
-84
-102
-117
-136
-152
-169
-183
-195
-206
-216
-231
-242
-251
-263
-273
-283
-295
-308
-319
-333
-343
-348
-357
-371
-378
-385
-392
-398
-405
-410
-415
-418
-421
-428
-430
-432
-434
-435
-441
-442
-449
-452
-457
-461
-459
-461
-461
-458
-453
-458
-459
-459
-458
-457
-461
-465
-463
-461
-459
-451
-454
-455
-457
-462
-455
-456
-462
-457
-455
-451
-447
-443
-439
-437
-434
-431
-431
-426
-427
-425
-418
-416
-413
-413
-412
-402
-395
-393
-389
-385
-380
-377
-373
-367
-364
-357
-349
-345
-339
-331
-329
-328
-320
-317
-314
-312
-310
-303
-295
-291
-288
-277
-270
-266
-262
-257
-251
-254
-244
-239
-235
-231
-230
-219
-214
-207
-205
-202
-199
-194
-186
-181
-171
-169
-160
-153
-152
-146
-145
-142
-136
-138
-136
-138
-138
-130
-125
-120
-117
-115
-114
-108
-110
-105
-104
-105
-101
-105
-105
-104
-105
-101
-101
-104
-103
-105
-101
-98
-101
-99
-95
-91
-90
-88
-88
-84
-82
-87
-82
-89
-92
-92
-92
-88
-83
-80
-78
-74
-74
-68
-64
-60
-59
-68
-68
-69
-70
-68
-68
-68
-69
-70
-69
-69
-71
-67
-68
-69
-71
-74
-74
-74
-69
-75
-76
-82
-84
-92
-96
-91
-100
-96
-94
-97
-96
-100
-98
-96
-101
-107
-105
-108
-108
-109
-110
-110
-111
-111
-110
-109
-114
-109
-109
-106
-104
-105
-102
-103
-100
-100
-102
-100
-103
-104
-97
-90
-91
-83
-91
-93
-83
-87
-85
-81
-85
-83
-85
-80
-75
-76
-69
-71
-73
-71
-71
-72
-67
-65
-64
-63
-69
-65
-61
-62
-59
-52
-54
-55
-47
-41
-38
-35
-30
-29
-29
-23
-18
-16
-8
-6
-6
-2
-1
4
11
16
19
23
27
31
35
41
47
50
54
57
58
57
59
58
62
61
64
69
72
72
75
79
74
79
78
81
83
83
86
85
89
84
86
88
92
93
91
95
97
103
107
112
117
124
125
132
136
138
144
147
150
152
159
162
165
171
176
187
191
197
202
209
210
214
217
222
229
231
241
240
245
247
252
255
259
269
269
272
274
280
287
292
292
297
305
308
311
312
317
320
323
326
327
338
338
347
351
356
360
361
368
373
377
375
382
383
386
395
397
405
406
413
415
418
422
422
427
431
438
442
445
447
456
457
461
467
468
478
483
493
503
503
510
513
513
518
522
532
535
542
552
553
558
563
567
572
575
579
580
581
586
585
586
587
581
577
572
567
564
560
559
556
551
550
549
538
535
528
517
510
498
489
479
473
465
461
451
438
430
415
413
404
399
394
390
383
376
370
357
352
339
334
328
323
316
312
306
298
295
285
279
275
269
265
258
249
241
231
220
211
203
190
176
161
155
148
136
130
120
113
107
93
80
68
55
43
34
22
10
3
-9
-16
-28
-42
-53
-64
-70
-80
-85
-90
-97
-101
-110
-114
-125
-136
-145
-152
-155
-163
-168
-175
-176
-185
-190
-195
-202
-209
-214
-220
-230
-236
-244
-248
-251
-258
-263
-270
-273
-278
-284
-287
-291
-292
-293
-294
-296
-304
-310
-311
-311
-316
-311
-309
-313
-311
-310
-307
-302
-296
-296
-296
-289
-289
-288
-288
-283
-279
-277
-279
-278
-272
-269
-266
-262
-258
-256
-251
-253
-253
-250
-253
-258
-262
-265
-266
-273
-275
-274
-282
-279
-280
-282
-283
-287
-285
-286
-290
-290
-290
-295
-298
-299
-302
-307
-316
-315
-312
-314
-309
-302
-309
-303
-298
-296
-290
-291
-283
-288
-287
-280
-284
-282
-286
-283
-283
-283
-279
-275
-268
-266
-257
-253
-247
-247
-244
-241
-246
-244
-248
-251
-251
-254
-252
-258
-258
-255
-253
-253
-249
-244
-240
-236
-232
-230
-234
-232
-233
-238
-238
-241
-245
-247
-245
-248
-241
-237
-241
-236
-233
-229
-230
-228
-226
-229
-228
-229
-233
-235
-233
-239
-238
-239
-239
-232
-233
-231
-216
-214
-215
-211
-207
-204
-202
-199
-199
-201
-195
-191
-186
-182
-177
-166
-159
-156
-148
-137
-132
-127
-117
-108
-106
-104
-99
-95
-100
-92
-90
-91
-90
-86
-79
-79
-74
-72
-66
-63
-61
-59
-60
-62
-58
-59
-61
-62
-66
-64
-62
-65
-63
-60
-59
-56
-53
-48
-48
-50
-46
-47
-44
-42
-38
-35
-35
-32
-27
-21
-19
-15
-9
-3
-2
1
5
7
7
12
13
14
12
15
17
21
21
22
27
27
32
34
31
29
28
32
30
27
28
29
28
27
24
26
28
27
31
31
33
33
35
39
41
42
41
39
39
43
43
47
48
48
51
56
56
61
68
69
71
69
72
75
74
73
70
67
68
64
61
62
58
64
59
57
60
61
62
58
58
53
49
47
43
43
40
38
33
31
33
29
31
34
32
35
40
41
43
43
49
47
44
46
43
47
51
50
50
56
54
60
66
69
75
77
74
76
76
76
78
77
73
75
71
65
64
63
65
61
61
61
61
59
56
55
49
47
43
37
32
29
28
23
21
19
16
13
13
11
13
11
9
14
11
5
8
7
5
4
3
3
2
4
6
5
7
6
5
6
11
11
9
6
3
4
2
1
1
4
3
0
0
-3
-2
-5
-4
-5
-13
-8
-14
-15
-18
-22
-21
-23
-26
-25
-23
-24
-24
-24
-21
-23
-22
-23
-22
-24
-23
-20
-24
-20
-23
-22
-17
-15
-12
-13
-11
-7
-2
3
3
3
3
0
3
6
2
5
9
8
12
12
10
13
13
11
12
12
13
15
16
16
10
9
8
6
7
4
2
5
10
10
11
10
10
11
10
13
10
10
11
8
11
15
16
17
19
21
19
20
26
29
32
29
31
32
34
35
34
37
37
39
38
39
38
40
40
37
38
36
39
38
37
36
35
33
34
35
32
27
25
25
22
22
22
26
21
20
15
17
14
10
8
12
15
14
16
13
10
8
6
11
9
7
9
9
8
10
9
7
8
1
3
3
4
4
-1
3
0
4
5
5
6
3
6
3
0
-1
0
-1
-1
-3
-7
-2
-5
-3
2
-1
0
-1
4
3
1
-1
-9
-4
-5
-10
-7
-7
-5
-9
-6
-8
-10
-5
-9
-4
-7
-7
-5
-3
-6
-7
-6
-7
-5
-6
-5
-5
-5
-5
-5
-6
-8
-3
-6
-4
-2
-6
-3
-4
-3
-4
-6
-7
-2
-2
-1
0
-2
-1
0
0
-2
0
2
2
2
1
2
2
2
2
3
2
2
3
2
-1
2
2
3
2
2
7
6
6
5
8
11
8
7
7
7
3
3
3
4
6
3
6
0
0
6
8
11
9
10
9
8
7
10
9
9
8
9
9
10
11
8
10
11
14
11
11
14
12
11
12
14
10
14
14
11
11
7
10
13
13
14
14
16
11
17
14
15
14
11
13
12
14
10
6
6
6
8
6
6
9
10
10
6
10
10
6
10
9
8
5
3
3
5
4
4
6
6
6
5
-1
1
2
4
6
2
5
5
-1
3
1
-1
-1
-3
1
1
3
6
3
6
1
1
6
1
3
3
5
2
-1
2
0
2
1
2
2
1
2
0
2
1
2
3
0
1
-1
1
4
-4
-1
-3
-2
-1
2
3
2
1
-2
-1
-1
-4
-3
2
-1
-5
-7
-5
-7
-7
-6
-6
-4
-4
-5
-4
0
-2
-3
-2
-1
-3
-9
-6
-4
-5
-6
-7
-5
-5
-2
-7
-6
-7
-7
-7
-8
-6
-10
-7
-11
-10
-5
-3
-4
-7
-9
-8
-11
-10
-8
-10
-7
-8
-8
-9
-8
-10
-13
-10
-4
-5
-10
-8
-8
-7
-5
-4
-9
-11
-12
-10
-7
-7
-7
-7
-11
-9
-9
-12
-12
-12
-12
-11
-10
-10
-13
-10
-11
-15
-15
-17
-15
-13
-13
-10
-11
-12
-13
-17
-15
-15
-16
-11
-12
-13
-12
-12
-12
-14
-14
-15
-15
-13
-15
-13
-13
-10
-7
-7
-9
-8
-9
-9
-9
-10
-11
-11
-5
-3
-4
-1
-2
-4
-6
-3
-4
-7
-2
-4
-9
-6
-5
-7
-8
-8
-10
-5
-8
-7
-3
-1
-2
-1
1
-5
-3
-3
-8
-6
-7
-5
-2
-3
-3
-4
1
2
1
-2
-2
-1
1
1
3
4
2
1
4
6
3
0
0
4
-1
4
6
1
2
2
1
0
-1
2
5
1
-4
-3
-1
-5
-2
0
-1
-4
-4
-3
-5
-2
-2
0
-1
1
0
-3
0
0
-1
2
5
4
4
4
5
5
1
2
7
5
4
3
4
3
5
3
1
7
5
3
6
5
4
5
3
3
6
4
3
3
5
5
3
5
1
3
3
3
2
-1
0
5
3
3
4
2
0
-2
-3
0
1
0
1
3
5
5
7
9
4
2
5
5
6
6
5
8
8
6
6
4
3
7
6
5
8
7
9
9
6
6
9
10
5
8
8
5
7
5
7
12
10
11
8
8
7
6
9
11
9
8
11
10
9
6
3
6
5
7
3
4
6
4
2
5
7
6
2
5
2
1
0
2
2
-4
-2
-4
-4
-6
0
0
0
-2
-2
-4
-4
-4
-3
0
-3
-6
-5
-6
-4
-4
-5
-5
-4
-2
-3
-3
-2
-4
-3
-1
-2
0
1
-4
-3
-2
-8
-4
-2
-2
-3
-2
-3
-3
-5
0
1
1
2
3
5
1
-2
0
-1
-2
-2
1
1
-1
-4
-5
-6
-6
-3
-2
-3
-5
-2
-2
-4
-3
-4
-7
-1
-5
-7
-4
-5
-3
-5
-4
-1
1
-4
0
-1
0
-1
-4
-1
-5
-5
-3
1
-1
-2
0
-3
-1
0
4
3
6
7
7
8
3
4
6
2
3
6
10
9
6
9
12
10
8
10
8
5
4
4
7
6
6
8
5
7
6
7
10
8
7
6
9
3
6
2
5
4
-1
2
4
2
2
6
6
5
2
1
3
0
4
6
3
3
1
3
-2
-2
0
3
5
4
2
2
6
3
5
5
2
1
0
4
4
5
6
5
2
1
1
2
3
1
3
8
10
3
6
2
0
3
3
0
-2
-3
-4
-2
-1
-1
0
-1
1
1
1
2
0
-2
-1
-3
-2
-4
-4
-6
-7
-7
-7
-4
-7
-3
-3
-4
1
-3
-2
-4
-8
-11
-9
-11
-14
-13
-11
-6
-7
-6
-7
-4
-4
-1
-3
-6
-4
-5
-4
-4
-9
-8
-4
-6
-2
-8
-9
-6
-4
-2
-6
-10
-7
-7
-5
-3
-2
0
-2
-1
1
0
2
-2
-1
-3
-6
-3
-7
-2
-4
-8
-7
-9
-2
-4
-5
2
0
-7
-4
-2
-1
-1
-1
-2
0
-5
-3
3
-2
0
-3
-7
-3
-5
-4
-4
-1
2
2
0
0
4
2
2
0
2
2
-1
2
0
-3
-1
3
3
4
2
4
5
3
3
1
2
1
2
-1
-2
-2
-3
-2
-2
-2
-1
-2
0
-1
1
1
-1
0
1
1
4
1
0
2
0
-1
1
1
1
2
4
5
6
5
6
8
7
3
-1
2
5
0
1
4
2
2
5
6
4
4
5
6
4
6
3
4
5
3
2
3
4
0
4
4
3
2
4
1
0
1
2
2
-2
-3
-3
-1
1
0
-1
1
3
-1
1
0
-1
1
0
-2
-6
-3
-5
-6
-2
-2
-3
-1
1
0
3
5
6
7
6
6
4
2
6
6
4
2
3
7
4
2
6
6
7
7
7
7
6
7
5
8
1
-2
-1
2
2
3
4
4
3
5
8
6
8
9
8
6
5
6
3
0
-3
-2
-1
-2
-2
-2
1
2
2
2
6
8
6
5
9
7
4
4
3
3
-1
-1
2
2
2
1
0
2
4
1
3
7
3
4
3
-3
-5
-6
-4
-5
-6
-4
-3
-4
-4
-4
-2
-3
-4
-3
-2
-5
-4
-4
-5
-7
-11
-10
-9
-10
-9
-6
-4
-1
-3
-3
-3
-1
-3
-6
-4
-5
-4
-3
-7
-8
-7
-8
-4
-4
-4
-1
-1
0
-1
-2
-1
-2
-4
-4
-5
-4
-5
-2
-1
-2
2
-1
0
-2
-2
0
0
1
-3
-4
-2
-4
-6
-2
-3
-4
-4
-2
-1
-1
-4
-4
-3
-2
-1
-3
0
-1
-5
0
-4
-3
-1
-3
-1
1
2
-1
1
4
2
1
2
4
2
1
3
-3
-1
0
-5
-1
-1
2
0
1
7
0
0
2
1
2
3
5
0
2
4
0
4
-2
-2
1
1
2
-1
5
4
-2
0
0
3
-1
1
4
3
4
0
-1
-2
-1
1
2
-2
4
3
0
-1
-2
-3
-2
1
-1
-1
0
0
-5
-3
0
-5
-5
-2
-2
0
-4
-5
-3
-8
-5
-3
-1
-1
0
-2
-3
-2
-3
-3
-2
-3
-1
-2
-4
-5
-6
-6
-6
-5
-7
-5
-2
-2
-3
-3
-3
-2
-4
-2
0
-1
2
-4
0
-1
-3
0
-4
0
0
-1
-1
-3
-3
-1
0
0
-1
-5
-5
-2
-4
0
-1
0
-2
4
4
0
1
-1
4
1
3
5
3
-2
0
3
0
0
1
4
4
3
3
4
3
1
2
2
0
-1
1
6
2
2
2
-1
0
3
3
2
2
-2
-1
2
0
-2
-1
-2
0
2
1
1
2
5
1
0
0
-2
-1
3
-1
0
1
3
7
3
2
3
4
1
2
2
1
-1
3
5
-1
2
0
0
2
-1
1
1
-1
1
4
4
2
4
3
1
0
-3
-3
-5
-7
-5
-5
-5
-7
-5
-2
-3
-2
-1
-2
-5
-1
-1
-2
1
0
-3
-6
-6
-4
0
3
-4
-3
0
-3
1
1
3
4
2
0
1
3
0
0
1
-2
0
-1
1
3
0
1
3
0
2
3
3
0
-3
1
0
2
3
1
-4
-3
-4
-1
1
-3
2
-2
-3
2
-1
-1
-2
-4
-3
-4
-6
-6
-4
-1
-2
-5
3
-1
-2
-1
-2
2
-3
1
2
0
0
-1
5
4
7
5
5
3
4
3
1
5
4
-3
0
2
3
4
4
5
4
3
4
6
6
3
4
5
3
4
6
4
1
4
4
0
3
2
1
3
0
1
4
6
2
2
3
0
0
2
-2
-2
-1
-5
-4
-2
0
1
1
3
2
4
6
3
3
2
-1
0
1
-1
0
-2
0
-3
-2
0
-1
2
4
6
3
3
2
1
-3
-4
-1
-2
-4
-2
0
-2
2
1
0
3
4
3
2
1
-1
3
3
-2
-5
-2
-3
-4
-3
-5
-3
-3
-1
-1
2
2
4
2
4
6
1
0
1
-2
-4
-2
-2
-3
0
2
3
1
3
3
1
1
0
0
2
0
0
0
-1
-5
-3
1
-6
-5
-3
-1
-3
-2
0
-2
0
3
2
0
3
1
0
1
-1
1
2
-1
3
4
1
-2
1
2
1
3
2
-1
0
1
0
2
1
0
3
1
-1
1
1
1
1
2
3
3
3
2
1
2
6
4
3
5
4
5
6
4
2
5
3
-2
-2
3
4
3
3
4
5
3
4
4
4
5
3
5
4
2
2
3
1
0
1
-1
0
0
2
2
0
3
3
0
0
-1
-3
-3
-7
-7
-6
-5
-3
-6
-8
-6
-5
-6
-1
-6
-2
-2
-2
2
-1
1
-1
-3
-3
-2
-2
-6
-10
-9
-9
-7
-5
-4
-2
-5
-4
-7
-5
-6
-4
-2
-6
-4
-8
-5
-5
-6
-3
-5
-5
-6
1
-4
-3
0
-3
0
1
-2
-2
-2
-4
-1
-3
-5
-1
-2
-7
-4
1
-2
-3
-1
-1
4
4
0
1
3
0
-4
0
-1
-6
-3
-2
-3
-4
0
4
3
2
2
3
3
4
5
3
0
1
4
3
4
2
2
-1
2
0
-1
0
-1
4
4
3
1
1
-1
-2
-4
-1
0
0
4
4
8
3
3
3
4
6
5
5
5
3
1
3
2
1
-1
-3
0
-4
-2
-1
0
1
-4
1
-2
0
3
2
5
4
6
6
4
2
3
-1
-1
-2
-3
0
1
2
0
3
0
1
2
2
0
0
2
0
-1
3
-1
-5
0
-1
-1
-3
-1
-2
-2
0
-1
3
4
2
3
0
3
3
1
1
-4
-2
-4
-4
-2
-1
-4
-3
-5
-5
-3
-2
-1
-4
0
-2
-5
-2
-4
-4
-3
-4
-2
-2
-2
-1
-2
0
1
-1
-5
-2
-4
-6
-2
-1
-3
-3
3
-1
-4
-1
-1
0
2
-3
0
-2
-2
-2
-2
-1
1
-5
-4
-1
-4
-2
-2
0
0
-1
-1
-1
-1
0
-3
-3
0
-4
0
3
3
4
4
3
-1
1
3
4
0
-1
1
-1
1
-1
-3
-1
3
4
2
2
0
1
0
3
3
2
3
1
1
2
4
1
2
5
1
0
0
2
1
5
3
3
4
-1
1
-2
1
3
2
1
4
0
0
2
-1
-2
0
-1
1
1
0
1
-1
-3
-2
1
0
1
0
-2
0
1
0
1
-1
-2
0
-2
-1
-2
-4
-2
-1
-3
-3
-2
-1
-1
-1
-1
-5
-3
-1
-1
0
2
-2
-3
-1
-1
3
3
3
4
0
0
2
-1
1
2
1
2
-4
-4
-3
-3
-5
-6
-3
-2
-4
-3
-6
-5
-2
-2
-1
-3
-5
-5
-5
-5
-4
-2
1
1
-1
0
-3
-5
-3
-1
-1
-1
3
1
-2
-3
0
0
-4
-2
0
1
-4
1
2
2
3
3
7
5
6
4
3
4
3
4
6
6
2
4
5
-2
-1
0
2
0
2
-1
0
0
-1
0
-1
-1
0
4
0
0
-1
0
-1
4
2
1
-1
-1
3
0
-1
-2
-1
-1
-2
-2
-2
-1
-3
-3
-4
-1
1
2
2
0
2
4
4
5
3
4
4
0
0
2
0
1
3
5
4
3
1
-1
-1
-2
-1
1
0
0
4
2
-4
-5
-4
-3
-1
-2
0
-1
3
0
-4
-4
-4
-2
-4
0
0
-1
-1
-3
-2
0
-2
-2
-2
-5
-6
-8
-4
-5
-4
-3
-4
-3
-1
2
0
3
3
-2
-2
-2
0
-2
-5
-2
-2
-6
-5
-3
-3
-3
-2
-3
2
2
-2
0
3
2
-1
1
0
3
7
4
4
2
2
3
3
4
5
7
