-2
-3
-5
-3
-2
-3
0
-2
-3
-2
-1
-1
-1
0
1
0
0
-4
-2
-4
-3
0
-1
0
0
-1
-3
-3
-3
0
-2
-2
-1
-4
-4
-1
-2
-3
-2
-3
-3
-7
-7
-2
-7
-2
0
-1
-2
-1
-2
-2
1
0
1
0
3
4
2
1
5
2
2
4
4
4
0
2
4
2
0
3
3
-1
4
-1
0
0
0
1
4
7
3
5
4
4
6
5
3
4
2
4
3
3
4
4
7
3
3
6
9
6
4
4
4
5
2
6
9
8
7
4
7
7
5
6
7
6
6
6
8
6
3
7
7
6
5
5
6
6
6
9
7
5
5
8
6
4
6
4
7
7
7
7
9
9
7
6
6
8
9
7
13
9
10
8
5
9
10
10
6
5
6
7
5
9
5
3
7
4
7
4
6
5
4
6
7
8
7
6
3
2
6
5
6
3
3
4
5
3
1
2
1
0
1
1
0
-1
0
-3
0
2
0
1
0
2
4
5
4
5
2
4
3
2
3
2
4
7
4
2
4
3
2
2
2
1
2
0
2
-1
0
1
-3
1
0
-1
-2
-3
-3
-3
-1
-3
-3
-4
-4
-5
-3
-7
-5
-3
-5
-4
-6
-1
-5
-7
-5
-6
-5
-4
-2
-5
-5
-5
-4
-4
-8
-4
-5
-2
-5
-7
-4
-5
-6
-5
-2
-5
-7
-7
-6
-7
-6
-5
-6
-4
-5
-4
-6
-3
-5
-5
-4
-5
-3
-4
-2
-3
-3
-7
-4
-7
-8
-2
-2
-3
-4
-5
-5
-3
-3
-3
-6
-5
-5
-5
-4
-8
-6
-7
-10
-6
-7
-7
-8
-6
-4
-7
-5
-8
-10
-8
-4
-6
-7
-5
-4
-4
-4
-5
-5
-2
-4
-3
-2
-1
-1
1
-1
-2
-1
-2
-3
-2
-1
0
-1
-4
-1
-3
-3
-1
-5
-4
0
-1
-1
0
-1
-1
-2
3
2
2
3
-1
1
4
1
4
6
6
6
4
7
4
6
5
6
4
1
3
4
3
6
7
4
3
6
4
5
7
9
8
5
5
5
5
5
6
8
7
6
8
6
7
8
6
7
7
10
5
6
7
7
8
3
4
6
6
5
3
4
6
4
2
8
6
5
7
4
5
4
6
8
6
8
7
3
5
4
3
5
4
1
6
1
1
6
3
3
2
0
3
4
4
3
0
3
1
4
2
1
1
1
4
4
2
2
3
3
3
-2
2
3
1
0
-2
3
1
0
-2
-2
-3
-3
-1
0
1
0
-1
1
1
-2
-2
-3
-3
-2
-5
-4
-3
-4
-1
0
-1
-3
-2
-1
-2
-5
-3
-4
-4
0
-2
-4
-2
-2
-4
-3
-3
-4
-5
-5
-5
-6
-6
-7
-6
-6
-7
-8
-5
-4
-3
-4
-3
-4
-7
-6
-5
-5
-5
-2
-2
-1
-2
1
-2
-3
1
-1
2
0
-1
2
0
0
-2
-4
-4
-1
-3
-4
-2
-5
-7
-8
-7
-5
-7
-8
-4
-5
-4
-4
-4
-3
-4
-3
-4
-4
-5
-2
-1
-4
-5
-5
-3
-2
-2
-4
-3
-3
-2
-2
-1
-1
-5
-1
-3
-4
-3
-3
-4
-3
-3
-2
1
-1
0
-3
0
-1
0
0
-1
0
0
-3
-1
-2
-2
-1
0
-1
-2
-2
-2
-1
-6
-3
-1
-5
-6
-4
-6
-8
-3
-3
-3
-4
-7
-6
-7
-7
-7
-4
-5
-5
-5
-7
-4
-3
-5
-4
-4
-5
-6
-6
-2
-4
-2
-3
-4
-4
-4
-4
-3
0
-3
0
-1
-2
-2
-3
-2
-4
0
-1
-2
-1
-8
-5
-4
-3
-3
-6
-3
-6
-5
1
-4
-3
-4
-3
-2
0
-1
-3
-6
-5
1
-4
-4
-6
-4
-3
-4
-3
-3
-6
-3
1
1
2
3
1
-1
3
-1
3
3
1
2
3
3
5
9
3
4
5
5
3
2
4
5
8
6
4
3
5
4
3
5
6
5
4
1
3
7
2
3
7
5
3
5
6
4
0
2
0
-2
1
7
3
2
-1
2
4
-1
-1
0
0
-1
2
2
0
3
1
1
3
3
5
5
6
5
3
1
-1
0
0
-2
-3
1
2
0
0
0
-1
1
2
1
1
2
2
2
-1
1
2
2
3
1
1
1
1
1
1
-1
0
0
0
2
0
-1
1
-1
-1
3
2
2
2
2
4
0
1
2
1
2
1
1
-1
1
-2
-2
-2
-5
-2
-3
-3
-1
-2
-4
-4
0
-3
-4
-3
-4
-2
-5
-2
-4
-6
-2
-5
-3
-4
0
-1
-3
-3
-4
-4
-4
-6
-7
-4
-6
-6
-5
-3
-5
-6
-3
-4
-3
-5
-3
-3
-2
-3
-5
-7
-4
-3
-2
-1
-3
-1
-2
0
3
3
3
1
-2
1
-1
-1
3
1
0
1
-2
-4
1
0
1
0
-1
-1
-2
3
-1
1
2
-3
-1
0
-2
1
-1
1
3
2
1
4
3
1
0
1
5
2
0
-1
3
2
1
5
3
6
2
1
4
5
2
3
5
1
2
1
1
-1
0
4
0
1
2
1
2
1
-3
-1
1
2
0
0
2
0
1
2
-2
4
1
-2
1
1
2
2
1
1
2
3
2
2
3
4
3
3
5
3
1
2
4
2
3
3
0
-3
1
4
2
-1
1
2
2
3
-2
-1
-4
-3
-2
-4
-3
-2
-1
-3
-4
-2
-5
-6
-3
-1
-1
-2
0
0
-2
2
1
0
1
1
3
-1
-1
1
1
0
2
3
-2
0
2
1
3
2
4
6
5
8
5
4
6
6
6
5
5
4
7
5
5
5
3
3
6
6
4
8
5
6
7
9
5
6
9
5
7
5
7
6
5
5
9
5
6
8
4
6
5
5
4
5
6
2
3
3
3
4
7
4
4
4
3
4
4
6
2
5
5
-1
-1
3
5
2
2
2
1
4
2
4
0
-1
3
-2
0
-2
-2
-2
0
0
-4
-2
0
-2
-5
-6
-4
-4
-6
-5
-2
-5
-2
-4
-5
-3
-3
-2
-5
-5
-6
-3
-4
-1
-4
-2
-3
-3
-1
-3
-3
-3
-2
-5
-5
-2
-1
-1
0
-1
0
0
-4
-1
0
0
-3
-1
-2
-1
0
-1
-2
-1
0
-2
-1
-3
-1
-2
-4
-2
0
0
-1
-2
-1
-1
-2
-4
-1
-1
-1
0
1
-1
0
4
2
2
2
-1
-1
0
0
-4
-1
-3
-1
-3
-2
-2
-1
-1
-2
1
-2
1
-2
1
2
-2
-1
-1
0
-2
1
0
-2
1
4
2
1
2
-3
-2
2
1
-1
-1
-2
-2
1
1
3
0
0
-1
1
3
-2
-3
0
0
-1
0
-3
-1
-1
0
1
-2
3
0
-4
-1
0
-2
1
0
-1
1
0
1
-3
-6
-2
-3
0
-2
-2
-1
-2
-1
-2
-1
-3
-2
1
-1
-2
-3
-3
-2
-2
1
-2
1
-1
-4
-2
1
-2
-3
-2
-3
1
1
0
1
5
5
1
3
2
1
1
2
0
1
3
1
2
2
2
4
5
3
4
-1
1
5
4
6
5
6
6
4
6
5
6
6
7
7
8
7
5
4
5
3
5
5
5
9
8
7
8
6
6
6
8
7
7
8
7
7
4
6
6
6
6
1
3
3
1
5
4
1
5
6
7
4
3
2
4
4
4
6
4
5
0
0
0
1
4
-1
0
1
0
-1
-1
2
-1
-2
-2
-2
-3
-2
-1
-3
-1
-2
-2
-1
-2
-3
-2
-1
-1
-2
-1
-4
-4
-5
-2
1
2
3
0
-2
2
0
0
0
1
1
0
4
0
0
-2
-3
-4
-3
-3
-2
1
-1
-2
-3
-4
-3
-3
0
-2
-2
-1
-1
0
-2
0
-3
-6
-2
-3
0
-3
-2
1
-4
1
-3
-4
-2
-2
-2
-4
-2
-1
-2
-2
-4
-3
-4
-4
-3
-3
-4
-4
-3
-4
-2
-3
-3
-2
-3
-1
-2
-3
-2
-2
-4
-1
-2
-3
1
-3
1
1
-1
-3
-3
-6
-2
-1
-4
1
-2
-2
-1
-2
-2
-1
-1
-1
0
-5
-3
-3
-6
-6
-6
-6
-5
-7
-5
-2
-2
1
-3
1
0
-3
-1
-1
-1
0
-2
-1
-2
-2
-3
-2
-4
-2
-2
-1
-1
-1
-3
-4
-3
-3
-4
-4
-1
-3
-6
-4
-5
-3
-2
-2
-1
1
-1
-1
0
-1
3
-1
-1
0
0
1
-1
0
-1
-2
-1
-2
-1
1
4
1
-2
1
1
0
-1
-4
-2
2
1
-3
-6
-3
1
-3
-3
-2
-3
-1
-5
-6
-4
-5
-6
-8
-7
-7
-5
-9
-10
-5
-6
-9
-7
-5
-6
-3
-5
-5
-2
-2
-4
-5
-6
-4
-4
-1
-3
-5
-4
1
5
-2
-5
-2
4
1
-4
-4
4
10
1
0
3
10
10
3
1
6
13
11
8
5
8
12
12
12
11
14
18
18
17
16
16
18
15
17
21
17
17
19
20
18
15
21
22
19
13
16
22
22
13
5
12
17
12
6
5
12
10
2
-2
2
8
-1
-12
-16
-3
5
-14
-32
-22
0
-6
-41
-55
-17
9
-28
-76
-53
10
14
-78
-123
-30
57
-11
-145
-130
11
68
-50
-164
-94
44
39
-87
-125
-23
57
11
-86
-85
21
73
6
-67
-30
57
75
17
-17
25
78
69
33
34
67
75
55
73
92
71
44
61
110
109
58
38
80
116
84
44
59
93
88
60
46
62
82
74
49
38
51
60
58
31
20
31
42
35
1
-6
17
25
-5
-34
-26
-7
-16
-45
-53
-39
-39
-66
-84
-71
-60
-82
-106
-104
-88
-93
-116
-125
-116
-106
-120
-149
-144
-111
-104
-136
-163
-140
-98
-95
-138
-159
-121
-78
-96
-130
-121
-83
-64
-84
-94
-66
-32
-27
-45
-39
-5
29
34
23
33
71
109
106
88
113
177
205
167
149
222
300
273
199
227
349
370
231
171
340
491
358
120
150
402
475
247
61
172
337
263
66
27
137
166
44
-89
-110
-38
2
-93
-252
-303
-210
-152
-262
-413
-402
-286
-295
-449
-526
-416
-304
-369
-516
-534
-407
-306
-346
-439
-422
-314
-260
-296
-312
-229
-139
-138
-183
-174
-78
22
47
-2
-35
21
130
180
135
93
133
198
187
131
135
200
213
126
23
31
146
179
9
-204
-175
39
65
-220
-472
-353
-97
-159
-504
-650
-422
-235
-418
-684
-634
-387
-330
-527
-637
-469
-256
-256
-376
-357
-170
-7
21
3
79
255
420
469
449
524
745
950
974
904
965
1190
1330
1279
1273
1477
1611
1354
1061
1347
1935
1887
1102
639
1146
1789
1552
760
495
858
985
580
256
348
427
168
-240
-444
-369
-226
-278
-658
-1083
-1128
-849
-770
-1093
-1365
-1258
-1112
-1313
-1574
-1426
-1056
-1026
-1379
-1587
-1375
-1009
-858
-978
-1105
-1029
-817
-686
-658
-574
-403
-294
-346
-408
-272
20
214
147
-33
-49
163
384
407
276
188
233
302
310
275
205
132
127
163
88
-128
-232
-83
25
-199
-540
-564
-310
-229
-480
-708
-628
-440
-454
-610
-622
-439
-298
-356
-450
-356
-91
103
109
74
164
375
581
693
759
872
1046
1179
1181
1149
1359
1839
2064
1585
946
1214
2340
2819
1832
668
956
2174
2443
1416
671
1106
1613
1114
310
364
985
971
109
-641
-579
-38
159
-353
-1128
-1402
-1047
-786
-1132
-1617
-1556
-1208
-1382
-2015
-2167
-1545
-1043
-1398
-2085
-2167
-1618
-1171
-1228
-1468
-1472
-1256
-1120
-1139
-1045
-693
-388
-477
-768
-765
-294
216
280
-12
-181
39
409
563
490
474
590
596
416
399
735
989
684
106
48
568
806
363
-167
-166
139
127
-264
-510
-372
-250
-526
-892
-884
-616
-490
-737
-1096
-1068
-666
-419
-605
-801
-598
-260
-127
-150
-90
204
552
682
649
759
1102
1441
1583
1570
1654
2053
2395
2105
1602
1868
2905
3330
2343
1187
1471
2762
3091
1931
974
1332
1888
1431
610
569
968
739
-98
-687
-644
-324
-262
-709
-1462
-1876
-1590
-1205
-1432
-1997
-2080
-1729
-1837
-2393
-2415
-1726
-1338
-1833
-2399
-2245
-1652
-1276
-1295
-1469
-1522
-1321
-1045
-898
-793
-516
-246
-305
-537
-429
133
621
612
303
211
493
837
982
926
870
904
902
838
767
804
951
827
365
167
395
443
23
-357
-329
-219
-444
-969
-1219
-901
-725
-1218
-1725
-1628
-1285
-1230
-1428
-1586
-1505
-1191
-1014
-1049
-924
-598
-337
-210
-39
274
677
1050
1192
1185
1467
2088
2534
2548
2487
2784
3245
3205
2703
2723
3679
4358
3499
2096
2061
3285
3871
2922
1719
1640
2121
1854
1009
728
1040
886
-22
-796
-880
-604
-482
-890
-1744
-2374
-2194
-1673
-1776
-2400
-2664
-2415
-2373
-2825
-2975
-2374
-1854
-2189
-2859
-2850
-2175
-1667
-1638
-1788
-1879
-1733
-1402
-1120
-965
-797
-520
-452
-643
-551
-6
544
606
281
154
425
805
1013
1059
1030
951
895
855
811
898
1045
897
577
367
141
-12
141
314
-9
-647
-1046
-975
-568
-502
-1129
-1689
-1570
-1295
-1321
-1377
-1346
-1314
-1267
-1276
-1235
-819
-267
-209
-464
-320
251
823
1155
1213
1183
1440
2008
2420
2497
2564
2878
3237
3168
2660
2472
3253
4235
3938
2453
1601
2431
3582
3290
1933
1259
1677
1837
1036
350
651
994
259
-922
-1345
-981
-595
-737
-1467
-2315
-2545
-2095
-1775
-2109
-2574
-2530
-2348
-2679
-3086
-2689
-1848
-1747
-2542
-3038
-2524
-1716
-1443
-1600
-1701
-1640
-1455
-1159
-889
-667
-371
-187
-350
-525
-173
586
984
715
340
404
789
1133
1264
1231
1175
1067
844
733
921
1059
962
847
385
-369
-404
359
548
-304
-1171
-1416
-1042
-552
-809
-1635
-1875
-1561
-1629
-1801
-1539
-1312
-1413
-1503
-1496
-1334
-726
-130
-216
-504
-192
504
973
1202
1364
1522
1812
2216
2556
2837
3119
3244
3316
3530
3437
2890
3045
4298
4815
3393
1806
2160
3670
3989
2615
1404
1616
2072
1396
436
565
1042
439
-839
-1451
-1266
-981
-974
-1455
-2397
-3047
-2734
-2165
-2375
-3022
-3128
-2818
-2989
-3544
-3439
-2523
-2075
-2777
-3488
-3160
-2346
-1937
-1914
-1949
-2000
-1912
-1553
-1139
-888
-643
-362
-372
-594
-406
378
1033
967
551
452
817
1257
1456
1518
1534
1353
1057
1030
1172
1158
1178
1203
691
-122
-229
377
631
11
-940
-1336
-936
-604
-1024
-1563
-1584
-1589
-1905
-1957
-1636
-1425
-1450
-1566
-1665
-1440
-820
-381
-385
-427
-183
330
911
1221
1243
1499
2032
2309
2385
2745
3201
3280
3225
3527
3914
3634
2863
2948
4276
4955
3553
1780
2024
3616
3957
2511
1296
1541
1973
1272
333
378
768
299
-805
-1549
-1584
-1237
-1074
-1565
-2585
-3207
-2825
-2244
-2520
-3253
-3286
-2785
-2879
-3548
-3565
-2653
-2085
-2633
-3314
-3047
-2270
-1858
-1820
-1841
-1830
-1670
-1298
-978
-803
-484
-95
-59
-326
-228
497
1186
1191
766
659
1022
1387
1517
1578
1628
1437
1091
1016
1133
1049
915
1005
805
8
-532
-213
308
67
-890
-1628
-1514
-1028
-1107
-1614
-1876
-1939
-2083
-2105
-1853
-1640
-1573
-1582
-1642
-1520
-1025
-425
-178
-234
-166
261
914
1380
1533
1688
2025
2384
2614
2887
3181
3388
3609
3907
3920
3299
2826
3521
4855
4900
3192
1831
2482
3936
3874
2398
1520
1869
1980
1066
346
666
1011
256
-1015
-1596
-1371
-1025
-1105
-1733
-2611
-3064
-2767
-2393
-2653
-3122
-3075
-2852
-3219
-3760
-3449
-2475
-2145
-2888
-3496
-3084
-2239
-1842
-1847
-1855
-1836
-1709
-1372
-935
-575
-272
-61
-146
-301
13
825
1407
1241
819
835
1240
1557
1698
1811
1705
1321
1082
1212
1306
1072
895
922
665
-24
-496
-260
117
-209
-1121
-1694
-1529
-1234
-1334
-1697
-1987
-2111
-2102
-1984
-1826
-1636
-1503
-1496
-1477
-1261
-771
-200
136
99
77
523
1240
1752
1923
1992
2183
2522
2872
3087
3287
3623
3971
3941
3308
2758
3247
4540
4936
3549
1929
2007
3399
3847
2648
1460
1472
1770
1154
244
199
699
442
-822
-1848
-1817
-1248
-1067
-1655
-2627
-3221
-2984
-2522
-2616
-3056
-3149
-2941
-3143
-3661
-3613
-2702
-2054
-2567
-3363
-3249
-2371
-1767
-1680
-1732
-1707
-1594
-1374
-1009
-598
-196
70
15
-241
-142
579
1320
1395
925
659
961
1414
1575
1629
1682
1403
925
850
1009
945
997
1068
488
-485
-773
-222
260
-82
-1279
-2105
-1655
-968
-1267
-1900
-1953
-1978
-2204
-2132
-1761
-1482
-1348
-1428
-1660
-1366
-471
141
77
-59
200
751
1374
1740
1816
2015
2464
2729
2766
3051
3497
3747
3865
3980
3682
3071
3145
4118
4840
4091
2585
1976
2820
3737
3227
1969
1494
1773
1428
437
163
629
607
-435
-1538
-1909
-1648
-1227
-1402
-2271
-3195
-3314
-2887
-2753
-3050
-3329
-3262
-3311
-3734
-3920
-3260
-2411
-2531
-3280
-3465
-2841
-2186
-1888
-1771
-1766
-1795
-1638
-1231
-792
-398
-21
100
-135
-212
326
1128
1453
1215
855
902
1323
1631
1716
1776
1703
1171
843
1122
1209
844
641
723
258
-533
-811
-506
-139
-522
-1607
-2288
-1822
-1236
-1597
-2192
-2360
-2286
-2201
-2030
-1867
-1743
-1491
-1399
-1451
-1135
-384
174
229
212
437
1009
1710
2117
2113
2187
2643
3105
3302
3390
3652
4046
4338
4130
3395
3101
3912
5115
4904
3231
2014
2663
4010
3898
2452
1569
1896
2012
1002
188
496
941
168
-1238
-1881
-1637
-1206
-1312
-2025
-2979
-3390
-3023
-2711
-2963
-3394
-3359
-3194
-3561
-4018
-3658
-2643
-2340
-3076
-3640
-3203
-2308
-1884
-1891
-1894
-1788
-1628
-1386
-1007
-569
-138
99
-81
-311
20
879
1428
1250
827
783
1178
1522
1636
1668
1635
1276
907
1027
1178
930
631
652
502
-146
-698
-634
-144
-196
-1163
-2017
-1847
-1241
-1330
-1864
-2142
-2162
-2071
-1923
-1748
-1628
-1437
-1289
-1300
-1086
-540
43
325
357
401
779
1555
2088
2064
2027
2410
2885
3129
3308
3495
3668
3873
3945
3644
3258
3382
4159
4626
3844
2426
2108
3216
3841
2813
1517
1483
1946
1434
384
119
611
496
-636
-1689
-1787
-1340
-1256
-1748
-2527
-3107
-3114
-2759
-2684
-3067
-3322
-3212
-3225
-3602
-3649
-2977
-2367
-2642
-3339
-3284
-2502
-1895
-1835
-1901
-1737
-1556
-1345
-1060
-676
-222
79
109
-64
52
615
1244
1443
1142
928
1125
1478
1625
1689
1797
1567
1113
944
1095
1049
784
666
468
16
-489
-643
-397
-310
-871
-1767
-1942
-1471
-1359
-1752
-2099
-2146
-2130
-2031
-1855
-1719
-1499
-1313
-1235
-1069
-638
-89
253
422
530
863
1513
2065
2233
2206
2489
2976
3334
3488
3581
3799
4047
4285
4079
3450
3186
3868
4900
4630
3040
1906
2569
3863
3576
2002
1151
1676
1843
816
-16
258
644
-130
-1421
-2009
-1713
-1333
-1558
-2276
-3089
-3399
-3068
-2754
-3005
-3491
-3461
-3187
-3472
-3961
-3633
-2659
-2390
-3111
-3591
-3060
-2184
-1863
-1961
-1946
-1729
-1497
-1252
-876
-476
-126
85
25
-110
185
973
1488
1291
877
907
1342
1623
1675
1674
1676
1446
1043
943
1037
1034
792
531
290
-184
-581
-586
-378
-591
-1293
-1819
-1829
-1580
-1567
-1855
-2207
-2271
-2141
-2058
-1901
-1704
-1526
-1424
-1194
-876
-569
-64
340
442
540
1028
1697
2088
2251
2279
2493
2911
3299
3562
3717
3882
3820
3904
4039
3736
3346
3560
4533
4610
3224
1956
2300
3650
3625
2142
1039
1321
1742
979
75
39
396
-164
-1410
-2017
-1847
-1478
-1642
-2301
-3067
-3462
-3156
-2796
-2925
-3456
-3639
-3337
-3342
-3690
-3609
-2793
-2406
-2953
-3426
-3007
-2112
-1743
-1788
-1814
-1634
-1362
-1096
-715
-330
2
121
72
63
365
998
1469
1413
939
859
1365
1697
1668
1623
1580
1277
1018
1103
891
565
812
931
245
-776
-1018
-411
5
-559
-1963
-2445
-1570
-1193
-1939
-2477
-2201
-2167
-2459
-2403
-2095
-1762
-1534
-1601
-1766
-1282
-440
-84
-45
97
374
827
1562
1965
1889
2071
2596
2858
2904
3381
3910
3935
3668
3704
4172
4266
3725
3262
3823
4798
4397
2782
1898
2859
3967
3297
1667
979
1510
1640
846
106
-2
41
-608
-1534
-1979
-1807
-1538
-1905
-2666
-3377
-3517
-2987
-2690
-3119
-3796
-3731
-3225
-3316
-3652
-3354
-2616
-2528
-3088
-3264
-2604
-1796
-1592
-1740
-1783
-1495
-1101
-744
-394
-208
-43
100
184
270
592
1199
1507
1256
829
991
1552
1818
1742
1557
1487
1169
979
1113
1072
847
517
407
119
-351
-551
-568
-502
-884
-1586
-1935
-1717
-1478
-1790
-2159
-2297
-2324
-2220
-2001
-1837
-1825
-1657
-1409
-1250
-946
-472
-7
214
305
548
1085
1778
2104
2084
2121
2502
3028
3341
3513
3596
3801
3904
3873
3904
3771
3604
3529
3965
4320
3652
2530
2133
3001
3493
2593
1422
1221
1603
1075
193
20
315
-67
-1250
-1869
-1786
-1550
-1784
-2346
-2838
-3245
-3211
-3008
-2961
-3270
-3578
-3414
-3282
-3467
-3552
-2968
-2376
-2655
-3166
-2932
-2095
-1688
-1744
-1699
-1465
-1179
-1008
-711
-340
-20
134
76
147
398
854
1246
1292
1011
815
1157
1515
1577
1485
1428
1294
965
816
678
761
989
692
-122
-787
-513
-26
-128
-930
-1856
-1805
-1254
-1219
-1849
-2113
-1860
-1994
-2237
-2207
-1770
-1366
-1355
-1590
-1630
-920
-153
98
27
105
571
1130
1625
1842
1959
2214
2448
2683
2984
3364
3594
3542
3609
3830
4027
3990
3569
3265
3455
4241
4474
3292
2020
2116
3402
3699
2311
1003
1067
1784
1298
78
-327
88
6
-1159
-2009
-1949
-1567
-1699
-2372
-2945
-3289
-3117
-2807
-2909
-3341
-3565
-3237
-3125
-3438
-3470
-2829
-2208
-2536
-3142
-2915
-2004
-1491
-1666
-1714
-1415
-1122
-945
-686
-323
-85
99
185
176
315
743
1204
1176
819
675
1022
1427
1365
1141
1147
1143
762
583
805
733
261
-29
74
-93
-589
-950
-924
-751
-1077
-1760
-2025
-1620
-1451
-1924
-2296
-2222
-2019
-1939
-1846
-1800
-1725
-1466
-1169
-934
-632
-185
159
375
600
933
1381
1918
2259
2232
2354
2740
3172
3351
3532
3835
3920
3924
3883
4035
3991
3677
3512
3793
4349
3902
2714
2056
2685
3451
2772
1583
1049
1293
1101
255
-144
-67
-119
-1029
-1963
-2127
-1878
-1791
-2232
-2775
-3286
-3426
-3102
-2880
-3099
-3525
-3470
-3169
-3193
-3326
-2984
-2315
-2250
-2761
-2871
-2217
-1517
-1356
-1436
-1346
-1127
-938
-674
-281
20
140
152
175
276
560
1018
1196
981
691
768
1145
1305
1253
1165
1138
895
548
637
825
678
174
-121
-134
-288
-535
-811
-899
-1019
-1356
-1716
-1801
-1583
-1661
-2024
-2286
-2262
-2055
-1873
-1774
-1849
-1833
-1543
-1135
-809
-559
-279
8
315
632
995
1410
1814
1991
2038
2308
2736
3100
3191
3196
3320
3594
3902
3931
3774
3512
3302
3356
3666
4002
3679
2753
2060
2283
2971
2830
1843
1026
985
1031
509
-65
-211
-159
-692
-1647
-2115
-1934
-1698
-1989
-2524
-2987
-3177
-3053
-2929
-2948
-3117
-3109
-3021
-3079
-3103
-2898
-2373
-2137
-2418
-2658
-2330
-1612
-1272
-1305
-1361
-1220
-936
-707
-409
-105
134
218
132
109
322
787
1100
975
692
677
967
1192
1183
1097
1057
1015
829
582
612
768
702
304
-178
-316
-242
-203
-498
-986
-1199
-1252
-1314
-1566
-1714
-1695
-1799
-1971
-2150
-2001
-1721
-1621
-1699
-1725
-1352
-912
-613
-457
-263
81
428
832
1167
1493
1780
1972
2148
2386
2742
3009
3138
3148
3231
3464
3735
3851
3646
3458
3380
3342
3283
3438
3704
3311
2348
1711
2149
2780
2408
1343
641
757
701
71
-414
-302
-250
-1104
-2069
-2262
-1862
-1672
-2075
-2637
-3098
-3145
-2816
-2580
-2682
-2950
-2946
-2817
-2850
-2864
-2519
-1945
-1840
-2251
-2470
-1957
-1214
-1043
-1236
-1288
-1069
-862
-653
-336
-108
-25
-143
-203
-87
241
705
839
602
259
305
681
978
1070
882
734
698
648
481
494
836
680
20
-372
-249
7
-111
-582
-1151
-1243
-945
-1116
-1563
-1639
-1510
-1718
-2010
-1928
-1725
-1519
-1464
-1670
-1716
-1243
-616
-459
-459
-251
48
445
858
1136
1268
1607
2011
2092
2125
2447
2845
2898
2833
2928
3145
3368
3485
3476
3328
3214
3019
2840
2988
3365
3411
2672
1795
1530
2033
2540
2142
1117
413
533
580
93
-283
-287
-463
-1263
-1908
-1900
-1554
-1427
-1799
-2373
-2825
-2789
-2402
-2138
-2248
-2584
-2698
-2581
-2459
-2357
-2065
-1691
-1752
-2186
-2284
-1675
-1030
-999
-1262
-1350
-1227
-1029
-712
-368
-256
-315
-407
-400
-230
115
497
578
353
51
111
553
952
978
697
594
565
474
552
866
883
189
-299
-58
327
169
-448
-879
-887
-650
-846
-1362
-1445
-1247
-1422
-1888
-1879
-1599
-1494
-1516
-1655
-1691
-1381
-881
-746
-741
-403
-53
151
376
712
1005
1350
1694
1777
1910
2246
2536
2604
2659
2833
2945
3081
3196
3270
3400
3405
3154
2723
2598
2917
3322
3384
2681
1749
1448
1999
2531
2076
1105
517
623
657
196
-152
-169
-272
-944
-1634
-1700
-1364
-1192
-1590
-2190
-2568
-2506
-2181
-2065
-2207
-2453
-2533
-2511
-2525
-2442
-2137
-1795
-1914
-2360
-2431
-1895
-1363
-1349
-1545
-1600
-1490
-1300
-1039
-755
-584
-554
-653
-707
-463
-11
306
315
165
78
238
652
930
896
833
830
814
873
1045
986
729
738
795
581
266
187
248
123
-242
-771
-908
-600
-650
-1231
-1643
-1511
-1404
-1538
-1627
-1664
-1617
-1509
-1462
-1458
-1222
-801
-660
-674
-501
-101
352
656
765
774
1066
1557
1763
1763
1880
2194
2396
2422
2400
2428
2714
3089
3223
2938
2568
2525
2740
2922
2817
2709
2659
2376
1841
1549
1932
2287
1898
975
434
606
708
374
-63
-236
-521
-1097
-1410
-1324
-1165
-1326
-1716
-2126
-2426
-2375
-2159
-2042
-2234
-2614
-2784
-2655
-2457
-2459
-2382
-2159
-2212
-2510
-2528
-2051
-1648
-1644
-1778
-1808
-1642
-1367
-1035
-809
-763
-729
-635
-448
-203
142
426
460
374
356
614
1057
1308
1190
1072
1188
1252
1301
1487
1476
1106
940
1095
966
664
580
581
321
-148
-546
-654
-400
-478
-1193
-1678
-1491
-1289
-1503
-1674
-1701
-1806
-1779
-1609
-1476
-1319
-1041
-897
-901
-662
-218
177
445
550
579
850
1404
1720
1678
1716
1882
1992
2154
2476
2720
2702
2597
2669
2993
3231
2996
2571
2576
2923
3085
2978
2796
2515
2146
2083
2362
2426
1919
1204
943
1081
997
470
20
-46
-262
-850
-1249
-1121
-1025
-1413
-1916
-2197
-2284
-2297
-2287
-2354
-2546
-2733
-2811
-2742
-2622
-2563
-2487
-2369
-2408
-2610
-2491
-1981
-1687
-1815
-1899
-1697
-1461
-1260
-974
-718
-616
-593
-517
-295
47
368
537
601
599
633
904
1299
1449
1364
1319
1353
1370
1457
1642
1709
1464
940
591
836
1308
1186
357
-381
-481
-159
-31
-475
-1129
-1402
-1357
-1486
-1725
-1687
-1539
-1717
-2115
-2215
-1826
-1363
-1297
-1564
-1619
-1182
-609
-278
-190
-91
119
388
702
1004
1249
1464
1640
1703
1755
2007
2337
2435
2412
2559
2767
2906
3003
2987
2848
2816
2944
2926
2864
3057
3182
2799
2131
1845
2181
2600
2273
1237
649
909
1004
370
-177
-151
-269
-917
-1508
-1564
-1385
-1451
-1821
-2286
-2609
-2661
-2466
-2307
-2473
-2815
-2938
-2739
-2592
-2639
-2516
-2178
-2160
-2553
-2597
-1997
-1498
-1523
-1676
-1663
-1536
-1269
-884
-618
-515
-460
-423
-321
-53
297
594
742
621
451
655
1118
1356
1294
1226
1215
1204
1273
1436
1552
1406
957
601
715
969
877
492
70
-281
-431
-392
-487
-763
-1015
-1325
-1662
-1672
-1440
-1462
-1761
-1993
-2059
-1897
-1545
-1379
-1483
-1484
-1262
-1009
-719
-379
-205
-129
82
335
614
1012
1346
1383
1332
1495
1766
2031
2191
2150
2161
2459
2788
2798
2736
2826
2826
2688
2654
2696
2650
2759
3016
2827
2010
1361
1661
2346
2267
1243
369
467
788
432
-178
-253
-209
-793
-1497
-1557
-1215
-1163
-1546
-2054
-2441
-2468
-2169
-1893
-1991
-2419
-2712
-2600
-2372
-2366
-2276
-1941
-1897
-2332
-2545
-2026
-1391
-1313
-1583
-1679
-1457
-1184
-924
-643
-459
-465
-508
-382
-157
144
494
670
525
312
455
883
1184
1127
980
990
1010
1048
1210
1401
1411
1219
838
367
371
892
1141
576
-351
-732
-338
168
-154
-1052
-1436
-1266
-1269
-1519
-1499
-1424
-1674
-2030
-2172
-1907
-1425
-1210
-1507
-1779
-1473
-906
-498
-408
-500
-474
-141
306
499
672
981
1167
1118
1120
1437
1822
2005
1884
1710
1877
2285
2476
2357
2402
2625
2566
2232
2110
2338
2486
2551
2594
2294
1633
1279
1801
2403
2123
1105
415
656
988
657
103
63
57
-615
-1251
-1164
-770
-842
-1365
-1876
-2180
-2141
-1921
-1804
-2017
-2420
-2622
-2498
-2258
-2233
-2183
-1953
-1936
-2276
-2429
-1909
-1329
-1277
-1537
-1618
-1400
-1118
-788
-507
-360
-373
-432
-315
2
410
683
731
616
531
743
1163
1457
1395
1232
1232
1322
1424
1543
1703
1689
1429
1026
719
877
1328
1447
755
-175
-396
113
524
41
-859
-1277
-1109
-990
-1280
-1478
-1516
-1674
-2000
-2159
-1846
-1460
-1385
-1729
-1978
-1676
-1140
-796
-850
-952
-819
-476
-130
2
164
440
654
668
718
1033
1385
1549
1459
1405
1570
1860
2056
2168
2392
2554
2547
2411
2366
2520
2701
2732
2601
2620
2642
2387
2032
1987
2273
2292
1804
1135
888
1036
929
480
77
-79
-362
-815
-1070
-1139
-1185
-1423
-1762
-2101
-2334
-2277
-2154
-2187
-2504
-2813
-2781
-2567
-2440
-2506
-2461
-2282
-2289
-2408
-2294
-1864
-1605
-1640
-1664
-1556
-1319
-1040
-758
-639
-585
-444
-266
-81
126
407
591
680
723
756
968
1259
1418
1319
1276
1365
1364
1460
1592
1590
1408
1256
1104
840
898
1029
770
316
111
138
-76
-419
-741
-852
-767
-1078
-1644
-1813
-1515
-1542
-2052
-2281
-2178
-1992
-1905
-1968
-2037
-1957
-1708
-1603
-1514
-1268
-1018
-827
-657
-472
-252
151
509
561
568
886
1345
1522
1512
1587
1849
2092
2089
2068
2297
2728
2850
2647
2608
2824
2987
2813
2648
2661
2703
2792
2838
2645
2062
1663
1914
2282
2035
1121
549
759
940
406
-311
-317
-178
-667
-1348
-1490
-1221
-1284
-1695
-2093
-2298
-2291
-2235
-2194
-2313
-2522
-2595
-2472
-2341
-2393
-2324
-1976
-1779
-2033
-2205
-1770
-1214
-1112
-1258
-1176
-900
-667
-467
-271
-80
37
97
160
318
578
840
1002
908
774
910
1247
1430
1333
1270
1321
1379
1360
1315
1387
1371
1231
1072
921
756
660
752
509
-51
-258
-66
-76
-620
-1134
-1202
-968
-1020
-1676
-2066
-1794
-1559
-1895
-2249
-2104
-1912
-1829
-1827
-1838
-1712
-1434
-1242
-1270
-1122
-805
-554
-359
-194
-26
239
627
743
684
929
1348
1549
1495
1528
1664
1885
2038
1973
2003
2249
2463
2375
2307
2524
2763
2760
2387
2162
2437
2817
2741
2336
2218
2213
2043
1817
1799
1913
1663
1084
661
670
678
332
9
-184
-472
-911
-1130
-1033
-1038
-1298
-1663
-1865
-1989
-2067
-1963
-1839
-1933
-2237
-2346
-2181
-2003
-1929
-1933
-1867
-1862
-1929
-1840
-1537
-1285
-1306
-1314
-1234
-1166
-1030
-748
-506
-491
-489
-418
-241
1
193
330
376
383
385
569
851
947
930
892
862
835
916
1033
1020
926
766
667
667
628
480
309
142
-88
-150
-98
-261
-619
-863
-930
-1004
-1081
-1262
-1477
-1523
-1548
-1716
-1855
-1758
-1701
-1803
-1870
-1828
-1671
-1502
-1432
-1454
-1372
-1148
-997
-873
-685
-492
-371
-255
-56
147
352
536
661
730
856
1107
1317
1429
1499
1580
1721
1942
2176
2253
2267
2370
2578
2744
2645
2461
2573
2966
2990
2537
2348
2582
2636
2192
1848
1976
2106
1699
958
756
1001
886
273
-190
-255
-445
-742
-936
-1100
-1338
-1565
-1692
-1889
-2079
-2155
-2101
-2085
-2335
-2590
-2505
-2184
-2171
-2406
-2366
-2147
-2099
-2149
-1952
-1682
-1591
-1551
-1467
-1299
-1098
-854
-679
-597
-485
-323
-83
93
236
388
568
720
737
820
1011
1242
1285
1195
1248
1317
1353
1366
1420
1336
1180
1218
1156
1058
1022
952
644
368
431
251
4
-107
-185
-426
-804
-1030
-1180
-948
-978
-1593
-2002
-1837
-1550
-1776
-1941
-2002
-2028
-1879
-1854
-1817
-1712
-1433
-1414
-1499
-1222
-923
-685
-585
-501
-403
-132
296
421
490
682
913
1074
1175
1366
1515
1740
1918
1903
1980
2171
2377
2400
2421
2617
2779
2898
2677
2425
2615
3042
3083
2446
2160
2491
2758
2327
1568
1596
2011
1918
1040
412
668
831
402
-305
-527
-507
-749
-1054
-1353
-1469
-1571
-1663
-1859
-2185
-2259
-2103
-1904
-2088
-2462
-2441
-2056
-1848
-2103
-2164
-1835
-1615
-1694
-1768
-1542
-1243
-1077
-1106
-1139
-946
-681
-510
-485
-463
-356
-138
86
132
173
346
552
578
546
717
975
1105
1043
1018
1079
1172
1286
1287
1221
1146
1154
1123
1025
936
860
870
759
417
40
84
361
214
-361
-841
-790
-536
-572
-1040
-1465
-1419
-1269
-1391
-1703
-1735
-1603
-1645
-1820
-1908
-1718
-1512
-1456
-1608
-1648
-1360
-1072
-966
-988
-864
-678
-488
-303
-215
-49
201
378
370
479
789
989
1055
1101
1200
1355
1614
1772
1755
1789
1950
2099
2192
2353
2467
2505
2418
2284
2406
2788
2834
2233
1969
2477
2778
2135
1358
1545
2136
1975
962
374
801
1070
412
-360
-359
-189
-512
-986
-1238
-1324
-1425
-1533
-1747
-2052
-2197
-2074
-1956
-2227
-2616
-2542
-2116
-2070
-2445
-2520
-2129
-1896
-2090
-2174
-1853
-1513
-1438
-1444
-1319
-1096
-801
-537
-456
-421
-238
108
362
408
454
687
983
1012
946
1097
1353
1429
1355
1350
1378
1431
1492
1465
1365
1307
1358
1339
1199
1037
1010
1039
890
692
566
435
195
110
185
-1
-474
-817
-699
-513
-740
-1280
-1551
-1403
-1403
-1686
-1899
-1820
-1775
-1944
-2085
-2085
-1926
-1798
-1794
-1850
-1780
-1561
-1386
-1262
-1187
-1072
-850
-568
-357
-233
-41
202
394
538
729
962
1145
1271
1374
1493
1647
1813
1908
1968
2076
2227
2327
2330
2396
2572
2738
2564
2129
2121
2808
3196
2342
1377
1753
2795
2571
1174
672
1560
2090
977
-306
-40
833
483
-780
-1168
-749
-689
-1154
-1545
-1685
-1785
-1720
-1697
-1970
-2312
-2234
-1798
-1837
-2412
-2576
-1845
-1306
-1843
-2375
-1902
-1173
-1261
-1634
-1456
-997
-775
-891
-961
-780
-423
-168
-185
-255
-188
140
493
502
309
421
833
910
708
770
1083
1202
1050
1003
1096
1234
1329
1283
1147
1070
1169
1207
1053
855
793
834
722
468
304
377
297
-169
-486
-305
-79
-423
-1035
-1289
-1124
-905
-1051
-1471
-1755
-1702
-1542
-1550
-1648
-1755
-1779
-1737
-1732
-1765
-1680
-1443
-1381
-1549
-1598
-1291
-888
-799
-957
-951
-638
-321
-246
-266
-148
96
273
322
423
666
877
910
902
1037
1258
1451
1538
1557
1629
1764
1888
1924
1999
2180
2401
2467
2214
1995
2353
2997
2772
1793
1626
2615
3092
1995
852
1302
2439
2190
625
5
883
1317
271
-740
-515
-91
-447
-1158
-1515
-1515
-1448
-1483
-1793
-2251
-2416
-2093
-1842
-2246
-2783
-2548
-1832
-1881
-2603
-2627
-1809
-1442
-1908
-2145
-1702
-1240
-1192
-1269
-1182
-918
-616
-460
-457
-382
-101
249
405
308
316
686
1066
1008
827
1020
1368
1433
1324
1350
1461
1507
1518
1468
1371
1355
1433
1382
1117
915
932
974
789
476
307
327
250
-136
-513
-507
-351
-489
-964
-1364
-1465
-1336
-1250
-1503
-1898
-2054
-1922
-1896
-2072
-2171
-2135
-2130
-2240
-2299
-2163
-1949
-1860
-1952
-1943
-1685
-1376
-1201
-1117
-968
-753
-496
-265
-75
146
383
565
716
945
1207
1387
1506
1606
1722
1861
2016
2102
2110
2144
2193
2235
2279
2349
2392
2384
2402
2439
2400
2246
2149
2323
2573
2395
1669
1255
1826
2540
2132
867
347
1064
1696
1090
-35
-206
363
258
-687
-1157
-703
-419
-945
-1704
-1951
-1658
-1342
-1447
-1909
-2215
-2102
-1813
-1748
-1956
-2012
-1696
-1407
-1632
-1884
-1459
-785
-720
-1133
-1172
-725
-325
-219
-243
-175
-9
150
219
299
507
723
782
632
508
683
1051
1184
903
667
768
961
960
856
864
869
760
586
522
602
671
592
331
102
55
137
130
-69
-270
-352
-361
-498
-778
-905
-763
-620
-893
-1423
-1629
-1317
-953
-1095
-1583
-1852
-1655
-1343
-1323
-1476
-1507
-1418
-1438
-1525
-1394
-1083
-923
-1098
-1275
-1104
-689
-416
-460
-534
-404
-120
119
237
337
462
599
676
759
950
1161
1271
1214
1153
1252
1475
1631
1550
1415
1426
1561
1614
1552
1536
1570
1601
1600
1643
1699
1614
1511
1617
1899
1926
1599
1370
1465
1607
1546
1534
1548
1247
723
585
1042
1276
741
15
-84
200
74
-335
-449
-349
-597
-1082
-1200
-983
-880
-1068
-1282
-1396
-1491
-1436
-1229
-1121
-1293
-1453
-1318
-1158
-1193
-1183
-893
-677
-858
-1068
-899
-491
-310
-381
-440
-398
-296
-181
-6
125
160
151
125
147
232
431
573
458
241
191
339
435
407
337
257
146
38
62
138
139
22
-141
-254
-305
-266
-214
-252
-392
-529
-552
-565
-626
-658
-589
-547
-748
-1048
-1128
-869
-641
-798
-1173
-1337
-1117
-889
-939
-1120
-1165
-1050
-1020
-1071
-1028
-876
-793
-884
-953
-838
-567
-390
-443
-552
-492
-214
22
73
34
75
238
374
482
579
688
752
741
791
894
1023
1090
1082
1046
1050
1150
1230
1252
1247
1268
1290
1268
1328
1484
1592
1511
1348
1420
1696
1862
1715
1553
1662
1850
1811
1578
1534
1746
1861
1601
1167
1034
1250
1417
1182
702
416
445
503
292
-24
-165
-198
-388
-731
-891
-790
-710
-919
-1296
-1471
-1367
-1201
-1217
-1406
-1553
-1557
-1460
-1407
-1389
-1345
-1290
-1299
-1381
-1346
-1146
-939
-914
-1015
-1037
-924
-736
-601
-524
-483
-475
-446
-372
-231
-67
42
64
12
15
154
352
468
456
419
436
500
543
583
624
641
594
490
433
459
507
481
358
230
132
45
-63
-131
-128
-188
-426
-749
-870
-711
-566
-749
-1163
-1384
-1244
-1027
-1081
-1344
-1500
-1446
-1345
-1349
-1377
-1325
-1259
-1264
-1282
-1169
-949
-794
-787
-820
-724
-475
-219
-117
-121
-31
187
416
531
625
785
949
1031
1062
1188
1385
1518
1534
1519
1573
1681
1789
1856
1853
1842
1858
1915
1949
1984
2013
1999
1895
1766
1792
1952
2015
1804
1499
1402
1535
1611
1485
1276
1131
925
647
559
788
882
394
-296
-437
-11
158
-274
-759
-791
-694
-879
-1140
-1092
-927
-1048
-1410
-1621
-1524
-1307
-1188
-1261
-1462
-1594
-1464
-1211
-1115
-1188
-1171
-1054
-1052
-1116
-998
-677
-493
-598
-740
-672
-428
-214
-128
-152
-217
-223
-130
9
88
121
132
84
3
18
180
317
267
105
16
50
108
129
109
45
-46
-119
-127
-90
-55
-75
-166
-294
-385
-369
-276
-269
-438
-655
-707
-607
-527
-594
-762
-860
-839
-770
-769
-831
-887
-886
-867
-864
-851
-808
-748
-727
-744
-710
-603
-486
-429
-399
-351
-283
-191
-96
6
94
179
251
333
419
514
625
722
771
790
839
929
996
1001
997
1016
1046
1042
1050
1062
1061
1019
986
1016
1060
1052
1006
986
992
1009
1049
1096
1088
999
957
1060
1180
1151
1002
956
1084
1193
1046
725
587
819
1099
919
320
-45
231
649
487
-127
-439
-243
-113
-414
-739
-693
-544
-737
-1142
-1278
-1072
-870
-968
-1248
-1411
-1322
-1111
-1030
-1142
-1243
-1163
-1028
-1055
-1129
-1012
-759
-677
-842
-954
-807
-539
-422
-503
-597
-568
-443
-343
-323
-295
-236
-203
-271
-331
-242
-51
23
-85
-205
-195
-88
-7
17
0
-23
-28
-12
11
55
121
166
132
56
69
199
302
265
162
136
200
255
262
231
192
168
183
197
144
67
90
190
186
18
-119
-55
76
50
-117
-190
-130
-108
-177
-230
-206
-193
-267
-333
-322
-282
-290
-331
-355
-358
-347
-321
-291
-298
-305
-270
-219
-201
-214
-189
-142
-115
-107
-74
-8
29
45
69
107
153
215
295
351
371
400
470
541
578
634
728
834
910
959
987
994
1057
1201
1345
1349
1238
1194
1299
1430
1439
1347
1286
1288
1288
1230
1156
1124
1091
981
794
650
607
579
447
242
81
-30
-145
-281
-398
-502
-644
-821
-977
-1079
-1148
-1229
-1339
-1466
-1548
-1555
-1531
-1562
-1645
-1657
-1582
-1514
-1507
-1490
-1399
-1288
-1219
-1171
-1074
-942
-813
-702
-610
-517
-407
-272
-156
-69
18
118
220
281
360
477
582
631
652
706
779
849
904
942
951
936
937
958
960
944
928
889
802
721
711
718
615
439
354
353
303
124
-37
-59
-94
-266
-463
-515
-487
-572
-752
-866
-853
-853
-982
-1109
-1105
-1045
-1081
-1179
-1220
-1172
-1092
-1061
-1068
-1060
-974
-866
-799
-754
-694
-596
-479
-368
-307
-239
-107
36
121
199
349
503
585
632
708
849
996
1095
1151
1226
1346
1436
1514
1603
1701
1810
1921
1985
1963
1884
1802
1779
1961
2246
2170
1541
992
1217
1840
1862
1083
430
519
785
520
11
-82
68
-183
-777
-1075
-890
-665
-772
-1170
-1575
-1693
-1465
-1216
-1308
-1632
-1769
-1635
-1567
-1653
-1586
-1284
-1151
-1420
-1657
-1430
-965
-734
-823
-969
-966
-772
-493
-308
-239
-190
-123
-103
-80
106
426
615
497
296
338
609
825
848
799
750
712
731
819
901
914
884
784
628
575
704
842
787
584
411
386
468
531
507
430
312
166
100
183
278
251
137
3
-106
-108
5
69
-26
-210
-334
-342
-286
-305
-393
-430
-467
-657
-852
-755
-502
-546
-942
-1235
-1103
-799
-787
-1069
-1257
-1163
-1036
-1063
-1097
-995
-916
-995
-1104
-1051
-858
-706
-701
-815
-879
-772
-571
-468
-504
-559
-522
-423
-368
-354
-280
-160
-139
-213
-190
5
196
239
201
223
340
478
570
632
692
760
805
836
895
1004
1129
1188
1167
1161
1261
1396
1439
1413
1417
1486
1580
1652
1685
1680
1649
1630
1686
1837
1926
1745
1437
1403
1659
1723
1346
974
1030
1184
906
414
314
527
409
-138
-529
-463
-357
-594
-969
-1151
-1188
-1291
-1421
-1490
-1567
-1652
-1660
-1683
-1814
-1853
-1659
-1498
-1604
-1763
-1681
-1434
-1279
-1273
-1250
-1103
-947
-887
-818
-628
-389
-244
-219
-225
-130
116
345
387
338
402
571
687
707
761
875
935
913
878
888
962
1027
978
838
764
823
857
778
655
568
528
466
359
262
184
58
-114
-237
-327
-452
-561
-645
-795
-991
-1087
-1094
-1153
-1305
-1460
-1561
-1596
-1610
-1665
-1723
-1742
-1781
-1844
-1812
-1667
-1586
-1649
-1691
-1614
-1475
-1353
-1284
-1248
-1161
-1036
-942
-834
-643
-449
-364
-301
-163
-9
159
344
433
449
548
727
853
931
1028
1089
1116
1210
1341
1399
1443
1500
1510
1523
1645
1752
1731
1757
1846
1881
1930
2011
1988
1930
1993
2084
2075
1935
1635
1422
1717
2061
1498
516
498
1294
1383
333
-520
-216
435
155
-854
-1250
-764
-505
-1036
-1622
-1551
-1158
-1136
-1516
-1786
-1663
-1323
-1153
-1376
-1672
-1543
-1078
-896
-1144
-1264
-950
-561
-533
-733
-654
-197
117
-27
-205
6
390
543
443
371
522
764
823
715
709
868
996
925
772
758
894
962
823
626
586
686
720
591
411
343
392
375
198
46
30
27
-91
-273
-405
-424
-405
-509
-705
-805
-779
-796
-918
-1032
-1067
-1056
-1095
-1196
-1259
-1229
-1196
-1262
-1336
-1284
-1192
-1219
-1329
-1326
-1186
-1094
-1170
-1278
-1233
-1066
-955
-1003
-1093
-1022
-806
-688
-735
-751
-632
-462
-354
-334
-307
-179
-35
2
28
152
285
324
338
405
487
577
648
661
655
697
776
837
860
853
862
907
946
968
999
1031
1035
1023
1028
1055
1093
1106
1079
1047
1053
1099
1135
1134
1129
1160
1216
1249
1263
1305
1395
1439
1355
1308
1484
1685
1550
1206
1171
1540
1730
1342
823
831
1201
1205
700
301
370
485
253
-111
-234
-178
-258
-540
-758
-769
-714
-770
-950
-1123
-1170
-1079
-1024
-1145
-1298
-1256
-1103
-1094
-1230
-1256
-1078
-918
-968
-1084
-1018
-798
-663
-677
-696
-608
-463
-365
-318
-283
-219
-133
-74
-61
-43
19
98
122
81
51
97
167
174
120
89
113
143
141
118
112
120
108
67
45
61
57
1
-64
-96
-107
-134
-194
-250
-297
-347
-394
-442
-485
-527
-575
-620
-662
-692
-707
-725
-755
-786
-798
-788
-780
-798
-828
-831
-803
-791
-811
-838
-814
-753
-725
-741
-742
-675
-587
-540
-514
-470
-383
-284
-195
-111
-24
60
158
280
389
468
539
627
713
782
837
885
919
950
988
1004
996
990
1011
1033
1011
965
954
976
979
937
896
881
886
879
864
825
776
769
784
768
693
638
646
661
619
545
521
543
560
535
488
466
489
552
597
567
489
464
559
686
712
596
451
433
571
700
616
360
192
256
384
323
96
-60
-73
-102
-232
-358
-381
-408
-564
-755
-834
-796
-782
-880
-1020
-1096
-1081
-1034
-1026
-1068
-1093
-1060
-1002
-988
-992
-915
-783
-712
-732
-729
-619
-476
-395
-386
-378
-337
-287
-249
-213
-172
-166
-186
-204
-195
-165
-145
-150
-194
-237
-252
-246
-236
-243
-267
-316
-350
-341
-312
-307
-340
-370
-379
-377
-375
-367
-352
-361
-389
-385
-341
-298
-282
-266
-234
-210
-188
-127
-58
-23
-17
5
57
107
134
172
221
226
190
198
269
312
260
184
182
233
244
190
148
150
152
113
78
88
116
96
43
16
54
106
114
78
45
67
111
138
130
111
107
129
162
166
147
142
159
187
182
169
167
174
179
176
184
190
187
185
204
244
267
274
286
321
356
378
402
443
499
541
579
629
684
738
785
861
928
934
916
960
1075
1127
1060
984
1020
1104
1087
969
895
903
878
749
616
580
553
430
249
126
88
44
-73
-214
-313
-367
-419
-480
-552
-623
-670
-685
-692
-717
-746
-739
-698
-676
-666
-646
-607
-569
-549
-511
-451
-410
-406
-393
-340
-270
-241
-256
-262
-235
-187
-163
-182
-214
-220
-200
-188
-217
-246
-250
-246
-267
-299
-297
-279
-283
-319
-331
-315
-305
-313
-328
-324
-301
-274
-273
-285
-279
-234
-183
-179
-195
-175
-107
-68
-73
-60
-4
42
47
63
115
149
137
150
213
252
204
154
188
256
232
127
65
88
113
46
-72
-140
-136
-134
-207
-312
-361
-350
-372
-454
-508
-499
-481
-535
-594
-566
-504
-513
-557
-538
-461
-418
-417
-406
-354
-300
-265
-209
-149
-114
-94
-27
61
125
145
194
273
335
360
379
423
463
498
516
524
528
553
595
625
633
627
637
674
712
728
720
731
779
838
857
859
908
997
1049
1028
1026
1106
1177
1145
1085
1081
1127
1117
1041
982
948
906
839
760
667
556
460
385
288
129
-23
-93
-144
-246
-391
-486
-522
-564
-635
-712
-762
-798
-821
-840
-858
-879
-886
-857
-818
-816
-824
-798
-756
-735
-743
-733
-710
-688
-683
-688
-671
-639
-630
-641
-643
-607
-586
-599
-620
-604
-567
-556
-579
-589
-553
-523
-522
-546
-532
-495
-469
-469
-480
-481
-444
-393
-380
-399
-379
-310
-267
-268
-264
-208
-150
-130
-127
-76
-3
32
28
68
143
190
187
187
222
259
283
292
291
286
305
336
357
323
283
293
329
317
244
192
214
249
220
139
94
127
170
142
66
29
68
106
74
13
5
45
62
39
26
60
100
100
86
98
137
163
150
135
141
180
216
204
185
210
267
292
269
254
274
306
315
290
274
277
288
286
276
253
233
234
233
192
142
137
140
93
12
-30
-18
-19
-79
-148
-166
-151
-173
-223
-241
-239
-260
-299
-313
-297
-278
-287
-305
-297
-262
-235
-222
-213
-196
-174
-148
-115
-94
-78
-56
-15
18
34
39
70
117
140
134
141
182
215
217
214
237
269
285
277
278
319
348
338
313
310
337
358
350
318
294
301
324
327
301
270
262
271
280
265
235
223
243
261
251
224
226
263
281
266
237
241
273
283
251
228
245
265
242
204
203
236
235
180
132
137
173
165
100
54
58
72
54
17
-13
-26
-35
-58
-96
-123
-129
-151
-189
-226
-236
-238
-242
-264
-292
-301
-301
-302
-303
-303
-313
-327
-335
-322
-304
-306
-316
-327
-327
-317
-318
-332
-347
-358
-366
-374
-388
-397
-409
-414
-415
-415
-416
-428
-431
-408
-380
-390
-408
-394
-346
-308
-304
-309
-289
-244
-209
-191
-179
-152
-128
-112
-87
-62
-36
-13
10
28
43
61
85
95
101
102
94
101
111
107
98
92
92
93
91
87
82
83
88
93
99
119
143
158
179
208
252
300
329
340
352
397
450
454
422
411
444
473
446
365
321
337
333
261
162
103
86
47
-30
-113
-157
-174
-209
-266
-305
-317
-318
-332
-351
-360
-356
-337
-323
-314
-296
-264
-226
-183
-154
-129
-89
-37
3
33
52
87
125
152
172
192
210
223
233
227
221
214
196
168
135
99
72
48
16
-36
-75
-91
-109
-130
-162
-189
-208
-216
-220
-220
-222
-222
-221
-206
-174
-148
-143
-134
-106
-72
-52
-43
-32
1
36
51
54
77
121
153
153
152
179
218
232
225
217
239
268
269
253
249
271
282
265
242
234
246
249
223
195
190
200
195
176
154
146
154
143
110
82
77
71
51
16
-26
-51
-59
-72
-115
-172
-210
-231
-252
-297
-350
-391
-412
-439
-476
-508
-520
-530
-555
-578
-578
-563
-553
-557
-558
-538
-496
-462
-447
-414
-357
-305
-263
-227
-165
-91
-36
6
44
112
188
231
261
308
364
413
440
453
485
524
541
535
521
535
552
538
508
488
484
474
437
390
375
367
329
273
227
216
207
164
103
62
55
49
7
-46
-74
-78
-92
-131
-168
-181
-176
-187
-216
-236
-227
-214
-220
-229
-233
-217
-195
-188
-189
-178
-147
-120
-104
-94
-71
-39
-4
21
38
66
102
128
147
172
202
227
239
251
270
298
316
305
292
297
316
318
284
251
234
238
225
181
139
120
108
76
26
-15
-37
-59
-97
-147
-179
-193
-211
-247
-280
-296
-310
-321
-343
-367
-377
-379
-386
-391
-403
-404
-390
-380
-371
-372
-362
-336
-321
-314
-300
-283
-267
-249
-238
-213
-188
-171
-155
-145
-119
-100
-90
-80
-70
-60
-47
-33
-20
-2
0
10
26
39
46
44
42
53
59
56
55
62
75
73
72
71
76
80
82
78
72
72
71
78
79
74
74
86
102
103
97
99
114
120
116
105
116
132
139
139
139
145
159
165
162
161
158
162
163
158
158
154
149
148
141
131
124
111
103
88
61
46
32
19
1
-19
-38
-45
-52
-67
-77
-95
-102
-108
-115
-122
-131
-135
-125
-115
-115
-115
-107
-90
-77
-82
-85
-68
-55
-46
-41
-34
-17
0
11
16
25
39
50
50
48
56
63
68
71
66
71
85
94
87
77
73
79
78
62
47
41
47
42
25
18
20
26
19
-2
-12
-13
-13
-27
-46
-57
-52
-54
-64
-72
-76
-75
-76
-87
-97
-100
-103
-111
-116
-116
-115
-111
-106
-105
-97
-88
-77
-73
-69
-59
-51
-39
-33
-24
-5
14
26
38
52
71
87
91
100
111
123
128
136
142
156
173
177
181
187
200
201
195
191
192
187
183
174
168
169
164
155
142
131
122
112
94
73
58
47
39
24
3
-9
-11
-16
-37
-57
-69
-74
-90
-110
-129
-139
-144
-160
-179
-183
-188
-197
-212
-229
-229
-238
-249
-260
-265
-264
-259
-259
-259
-248
-236
-222
-215
-211
-200
-186
-175
-165
-155
-133
-109
-89
-74
-55
-30
-11
4
13
29
45
59
75
83
103
118
132
145
152
161
168
169
167
171
161
162
160
156
154
149
148
145
134
120
115
106
96
79
69
65
60
52
42
40
38
32
19
8
-1
-7
-19
-35
-42
-45
-45
-43
-49
-49
-46
-45
-43
-46
-49
-48
-37
-33
-33
-23
-7
8
16
23
29
42
47
48
51
55
66
63
64
69
75
79
75
75
72
69
64
50
38
35
26
21
11
4
4
-3
-9
-15
-30
-35
-42
-55
-67
-71
-74
-73
-77
-81
-77
-74
-69
-73
-75
-75
-70
-71
-75
-71
-64
-61
-59
-53
-52
-51
-50
-51
-51
-55
-60
-61
-67
-64
-64
-67
-63
-62
-58
-59
-60
-61
-60
-62
-62
-55
-57
-51
-43
-38
-33
-29
-21
-16
-11
-9
-5
-3
5
11
17
28
38
47
61
70
74
83
91
99
107
115
123
133
143
154
164
169
177
184
187
193
195
197
198
201
203
209
210
209
211
208
208
201
193
186
176
168
157
148
140
128
119
109
98
90
70
56
42
22
10
-10
-22
-39
-49
-60
-76
-84
-95
-110
-119
-132
-144
-153
-165
-174
-182
-186
-190
-192
-188
-192
-191
-191
-190
-186
-186
-180
-174
-166
-157
-149
-139
-127
-113
-103
-92
-82
-72
-66
-53
-43
-38
-24
-17
-8
3
6
14
21
22
25
26
23
23
20
16
18
17
17
13
8
7
3
-6
-9
-12
-19
-23
-27
-32
-30
-33
-34
-34
-37
-39
-42
-42
-41
-43
-44
-42
-38
-34
-30
-29
-20
-16
-13
-6
-2
6
10
13
20
28
35
43
49
60
69
78
84
92
100
102
111
119
127
135
144
154
165
172
181
190
196
201
203
208
211
212
215
218
222
224
221
216
214
205
196
186
167
159
143
129
112
99
83
64
46
22
1
-23
-47
-71
-95
-119
-143
-163
-185
-205
-225
-244
-257
-276
-291
-305
-318
-329
-339
-345
-351
-350
-349
-349
-341
-334
-328
-316
-308
-295
-284
-271
-254
-236
-217
-196
-175
-150
-126
-105
-83
-61
-37
-16
4
28
50
74
96
118
141
159
174
189
202
213
219
222
227
231
233
231
230
228
219
215
204
188
172
157
138
118
99
78
61
44
23
0
-16
-35
-55
-72
-93
-110
-122
-138
-146
-152
-155
-156
-158
-156
-154
-145
-142
-132
-115
-107
-93
-68
-50
-31
-8
14
40
65
88
113
136
161
183
201
221
244
260
277
293
307
319
323
329
332
334
330
325
321
311
299
285
271
253
233
211
194
168
142
115
89
63
35
10
-20
-43
-69
-92
-115
-139
-156
-179
-198
-216
-226
-239
-252
-256
-265
-271
-275
-277
-275
-277
-277
-269
-263
-260
-252
-244
-239
-228
-217
-208
-197
-187
-177
-171
-160
-148
-142
-132
-122
-111
-104
-96
-88
-81
-75
-70
-62
-58
-54
-46
-40
-36
-30
-25
-20
-13
-6
-3
2
7
13
18
20
29
37
42
51
55
60
69
75
77
83
86
92
98
102
109
113
115
120
126
124
122
127
123
122
126
120
119
120
117
114
109
104
100
92
87
80
74
62
58
48
39
30
23
19
11
4
-2
-12
-18
-22
-28
-36
-39
-39
-46
-45
-47
-49
-47
-47
-44
-44
-46
-42
-39
-35
-28
-26
-22
-13
-7
-1
4
11
13
19
25
26
30
35
39
42
43
45
46
46
43
43
38
35
34
27
25
16
13
7
2
-6
-16
-23
-31
-36
-47
-56
-62
-73
-77
-83
-91
-90
-97
-100
-104
-107
-108
-113
-116
-117
-117
-115
-110
-109
-103
-94
-93
-82
-74
-69
-58
-55
-49
-40
-33
-24
-16
-7
0
13
22
31
34
38
45
48
51
51
59
61
69
74
76
80
84
87
90
95
92
95
95
98
99
97
98
103
104
108
111
113
111
111
114
112
113
111
111
110
108
111
112
107
107
106
96
90
86
74
68
60
49
40
30
23
11
2
-10
-24
-36
-49
-64
-76
-89
-100
-109
-123
-132
-139
-146
-152
-161
-162
-165
-168
-169
-170
-169
-163
-156
-147
-141
-133
-119
-108
-97
-85
-73
-60
-46
-31
-15
-1
16
31
45
55
65
77
88
96
103
110
112
118
123
125
122
126
121
118
109
104
95
82
73
57
49
38
25
12
3
-8
-25
-40
-54
-64
-79
-90
-104
-112
-117
-128
-132
-136
-138
-142
-143
-148
-150
-151
-146
-144
-137
-129
-121
-110
-107
-90
-81
-70
-56
-43
-30
-16
-1
12
33
46
64
76
89
107
115
127
141
150
157
168
171
180
179
186
190
186
193
190
191
185
185
173
167
160
144
145
130
124
111
101
84
72
57
39
31
9
0
-17
-29
-44
-58
-70
-84
-91
-107
-116
-129
-135
-146
-147
-151
-159
-156
-162
-160
-162
-162
-162
-162
-157
-157
-146
-147
-138
-130
-127
-117
-108
-98
-91
-78
-77
-62
-53
-43
-31
-24
-9
-3
10
16
27
29
37
44
50
60
61
71
69
76
77
80
83
81
88
84
89
84
82
84
74
74
70
66
59
59
51
46
43
33
29
17
12
5
3
-7
-15
-17
-26
-28
-37
-38
-44
-44
-49
-52
-54
-60
-59
-60
-57
-55
-52
-51
-51
-47
-47
-42
-35
-26
-24
-15
-5
-4
7
13
20
30
35
41
50
54
62
67
71
78
79
86
87
90
89
90
89
87
86
83
80
73
73
68
64
55
52
47
36
34
22
20
12
5
1
-11
-14
-20
-23
-30
-33
-41
-45
-48
-53
-55
-58
-55
-60
-60
-61
-61
-63
-59
-60
-57
-52
-53
-51
-51
-47
-49
-45
-45
-43
-39
-42
-35
-39
-37
-33
-40
-40
-36
-39
-41
-35
-40
-39
-43
-44
-47
-48
-47
-51
-50
-53
-51
-56
-56
-56
-57
-56
-53
-53
-50
-48
-47
-44
-43
-39
-37
-32
-27
-22
-15
-9
-2
3
11
19
23
34
40
51
58
65
76
83
92
100
107
114
124
130
133
138
142
146
150
147
149
149
150
147
146
139
136
130
125
119
108
99
90
84
70
58
45
37
22
10
-6
-16
-26
-33
-46
-60
-65
-73
-77
-87
-92
-99
-100
-102
-104
-105
-101
-97
-93
-87
-85
-76
-69
-59
-52
-39
-31
-20
-6
1
16
27
38
45
56
63
75
84
88
93
94
96
96
99
96
95
92
86
79
69
63
48
40
30
16
2
-14
-25
-42
-53
-69
-81
-95
-106
-118
-134
-144
-158
-159
-174
-178
-182
-188
-187
-188
-188
-189
-182
-180
-171
-172
-162
-153
-143
-132
-125
-109
-100
-83
-75
-59
-50
-34
-21
-11
7
17
33
40
58
65
77
89
96
105
110
121
120
131
135
139
142
143
145
144
144
142
146
139
139
135
133
127
124
117
110
103
96
90
80
74
64
57
46
40
31
20
17
8
0
-10
-18
-26
-36
-42
-47
-52
-55
-59
-65
-64
-66
-69
-67
-72
-71
-67
-70
-66
-61
-60
-56
-52
-43
-37
-34
-27
-21
-15
-6
-1
5
11
21
26
34
39
47
51
55
61
63
66
67
71
68
69
69
65
64
60
58
57
55
48
43
37
29
25
15
6
-3
-11
-17
-26
-38
-41
-53
-60
-65
-74
-79
-88
-94
-103
-107
-112
-117
-119
-124
-122
-126
-125
-128
-134
-132
-127
-126
-121
-117
-113
-104
-98
-93
-87
-76
-66
-61
-51
-43
-32
-22
-10
2
10
22
32
43
53
59
65
76
82
92
99
105
114
120
124
125
129
130
133
136
131
130
130
128
128
126
121
115
110
109
103
98
92
88
82
78
73
64
60
59
54
48
43
38
37
32
28
25
20
19
16
13
10
8
6
7
4
1
1
-4
-6
-10
-17
-19
-26
-27
-33
-39
-44
-51
-53
-61
-63
-72
-77
-78
-88
-90
-97
-105
-111
-112
-113
-117
-119
-121
-126
-125
-123
-123
-119
-121
-114
-112
-109
-101
-95
-92
-85
-76
-68
-59
-54
-44
-37
-25
-18
-11
-2
4
11
19
27
31
39
44
46
55
54
60
65
64
63
62
63
61
62
55
53
48
45
40
36
31
24
22
13
6
-3
-4
-13
-17
-19
-28
-29
-31
-35
-39
-41
-44
-43
-46
-46
-49
-47
-42
-42
-36
-37
-31
-26
-21
-16
-10
-3
2
7
12
20
26
34
41
50
57
63
71
73
78
85
90
95
98
101
104
111
112
110
114
111
112
110
109
107
105
100
96
93
87
80
72
63
53
45
38
30
18
10
1
-9
-20
-29
-39
-47
-54
-61
-73
-77
-84
-95
-99
-106
-111
-112
-116
-118
-121
-120
-121
-119
-120
-118
-113
-110
-106
-101
-93
-90
-81
-71
-64
-56
-51
-40
-30
-20
-12
-5
6
15
21
32
39
45
53
56
63
69
73
78
80
83
83
85
89
87
84
86
83
80
77
75
71
67
63
53
51
41
35
29
20
18
12
5
0
-7
-11
-15
-23
-29
-33
-38
-40
-43
-46
-52
-51
-52
-55
-51
-52
-53
-48
-50
-50
-47
-46
-40
-36
-33
-27
-28
-22
-15
-10
-2
3
8
14
20
23
26
33
40
42
44
50
50
58
64
66
69
68
69
69
69
69
68
71
68
61
58
55
47
45
39
31
27
17
9
0
-9
-20
-28
-36
-45
-54
-65
-70
-82
-90
-101
-106
-116
-118
-122
-133
-135
-139
-138
-145
-141
-139
-140
-137
-135
-130
-132
-122
-116
-110
-103
-89
-85
-75
-64
-58
-44
-35
-23
-11
6
12
24
34
40
52
58
72
81
89
92
100
107
110
117
117
123
128
127
126
123
122
122
119
115
108
103
100
93
85
80
71
71
62
53
46
38
33
25
17
7
7
-3
-9
-13
-20
-29
-30
-35
-39
-42
-49
-46
-46
-51
-48
-48
-48
-44
-45
-44
-43
-42
-39
-38
-36
-36
-32
-28
-26
-23
-20
-18
-15
-15
-13
-7
-7
-6
-1
5
4
5
4
6
5
2
9
7
9
4
3
6
2
7
3
3
3
0
2
0
-2
-7
-7
-7
-10
-11
-15
-12
-12
-15
-17
-18
-17
-21
-20
-23
-25
-25
-24
-25
-28
-23
-21
-25
-25
-25
-25
-25
-23
-23
-24
-24
-24
-21
-21
-18
-19
-20
-14
-16
-13
-14
-13
-9
-8
-5
0
4
7
7
13
14
14
20
21
21
27
31
33
38
42
47
50
58
63
62
66
68
72
72
76
79
81
85
83
86
85
86
86
83
78
77
77
70
66
63
58
54
49
45
33
25
23
14
6
-2
-8
-14
-23
-28
-35
-40
-49
-56
-60
-71
-72
-76
-79
-86
-90
-89
-91
-93
-93
-94
-93
-90
-89
-86
-85
-82
-78
-72
-68
-65
-60
-56
-46
-39
-33
-27
-21
-15
-12
-5
2
6
12
20
26
27
32
37
42
41
44
48
48
49
48
52
52
50
51
53
45
43
42
36
33
26
25
21
20
17
8
9
1
-3
-4
-13
-15
-21
-26
-30
-35
-36
-38
-41
-49
-49
-49
-53
-51
-54
-54
-54
-58
-52
-53
-51
-48
-47
-44
-38
-35
-31
-28
-22
-15
-14
-6
-1
6
10
16
21
31
37
44
52
56
62
69
73
75
82
82
83
90
95
96
95
97
98
94
94
92
87
85
76
74
72
64
58
55
51
44
37
30
24
14
5
-1
-10
-13
-19
-27
-32
-39
-43
-51
-56
-56
-61
-64
-69
-73
-73
-78
-77
-77
-80
-80
-80
-75
-73
-76
-73
-70
-69
-66
-63
-62
-58
-51
-50
-45
-41
-37
-35
-34
-26
-25
-24
-18
-13
-10
-10
-4
-1
3
8
6
10
10
12
14
14
19
23
22
23
23
25
29
29
32
33
30
27
30
29
25
29
29
29
27
26
25
22
23
21
19
18
18
16
12
10
5
6
5
3
2
0
-1
-2
-3
-8
-6
-7
-6
-4
-4
-6
-6
-3
-7
-8
-6
-7
-5
-5
-4
-4
-2
3
4
4
8
9
10
11
14
13
12
14
17
19
18
19
18
21
18
22
22
18
23
21
19
18
17
17
17
15
14
13
12
11
6
5
3
2
4
2
4
2
2
-1
-5
-5
-8
-8
-9
-11
-12
-16
-15
-17
-17
-14
-19
-17
-18
-20
-19
-24
-22
-25
-26
-23
-29
-26
-29
-30
-29
-35
-32
-32
-35
-33
-34
-35
-34
-34
-31
-32
-29
-32
-28
-26
-27
-24
-22
-22
-18
-16
-15
-11
-11
-7
-2
-2
5
6
9
12
15
17
22
27
30
32
35
38
40
39
38
43
42
44
45
43
46
44
44
43
38
36
33
32
29
26
25
19
14
9
7
1
-5
-8
-11
-14
-16
-23
-27
-28
-36
-36
-37
-43
-41
-44
-46
-45
-47
-48
-46
-47
-46
-44
-43
-40
-39
-39
-32
-31
-28
-23
-18
-13
-11
-7
-2
3
6
13
19
21
26
26
29
33
37
42
43
45
50
50
50
52
48
47
47
48
49
45
44
43
40
40
36
35
33
29
26
24
20
13
14
8
4
0
-6
-5
-8
-9
-8
-15
-17
-16
-19
-23
-30
-29
-29
-31
-33
-35
-36
-37
-36
-38
-36
-36
-36
-36
-37
-37
-39
-36
-37
-36
-34
-35
-31
-31
-32
-29
-26
-24
-21
-23
-18
-18
-14
-11
-9
-6
-9
-3
-1
1
6
8
10
13
15
14
17
18
19
21
23
26
23
23
27
29
26
28
31
28
30
26
27
23
21
21
17
17
17
15
13
11
6
6
4
3
2
1
-2
-4
-2
-7
-7
-5
-6
-6
-8
-9
-8
-7
-7
-7
1
-2
0
0
2
6
7
11
10
14
14
18
18
19
21
18
19
21
18
18
19
19
17
17
16
12
15
10
6
9
4
0
-1
-5
-8
-10
-14
-12
-12
-17
-17
-19
-16
-21
-24
-23
-26
-22
-25
-24
-19
-19
-18
-19
-18
-18
-18
-14
-13
-14
-7
-6
-7
-4
-2
3
2
3
5
6
8
7
9
10
10
12
6
7
11
6
5
7
2
2
6
1
-3
0
-2
-4
-5
-6
-5
-5
-8
-14
-13
-13
-13
-14
-15
-11
-13
-10
-8
-9
-7
-7
-9
-8
-4
-2
-2
0
1
5
6
7
13
12
11
12
14
16
14
17
19
19
22
20
20
19
21
20
18
24
23
20
18
16
17
14
13
13
9
9
7
4
4
0
-4
-5
-9
-9
-15
-18
-16
-20
-19
-20
-23
-24
-29
-30
-31
-31
-32
-30
-31
-30
-28
-32
-28
-26
-24
-22
-19
-17
-14
-11
-9
-4
-1
0
2
5
7
10
12
15
19
19
28
28
32
32
32
38
36
36
38
38
36
36
36
32
29
30
24
26
25
18
18
11
9
8
3
2
2
-6
-10
-12
-15
-13
-19
-17
-18
-21
-24
-22
-25
-27
-27
-25
-24
-25
-21
-22
-20
-20
-14
-13
-10
-8
-8
1
-1
3
6
9
14
16
16
22
25
28
28
33
33
35
36
35
38
43
43
40
44
40
40
40
41
35
34
35
28
28
25
22
19
17
12
10
4
3
1
-4
-3
-8
-11
-15
-22
-24
-26
-34
-34
-39
-41
-44
-50
-50
-53
-57
-55
-57
-60
-59
-56
-57
-55
-56
-52
-47
-49
-44
-39
-38
-33
-29
-26
-23
-18
-13
-9
-4
3
7
9
15
19
22
26
30
31
36
40
43
45
48
50
55
53
57
58
56
58
56
55
52
49
47
46
48
46
40
36
31
28
22
17
18
13
13
9
4
-1
-4
-6
-8
-11
-10
-14
-16
-16
-19
-20
-19
-20
-22
-22
-24
-22
-23
-24
-21
-22
-21
-21
-19
-17
-16
-11
-8
-8
-6
-4
-4
-5
-2
2
1
2
4
7
7
7
9
8
8
11
9
12
11
9
12
11
13
11
13
7
6
5
-1
0
-3
-4
-6
-9
-13
-20
-22
-26
-25
-31
-38
-38
-42
-46
-49
-51
-53
-55
-60
-61
-60
-63
-60
-65
-66
-65
-66
-66
-68
-65
-63
-60
-58
-54
-48
-48
-46
-41
-36
-33
-26
-21
-17
-15
-9
-3
0
6
14
15
21
29
29
37
40
39
46
45
47
51
54
54
54
54
55
57
54
57
56
55
56
57
51
52
52
50
48
47
44
43
42
42
42
38
40
38
36
37
31
31
29
28
30
24
23
20
19
19
15
14
11
6
4
4
1
0
-1
-6
-8
-9
-12
-12
-15
-18
-18
-20
-22
-22
-28
-28
-26
-27
-28
-27
-27
-30
-30
-28
-29
-25
-23
-26
-23
-22
-23
-22
-20
-20
-16
-16
-14
-13
-14
-11
-13
-11
-10
-13
-12
-13
-11
-10
-12
-8
-11
-9
