6
6
5
2
4
7
7
8
5
6
8
9
7
6
7
7
8
7
7
9
6
7
8
6
5
7
5
6
6
5
6
7
9
6
7
7
5
5
5
3
4
4
4
2
5
3
5
5
3
2
2
4
3
5
6
5
9
7
7
7
6
3
5
6
7
5
4
9
4
3
2
6
7
4
5
4
3
5
2
1
3
2
2
3
2
2
1
0
2
3
3
0
0
1
2
1
2
2
-3
-3
0
0
-3
-1
-2
-3
-4
-3
-3
-2
-2
0
-1
-1
-1
-2
-1
1
-2
-2
0
-1
-2
-2
-3
-6
-4
-6
-3
-6
-5
-4
-4
-5
-4
-4
-3
0
-4
-3
-2
-1
-1
-3
-2
-3
-2
-3
-2
-4
-4
-1
-3
-1
-5
-6
0
-3
-3
-2
-3
-2
-3
-2
-1
-3
-2
-1
-2
-1
2
4
4
2
0
1
1
1
2
1
1
3
-1
2
1
-1
1
0
-1
-1
-2
-1
1
1
-1
0
-2
0
-1
-2
-3
0
0
-1
0
-1
-1
-2
-1
-4
-1
-4
-5
-1
0
3
2
0
-3
0
-2
-4
0
-1
-2
-2
-1
-1
0
-1
-1
1
0
-1
1
1
0
0
0
-1
0
-3
-3
-2
-2
-4
-4
-1
-4
0
-1
-2
-2
-2
-4
-4
-3
-1
0
-1
-3
-3
-3
-1
0
-2
-3
-3
1
-2
-3
0
0
-4
-3
-2
-4
-2
-2
-2
0
-1
-3
-3
-3
-4
-2
-3
-4
-4
-3
-4
-1
-3
-4
-2
0
-3
-6
-2
-1
-3
-2
5
2
1
4
4
4
4
2
3
1
0
1
0
0
1
0
1
2
0
2
4
2
3
1
0
1
3
4
1
4
3
1
0
0
-1
-3
-1
3
1
2
3
1
-1
-1
3
0
0
2
3
2
0
2
2
2
5
4
3
4
5
5
5
3
2
4
2
2
3
4
6
7
5
5
5
3
4
6
5
2
3
4
5
4
2
6
5
4
3
3
1
1
2
0
1
3
1
-1
2
2
0
2
-1
1
1
-1
-3
-3
-1
0
1
2
-1
-1
0
-1
-1
-1
-1
0
-2
-4
-2
-2
-4
-3
-5
-5
-4
-6
-6
-7
-2
-6
-2
-2
-6
-3
-7
-4
-4
-6
-6
-7
-6
-7
-6
-6
-6
-5
-7
-6
-6
-5
-8
-8
-7
-5
-3
-4
-4
-5
-6
-4
-4
-3
-1
-3
-2
-2
-5
-4
-3
-1
-1
-3
0
0
1
-1
-2
-2
0
-3
-1
-4
-3
-1
-3
-2
-2
-1
-4
0
0
-2
-2
-2
-2
-2
-5
-1
-3
-4
-3
-4
-1
-4
-5
-4
-2
-1
-2
-1
-1
-2
0
-1
-1
0
0
2
-2
1
0
-2
-3
-3
-4
-3
-5
-5
-4
-2
-3
-4
-2
-1
-3
-3
-3
-1
-1
-2
-2
-3
1
-1
1
1
0
2
2
0
2
5
2
0
-1
0
0
-2
-1
-2
-3
-3
-2
-3
-4
-1
-5
-3
-2
-4
-3
-4
-3
-4
-2
2
3
0
-1
-1
-1
-2
-1
-2
-3
-2
-4
-3
-1
-1
-2
-3
-3
3
1
-1
2
0
0
0
1
-1
-3
0
1
-3
-2
1
0
-1
-2
-1
-3
-1
-2
0
2
0
0
-1
-1
-3
-1
2
-1
3
1
1
3
3
1
3
4
5
5
2
4
3
4
8
5
4
4
4
7
5
5
7
5
5
4
8
6
7
6
4
7
6
7
5
6
6
5
7
7
6
7
6
8
9
8
4
8
8
6
9
9
7
9
8
7
5
7
8
6
5
5
5
4
5
3
4
4
5
7
6
6
5
5
6
4
8
8
5
2
5
3
2
5
3
2
1
2
2
1
1
2
3
3
1
-2
0
-2
-1
-2
-1
-1
-5
1
-1
-3
-2
-4
-4
-3
-4
-5
-3
-1
-3
-4
-4
-4
-7
-6
-3
-5
-5
-3
-2
-5
-4
-6
-5
-3
-5
-1
-4
-3
-2
-1
-2
-5
-2
-4
-3
-2
-3
-5
-2
-4
-6
-3
-2
-4
-9
-8
-7
-3
-8
-7
-5
-4
-3
-6
-5
-8
-6
-3
-4
-4
-4
-4
-3
-2
-5
-5
-4
-1
-1
-5
-4
-4
-4
-4
-4
-6
-5
-4
-5
-4
-4
-4
-7
-3
-5
-8
-6
-9
-8
-4
-6
-4
-6
-4
-1
-6
-5
-4
-5
-5
-3
-1
-2
0
-2
-2
-1
-2
-2
-2
-1
-3
-2
-1
-2
-1
-2
-1
-2
-6
-3
0
-2
-1
-2
-1
-1
0
2
4
2
2
3
2
2
1
1
1
-1
-2
-1
-3
-4
-2
-1
0
2
2
1
2
4
3
5
5
4
3
3
4
3
1
4
7
6
4
4
5
3
3
5
3
4
5
2
4
6
5
3
1
2
3
4
4
2
2
-1
2
2
2
3
2
3
3
6
2
2
3
5
5
3
7
2
3
2
0
4
4
3
3
5
5
6
9
7
8
4
1
7
8
7
5
9
7
5
7
4
5
6
6
6
3
3
5
7
6
5
6
7
8
5
6
6
4
6
5
5
6
3
5
7
6
4
3
3
3
3
4
2
3
4
1
2
3
5
5
7
6
6
6
5
6
6
7
6
8
6
8
7
2
4
4
3
5
6
6
3
4
4
4
4
4
5
5
4
8
3
3
3
4
3
2
5
4
3
2
3
5
0
0
2
1
1
-1
-1
-4
-2
-3
-3
-2
-8
-6
-4
-6
-4
-5
-6
-5
-5
-6
-5
-6
-6
-8
-8
-8
-7
-8
-9
-6
-6
-5
-5
-4
-3
-5
-2
-3
-4
-3
-2
-3
-5
-4
-4
-5
-5
-9
-7
-4
-6
-6
-4
-4
-7
-10
-6
-5
-4
-5
-4
-4
-4
1
-4
-1
-1
-3
-6
-4
-2
-1
-4
-4
-1
-4
-3
1
1
-3
0
-3
-2
-2
-1
0
-2
0
0
2
1
-1
-5
-1
-2
0
2
1
0
-1
0
0
3
4
0
-1
2
0
-1
3
3
1
1
0
-2
1
-1
0
-1
2
1
0
0
-2
1
1
0
-2
-1
0
1
-2
-1
-1
1
2
1
1
5
6
2
3
7
6
5
3
4
6
1
4
4
3
4
2
0
3
1
1
2
-2
-2
-1
0
2
1
0
-1
-6
-6
-5
-3
-2
-5
-3
-2
1
0
2
0
-3
-1
2
1
2
1
5
3
4
3
1
5
5
5
6
3
2
4
3
3
3
3
5
5
5
3
3
4
6
4
8
8
4
4
4
3
2
2
5
3
2
6
4
4
3
4
2
4
7
2
3
4
5
3
2
2
2
3
0
1
2
3
4
4
3
3
7
4
5
4
6
7
5
5
5
6
3
3
5
5
3
3
3
5
4
1
4
5
4
1
2
2
2
2
-1
5
1
3
5
3
1
0
4
-1
4
6
0
2
4
4
3
4
3
4
4
4
8
6
5
5
2
4
6
4
1
3
2
1
4
4
2
1
2
1
1
3
0
0
-2
-3
-7
-3
-5
-5
-5
-5
-2
-5
-5
-5
-7
-6
-6
-7
-4
-6
-5
-6
-6
-4
-6
-1
-2
-2
-3
-7
-2
-7
-8
-6
-8
-5
-7
-7
-7
-7
-4
-8
-8
-6
-10
-11
-10
-8
-8
-7
-6
-7
-8
-10
-8
-8
-8
-8
-10
-8
-10
-8
-10
-9
-7
-11
-10
-8
-9
-7
-4
-3
-2
-5
-2
-3
-3
-2
-2
-3
-4
-2
-3
-5
-5
-2
0
-1
-5
-5
-2
-2
-3
-2
0
-4
-4
-4
-4
-2
-3
0
-3
-4
-3
-5
-5
-3
0
-3
-3
0
0
-2
-1
3
0
-4
-2
-1
0
-1
0
-4
-1
-2
-6
-1
1
-1
-3
0
0
-1
-2
-4
-3
-2
0
0
0
-3
-1
0
-1
-1
3
2
3
4
2
4
4
5
3
2
0
1
4
5
6
1
2
-1
-2
1
-2
1
1
0
2
2
-3
-2
-2
-1
-2
-3
-3
-2
-3
-2
-2
-3
-1
0
2
-2
-1
0
1
2
0
1
0
3
1
1
1
1
4
4
5
6
7
5
0
1
4
5
2
5
4
2
5
0
2
7
6
5
4
2
11
6
8
7
5
4
5
5
4
9
2
1
2
3
3
4
3
2
8
5
4
7
6
3
4
5
5
7
6
7
5
5
7
3
8
2
5
5
0
2
2
4
1
6
2
3
5
5
6
3
6
5
6
5
2
2
-1
3
2
1
3
2
5
3
2
1
1
6
7
2
3
3
1
-1
0
2
1
1
1
-1
0
1
-1
-1
-2
-1
1
-3
0
0
-1
-1
-1
-4
-1
-5
-5
-1
-5
-2
-4
-2
-4
-5
-7
-5
-4
-6
-4
-6
-8
-6
-3
-8
-7
-4
-7
-7
-8
-7
-5
-5
-5
-3
-8
-5
-6
-7
-8
-8
-4
-8
-11
-8
-7
-6
-6
-4
-6
-7
-5
-6
-5
-2
-3
-4
-4
-6
-5
-5
-3
-3
-2
-3
-7
-2
-4
-5
-6
-3
-7
-9
-6
-8
-6
-9
-7
-6
-9
-7
-10
-5
-4
-8
-4
-6
-6
-3
-3
-3
-5
-5
-3
-5
-3
-2
-4
-5
-5
-5
-4
1
1
-3
-4
-2
1
0
2
0
-3
4
2
0
1
2
3
5
2
1
1
3
6
5
5
6
5
3
4
1
3
6
5
5
4
2
4
2
2
4
3
1
2
2
0
0
2
3
5
2
0
2
-3
0
1
1
1
3
3
1
4
5
6
6
3
8
6
5
8
6
6
6
6
5
6
3
3
2
4
0
3
7
4
6
6
8
7
4
1
5
3
4
5
1
4
3
6
3
5
7
5
4
1
2
0
1
4
3
4
2
2
0
5
6
5
4
2
5
4
3
7
6
3
5
5
5
8
6
6
4
3
5
1
4
3
6
4
0
5
3
3
-1
-1
1
1
1
0
0
0
-1
1
1
2
4
2
0
1
0
0
-2
-2
2
4
3
2
-1
1
3
-1
-3
1
0
0
2
-4
-1
0
2
0
1
3
-1
2
-1
2
2
-3
-2
-2
-2
-1
0
-2
-1
-1
0
1
1
-1
0
-1
-3
-4
-3
-1
-5
-4
-4
-3
-5
-6
-5
-2
-4
-8
-6
-8
-7
-6
-7
-8
-8
-8
-8
-6
-9
-7
-8
-7
-8
-7
-7
-8
-6
-11
-6
-7
-6
-7
-5
-2
-2
-3
-6
-2
-2
2
2
-1
0
2
4
0
1
2
1
2
-2
-1
-6
-6
1
-1
-8
-13
-15
-10
-5
-11
-20
-23
-19
-18
-13
-12
-13
-12
-12
-8
-6
-6
-6
-4
2
11
13
7
0
1
14
19
15
9
6
13
13
7
8
9
11
6
-2
-5
-4
0
0
-8
-10
-10
-7
-10
-17
-15
-16
-15
-17
-20
-22
-23
-13
-5
-5
-14
-23
-13
2
8
6
7
8
9
7
9
14
12
12
20
29
29
13
-4
0
20
37
32
13
4
7
11
3
6
23
26
5
-13
2
18
5
-1
14
25
3
-19
-2
26
32
10
-3
1
6
9
8
5
12
14
-1
-24
-28
1
20
12
-10
-22
-29
-33
-18
4
3
-20
-36
-29
-24
-26
-18
4
10
-11
-31
-21
10
24
17
1
4
20
25
20
8
15
29
24
9
2
7
6
-6
-3
13
7
-27
-45
-20
11
10
-23
-46
-33
-9
-4
-18
-27
-19
-6
-1
-7
-11
-9
-9
6
31
48
29
-3
-7
11
39
50
43
23
-3
-18
-21
-19
-16
-14
-16
-36
-57
-76
-80
-72
-52
-41
-52
-73
-68
-37
-33
-64
-80
-26
43
43
-25
-70
-26
53
74
29
2
31
79
81
50
32
39
48
52
59
59
40
8
-5
-6
-21
-39
-28
13
8
-57
-113
-104
-46
-16
-30
-65
-94
-97
-74
-50
-63
-114
-128
-64
19
25
-63
-147
-120
3
96
81
6
-19
18
55
64
93
132
132
95
85
113
123
103
102
136
137
72
2
-9
21
-7
-128
-241
-207
-74
-50
-205
-359
-331
-192
-128
-162
-186
-161
-113
-59
5
64
91
98
145
264
415
496
482
476
499
451
346
325
396
438
475
462
-137
-1594
-2623
-1436
1188
1865
-1093
-4749
-4768
-994
2255
1574
-1725
-3771
-2689
-92
1422
1110
135
-284
16
591
1241
1876
2227
2352
2584
2616
1895
1243
2288
4608
5401
3337
581
-563
-349
724
2940
4484
1960
-3933
-7106
-3819
1782
3157
-565
-5015
-6333
-4364
-1783
-937
-1534
-1811
-1481
-1819
-2705
-2272
-233
1516
2128
2302
1765
38
-962
1049
4658
5962
3683
407
-988
121
2366
3555
2582
606
-668
-1089
-1271
-1164
-634
-343
-820
-1669
-2559
-3532
-3814
-2495
-534
42
-1271
-3022
-3564
-2360
-185
1373
1243
92
-533
-170
639
1638
2633
2982
2388
1503
1093
1236
1743
2436
2817
2310
1088
-25
-393
91
890
1033
85
-1223
-2043
-2476
-2739
-2381
-1405
-1040
-2230
-4055
-4775
-3852
-2186
-1066
-1201
-2235
-3065
-2863
-1686
-174
860
806
-78
-606
15
1163
1889
2163
2288
2105
1590
1351
1908
3023
3979
4022
3038
2091
2369
3554
4426
4743
4839
4288
2819
1480
737
-147
-104
2637
5205
1931
-6044
-9667
-4346
3005
3685
-1923
-7369
-8488
-5602
-1657
64
-1184
-2966
-3230
-2740
-2417
-1356
503
1542
1732
2315
2242
77
-1479
1169
5900
7026
3365
-717
-1627
368
3131
4342
2756
-197
-1867
-1734
-1244
-1060
-782
-716
-1538
-2703
-3434
-3936
-3983
-2638
-583
-107
-1876
-3902
-4045
-2124
456
1964
1427
-290
-1097
-128
1495
2621
3180
3151
2374
1432
1265
1893
2582
2926
2874
2104
413
-1344
-1759
-560
759
434
-1740
-4138
-4948
-4021
-2732
-2270
-2812
-3879
-4811
-4949
-4010
-2552
-1495
-1277
-1669
-2088
-1920
-953
481
1798
2380
1940
1040
860
2100
3951
4950
4756
4109
3622
3534
4278
5888
7221
6988
5647
4979
4863
3458
1061
-7
1650
4511
4586
-242
-6800
-8924
-4194
2106
2418
-3702
-9509
-10121
-6721
-2998
-1499
-2443
-4461
-5581
-4550
-2529
-1302
-403
1081
2395
2571
1539
158
272
3056
6856
7886
4527
172
-638
2120
4925
5388
3490
561
-1568
-1872
-943
-310
-771
-1618
-2375
-3474
-4601
-5042
-4648
-3442
-2037
-1831
-3407
-5238
-5093
-2727
-95
1002
449
-739
-1267
-327
1620
3237
3669
3220
2529
2081
2150
2335
2250
2349
2716
2256
285
-1933
-2242
-591
550
-592
-3231
-5188
-5209
-3937
-2775
-2678
-3545
-4495
-4741
-4119
-2851
-1457
-816
-1037
-1184
-766
-20
970
2297
3515
3861
3294
2785
3456
5217
6734
7031
6539
6254
6605
7374
7970
8268
8278
6963
4122
1338
-5
1312
4756
5979
1170
-7006
-10580
-5658
1317
1526
-4657
-10105
-10761
-7944
-4939
-3794
-4318
-5253
-5291
-4348
-3581
-2998
-1445
830
2627
3484
2730
514
-265
2867
7794
9361
5686
1217
615
3133
5504
5898
4119
1390
-447
-844
-690
-967
-1460
-1562
-1918
-3140
-4613
-5658
-5745
-4419
-2440
-1850
-3638
-6005
-6180
-3696
-735
632
134
-1074
-1562
-657
1135
2656
3410
3168
1713
505
929
2193
2828
2246
1195
578
-42
-1162
-1853
-1436
-733
-1007
-2704
-4625
-5094
-4006
-2674
-2287
-2865
-3545
-3780
-3368
-2148
-610
293
313
125
395
1202
2234
3389
4549
5170
5061
4696
5026
6480
8044
8497
8145
8056
8432
9098
8999
6753
3299
409
148
4248
8558
5565
-4977
-13107
-9536
1370
5611
-1941
-11772
-14420
-10206
-4822
-3012
-4774
-7108
-7718
-6191
-4341
-3517
-2756
-1019
1055
2631
3004
969
-1362
610
6747
10926
8097
1607
-949
2049
6133
7479
5655
2162
-585
-1026
-220
68
-659
-1438
-1785
-2734
-4253
-5495
-6106
-5366
-3220
-1644
-2933
-6169
-7713
-5490
-1466
697
83
-1617
-2597
-1700
590
2612
3445
3189
2285
1609
586
-2100
-2275
3151
7832
4938
-4338
-10553
-5871
4032
7125
635
-7853
-10267
-5633
-171
858
-1293
-3655
-4688
-4050
-2704
-898
652
890
1205
1966
1345
-182
545
4696
8731
8303
4022
1312
3676
8772
11835
10706
7807
6799
8329
10019
8905
4966
655
-968
3053
9533
8950
-2679
-14900
-13133
762
9007
1356
-12508
-17802
-12282
-4280
-1422
-4167
-8026
-9379
-7538
-4611
-3263
-2838
-1628
66
1835
2959
1541
-1529
-973
5408
11470
9932
2403
-2177
579
6208
8916
7107
2827
-628
-1311
8
992
322
-966
-1722
-2585
-3999
-5300
-5940
-5472
-3543
-1519
-2164
-5717
-8440
-6816
-2072
1257
923
-1484
-3196
-2498
118
2405
2564
1200
356
902
1500
721
-311
238
1922
2297
44
-2981
-3799
-1702
659
395
-2499
-5340
-5508
-3356
-1310
-1015
-2236
-3461
-3462
-2266
-694
331
610
751
1091
1469
1805
2635
4298
5803
6106
5406
5035
5996
7856
9635
10490
10201
9462
9181
8958
7382
4261
836
985
6640
10707
4768
-8493
-15284
-7176
5478
6433
-4961
-15320
-15976
-9881
-4099
-2829
-5273
-8491
-9718
-7867
-5184
-3575
-2424
-1169
392
2110
2178
-679
-2634
1287
8792
11861
6628
-656
-1814
2888
7715
8694
5809
1569
-1013
-837
574
1217
548
-491
-1419
-2805
-4279
-5174
-5316
-4136
-1954
-1027
-3276
-6935
-7932
-4704
-213
1512
113
-2168
-3124
-1759
426
1614
1836
1911
1878
695
-1481
-2008
684
3738
3387
-383
-4142
-4456
-1450
1317
1146
-1701
-4851
-5778
-4231
-1861
-543
-977
-2275
-2956
-2413
-1329
-72
1239
2348
2835
1991
844
1359
4133
7481
8392
6553
4649
5325
8157
10805
11701
10837
9667
7859
5317
3058
1329
3129
8423
10363
3071
-9486
-14308
-5661
5601
5474
-5093
-14050
-15063
-10415
-5477
-3506
-4340
-6987
-8953
-8388
-6527
-4553
-2303
-5
1655
2301
966
-2194
-2938
2119
9580
11711
5904
-1104
-1928
2742
7292
8273
5687
1559
-1240
-1616
-452
506
248
-461
-1426
-3232
-5168
-6246
-5877
-3866
-1342
-904
-3909
-7775
-8145
-4064
495
1803
161
-2042
-2816
-1570
1167
3288
2015
-717
-429
2057
2765
244
-2504
-1228
2605
3354
-586
-5001
-5231
-1360
1839
470
-3550
-6006
-5330
-2889
-936
-247
-946
-2556
-3185
-1701
528
1669
2078
2641
3039
2650
2117
3393
6480
8836
8476
6297
5339
7135
10326
12086
11913
11162
8897
4748
1317
945
4551
9499
9620
1901
-9126
-13738
-6526
4280
5269
-4334
-13602
-15401
-11310
-6370
-4021
-4241
-6365
-8666
-8635
-6921
-5048
-2642
341
2432
2567
694
-2116
-2359
2304
9210
11926
7108
21
-1811
2349
7261
8706
6435
2463
-658
-1730
-988
238
664
274
-997
-3409
-5998
-7069
-6023
-3540
-1363
-1420
-4265
-7916
-8589
-4925
36
2169
733
-1839
-3194
-2128
861
3739
3328
201
-744
1276
2623
1044
-1517
-995
2235
3097
-411
-4605
-5291
-1986
1458
682
-3408
-6487
-6177
-3518
-1031
-166
-997
-2887
-3805
-2153
580
2093
2278
2297
2666
2774
2611
3559
6246
8732
8781
6940
5692
6917
9818
11979
12370
12085
11628
8988
3977
-504
-274
6781
13975
11055
-3208
-16764
-15305
-641
9712
4191
-9866
-18340
-16493
-9409
-4126
-3279
-5483
-8617
-10084
-8914
-6892
-4864
-2276
901
3351
3030
-872
-5038
-3195
5452
13443
12584
3622
-3579
-2253
4632
10061
9966
5327
223
-2112
-1584
133
1135
882
94
-1593
-4288
-6653
-7478
-5997
-2676
-264
-1603
-6217
-10171
-9078
-3315
1867
2558
-727
-4219
-4576
-1366
2826
5190
3879
-696
-2995
-691
2732
3735
1190
-1480
-1115
145
-871
-3081
-3553
-1698
67
-1612
-5483
-6995
-5102
-2112
-688
-1434
-2932
-4220
-4081
-1467
1846
3005
1792
478
905
2828
4501
5558
6817
7682
7675
7085
6662
8046
10776
12767
13278
13070
12341
8744
2023
-3486
-136
12541
19779
9073
-12822
-23631
-11204
8778
13141
-1070
-16923
-20940
-14639
-6408
-2453
-3298
-6972
-10559
-10969
-8646
-6086
-4055
-1758
1648
4421
2702
-3763
-7426
-1214
10610
16371
10125
-1007
-5327
-123
7981
11835
9351
3434
-1145
-2124
-660
1093
1657
1197
32
-2097
-4808
-7286
-7893
-5111
-684
796
-3155
-9074
-11000
-6940
-738
2415
1302
-2106
-4707
-4056
-368
3798
5846
4782
372
-3962
-2898
2635
6956
5203
-1019
-4778
-3412
-658
125
-447
-1262
-2487
-4574
-6761
-6383
-3368
-842
-902
-3001
-4933
-5172
-3635
-685
2559
3679
1635
-925
-762
2723
6840
8299
7340
6254
6228
7086
8272
10054
12017
12751
12056
11573
12611
12097
6512
-2201
-4476
7040
20350
15681
-7922
-26213
-17492
6477
16156
2177
-17210
-23129
-16075
-6651
-2227
-3454
-7594
-11544
-11898
-8599
-5111
-3583
-3190
-959
3336
4666
-790
-7122
-3999
8105
16771
12501
672
-5562
-1211
7541
12117
9753
3662
-1094
-1982
-361
1465
1874
754
-840
-2468
-4013
-5770
-7286
-6225
-2392
277
-1987
-7594
-10677
-7884
-1815
2301
1766
-1676
-4476
-3956
-385
3618
5645
4830
2175
-1400
-3237
-167
5446
7777
3600
-3634
-6812
-3811
848
2590
476
-3614
-6789
-7638
-6208
-3341
-1156
-1512
-3892
-6091
-6048
-3780
-1223
759
2039
1785
-118
-1530
256
4783
8504
8628
6016
4151
5036
7915
10566
11474
10958
9816
9277
10099
12515
15390
14128
5742
-5605
-7495
6678
21601
16049
-9095
-27087
-17455
5965
14276
264
-17536
-22041
-14545
-6023
-3394
-5745
-9155
-10871
-9592
-6532
-4803
-5042
-4901
-1181
4939
6377
-404
-7537
-4244
7951
16205
11951
1106
-4181
-90
7256
10580
8164
3353
239
-363
42
428
210
-514
-1123
-1621
-2849
-5521
-8332
-7803
-3189
688
-1157
-7239
-10921
-8007
-1739
1943
969
-2170
-3731
-2552
189
2771
4190
4047
2653
73
-2710
-1309
4086
7206
3951
-3747
-8131
-4740
1433
3508
-41
-5844
-8937
-7326
-3776
-1491
-1532
-3527
-5525
-5668
-3928
-1501
-248
-36
770
1647
1160
181
1281
4941
8291
8325
5707
4094
5385
8528
10973
11152
10221
9198
8902
9943
11907
14591
14912
8834
-2730
-9691
-322
17799
21673
844
-24417
-24867
-2366
14267
7066
-12127
-22067
-17940
-8885
-3988
-4594
-7650
-10197
-9976
-7197
-4675
-4641
-5695
-3331
3489
8192
3714
-5875
-7548
3127
15289
16064
5861
-3278
-2930
4432
10628
10672
5967
1181
-722
-419
485
690
55
-656
-1149
-2043
-4620
-8048
-8672
-4698
248
312
-5083
-10255
-9831
-4250
973
1990
-467
-3273
-3615
-1509
1485
3774
4273
2672
-28
-1538
-311
2699
4225
2417
-1053
-3487
-3530
-1909
-361
-504
-2746
-5541
-6584
-5225
-3270
-2684
-3458
-4228
-4126
-3404
-2509
-1683
-632
561
1136
1119
1032
1817
3650
5399
6290
6126
5703
5786
6725
8268
9535
9838
8985
8197
8238
9454
11308
12854
13822
11759
3858
-7530
-9950
5213
22947
18503
-9849
-31613
-21361
5830
16440
1855
-17384
-22562
-15529
-7443
-4093
-4557
-6628
-8829
-9296
-7627
-5505
-4470
-3830
-213
5908
7453
142
-8195
-5346
8054
17879
13920
1866
-5024
-1358
7052
11486
9230
3965
305
-635
-542
-186
281
472
5
-1372
-3526
-6445
-8344
-6732
-2178
933
-1429
-7258
-10679
-8131
-2013
2206
1852
-1460
-4087
-3777
-898
2537
4430
3928
1767
-716
-2292
-1649
1199
4042
3711
-796
-5954
-6968
-3224
1199
1529
-2690
-7069
-7753
-5154
-2377
-1473
-2008
-2859
-3352
-3120
-2139
-934
186
1626
2852
2568
995
255
2426
6323
8411
7062
4085
2970
5235
8890
10641
9456
7218
6422
7559
9283
10696
12030
13081
11481
4815
-5512
-9691
1847
19217
19841
-3345
-27568
-24795
32
15768
6502
-13132
-22278
-17367
-8427
-3723
-3693
-5776
-8138
-9001
-7865
-6024
-4597
-3382
-257
4961
7020
1447
-6415
-5719
5374
15849
14704
4344
-3602
-2333
4939
10389
9793
5156
1042
-609
-733
-313
67
202
-56
-887
-2443
-5236
-8048
-7875
-3857
352
-150
-5291
-9884
-9216
-4031
842
1976
-534
-3531
-4153
-2043
1312
3681
3732
1903
-329
-2567
-2731
811
4341
4215
-391
-5850
-6193
-1796
1884
1444
-2276
-5595
-5619
-3636
-2267
-1574
-1290
-1665
-2277
-2634
-2016
-583
491
1484
2505
2343
983
369
2019
5182
7062
5732
3257
2790
4967
7971
8882
7435
6160
6079
6720
7754
9196
10495
11008
10978
9830
5910
-2350
-8722
-1706
14808
20501
2669
-23192
-27457
-5737
14804
11487
-8112
-21759
-19961
-10128
-3082
-1823
-3989
-7538
-9912
-9244
-6177
-3119
-1861
-733
2629
5707
3009
-3986
-5873
2243
13202
15297
6689
-2657
-3736
2686
9185
10083
6153
1692
-809
-1579
-1102
76
814
380
-1241
-3216
-5179
-7081
-7278
-4605
-1153
-724
-4391
-8872
-9649
-5755
-721
1392
-471
-3600
-4615
-2913
10
2296
2865
1670
-710
-2458
-1748
1150
3435
2524
-527
-2690
-2343
-761
6
-225
-651
-1349
-2746
-4026
-3713
-1658
206
-9
-1843
-3157
-2692
-962
856
1753
1633
729
-257
-10
1751
3938
5073
4613
3448
2922
3690
5398
7069
7756
7050
5831
5455
6317
8089
9686
9910
9591
9971
9845
6496
-1898
-8834
-2437
14260
20774
3509
-22552
-27426
-5767
15020
11805
-7838
-21651
-19813
-9697
-2403
-1306
-3998
-7731
-9660
-8310
-5086
-2617
-2142
-1382
2546
6664
4443
-3115
-6264
1056
12569
16069
8328
-1558
-4020
1704
8745
10469
6674
1795
-1005
-1600
-953
-80
309
-133
-1260
-2555
-4537
-7159
-8033
-5434
-1469
-499
-3998
-8836
-10182
-6386
-1053
1290
-603
-3863
-4819
-2865
42
2020
2814
2307
1104
-120
-1947
-1797
2073
5657
4790
-1041
-6351
-5015
924
4690
2681
-2866
-6651
-5710
-2125
218
333
-1177
-3128
-3921
-3452
-1858
42
937
1268
932
-548
-1769
-792
2714
6208
6432
3197
63
1026
5293
8564
8339
5902
4477
4906
5904
7112
8482
9510
9568
9243
9404
8885
6122
-151
-6174
-2335
11155
18351
4862
-19568
-26670
-7363
13773
11979
-7331
-21292
-19204
-9196
-2533
-1546
-3542
-6792
-9379
-9153
-5977
-1851
92
-188
1074
4187
3838
-1396
-4430
1293
11575
14906
7615
-1825
-3914
1946
8777
10291
6208
968
-1986
-2450
-1161
645
1357
46
-2691
-4933
-6006
-6632
-6353
-4400
-2077
-2165
-5332
-8859
-9046
-5077
-482
1034
-925
-3703
-4157
-1883
1331
3637
4057
2880
1056
-474
-650
1224
4031
5177
3068
-1049
-3938
-3379
-213
2747
2602
-1187
-5634
-7043
-4677
-1114
513
-828
-3673
-5616
-5190
-2842
-261
1143
817
-609
-1858
-1814
53
2781
4716
4955
3623
1941
1507
3384
6477
8300
7607
5210
3692
4571
6998
8888
8746
7668
7389
8730
10556
10070
5891
-2212
-8601
-2748
13109
20325
4163
-22351
-28150
-5875
16761
13772
-8075
-23367
-20050
-7257
779
170
-4515
-8422
-9056
-6899
-3870
-1504
-1024
-932
1760
5506
4459
-1985
-5521
627
11592
15310
7777
-2479
-5182
1142
8831
10357
5603
-66
-2634
-2238
-837
116
-7
-1232
-2790
-3824
-4948
-6694
-7358
-5198
-1777
-923
-4043
-8330
-9332
-5400
181
2840
885
-3052
-4544
-2118
2293
5585
5552
2905
251
-133
2037
3438
2373
1673
2251
2432
-106
-4417
-4939
-340
3670
1651
-5013
-9610
-7811
-2341
866
-240
-3504
-6033
-6039
-3824
-770
1361
1064
-599
-1610
-1309
-14
1842
3991
5542
5129
2444
290
1427
5415
8783
8242
4848
2284
2780
5497
8024
8802
7897
6535
6243
7654
9463
9288
6528
1035
-5021
-3733
6994
15608
7513
-13407
-22979
-8973
10434
11353
-5194
-18800
-17264
-7175
-868
-1856
-5722
-8170
-7836
-5846
-3812
-2258
-1964
-2045
208
4137
4572
-261
-4151
-504
8273
12426
7484
-576
-3366
963
6768
8029
4454
282
-1611
-1548
-837
-532
-1026
-2020
-2814
-2945
-3506
-5557
-7327
-6395
-3142
-933
-2280
-5914
-7970
-5778
-1238
1636
1046
-1356
-2464
-1167
1249
3218
4001
3436
2197
1591
2237
3600
4193
2349
-720
-1852
-216
1887
859
-3104
-5727
-4596
-2035
-1629
-3794
-5856
-5460
-3790
-3101
-3305
-3374
-2789
-2021
-1673
-1233
-425
98
300
895
1970
2534
2333
1991
2348
3462
4133
4053
3922
4293
4627
4155
3663
4489
6371
6964
5544
4381
5269
7479
8783
9075
9516
8856
6415
1780
-3862
-3955
5091
15242
11729
-7501
-22590
-15428
4895
13540
2390
-13858
-19236
-12713
-4138
-390
-1505
-5035
-7884
-8122
-5718
-2156
-93
-299
45
2793
4355
1232
-3068
-1749
5946
11947
9550
1512
-3965
-1841
4717
8594
6390
1151
-2349
-2825
-1534
-299
-283
-1393
-3011
-3984
-4238
-5055
-6128
-5678
-3452
-1623
-2362
-5360
-7415
-5764
-1664
1295
845
-1530
-2572
-1268
1073
2938
3767
3567
2664
1693
1463
2423
3740
4061
2008
-1647
-3246
-1486
1309
1458
-2239
-6009
-6384
-3941
-1914
-2667
-4868
-5808
-4809
-3558
-3198
-3151
-2868
-2095
-1330
-1024
-979
-1098
-554
901
2210
2546
1734
952
1705
3722
5029
4521
3213
2815
3996
5222
5379
4985
4722
5194
5684
5617
5544
5927
7006
7978
8577
8515
6844
4084
87
-3672
-2116
6051
12647
6142
-11174
-20491
-9906
7658
10943
-1897
-14906
-15873
-8025
-1632
-494
-2462
-4797
-5972
-5803
-4102
-1608
-88
82
794
2869
3355
386
-2633
-605
5906
9901
6903
225
-3273
-827
4054
6193
3972
453
-1621
-2260
-2069
-1686
-1318
-1349
-2187
-3269
-4371
-5456
-5780
-4509
-2307
-1311
-2489
-4824
-6008
-4495
-1381
944
921
-573
-1458
-853
843
2656
3827
3702
2459
1428
1571
2660
3515
3451
1937
-1299
-3690
-2321
1393
2662
-1282
-6834
-7942
-4192
-734
-1398
-4863
-6872
-5412
-3039
-2498
-3160
-3273
-2390
-1509
-1298
-1106
-540
135
1077
2135
2432
1798
1227
1953
3809
4944
4179
2636
2371
3665
4918
4861
3818
3396
4206
5111
5140
4352
3987
5122
7022
7976
7588
6686
5665
4847
2618
-1663
-2467
4220
12158
9134
-6423
-17686
-10196
6634
11889
765
-12588
-15029
-7908
-1311
-239
-2432
-5055
-6378
-5997
-4445
-2218
-801
-816
-231
2053
2939
128
-3053
-1447
5096
9857
7344
518
-3506
-1242
4409
7311
4906
598
-1831
-1991
-1065
-355
-376
-1051
-2352
-3377
-3850
-4417
-4818
-4244
-2788
-1913
-2564
-4350
-5555
-4530
-1873
507
966
-359
-1639
-1390
477
2734
3833
3240
1924
1246
1641
2785
3747
3611
1851
-1235
-2983
-1299
1987
2814
-876
-5829
-7084
-4134
-881
-731
-3356
-5729
-5795
-4446
-3176
-2448
-2171
-1971
-1934
-2039
-1842
-1332
-338
1281
2614
2328
608
-445
752
3412
4930
3958
1894
944
2067
3768
4203
3493
2918
3163
3677
4017
4171
4463
5151
5920
6492
6662
7079
8064
8041
6513
3625
-623
-2499
2426
10837
11384
-1724
-16014
-13789
2101
11244
3587
-10458
-16009
-10549
-3121
-717
-2527
-5273
-6623
-6165
-4755
-2653
-809
-519
-384
1493
3294
2024
-1313
-1772
2911
8211
8194
2941
-2014
-2081
2122
5568
4809
1552
-1156
-2482
-2627
-2059
-1271
-1119
-2411
-4055
-4810
-5012
-5132
-4732
-3785
-2838
-2709
-3943
-5316
-4881
-2500
-110
634
-216
-972
-520
779
2230
3296
3721
3270
2395
1960
2607
4156
4995
3820
1433
-1168
-2555
-1064
1973
3201
-333
-6622
-9079
-5262
-59
603
-3698
-7924
-7752
-4445
-1909
-1758
-2770
-3165
-2381
-1510
-1338
-1356
-866
873
2850
2900
883
-934
-114
3040
5465
4861
2251
540
1393
3562
4682
4094
3196
3228
3785
4166
4195
4299
4798
5207
5833
7185
8296
7923
5936
4258
4784
4727
1237
-1400
2521
9212
7124
-5682
-14563
-7623
6102
8944
-1754
-12753
-13086
-5765
-219
-145
-2901
-5324
-6087
-5263
-3142
-581
264
-909
-1344
636
2406
1006
-1838
-1505
2866
6382
4783
-261
-3298
-1547
2535
4334
2412
-645
-2538
-2994
-2556
-1796
-1352
-1827
-3142
-4125
-4333
-4391
-4403
-3911
-2837
-1982
-2251
-3556
-4246
-3034
-559
1179
969
23
-121
777
2084
3077
3489
3494
3253
2952
2800
2876
3150
3304
2957
1966
-40
-2752
-3437
-716
2138
546
-5428
-9500
-7034
-1438
574
-2901
-7518
-8134
-4700
-1447
-1040
-2336
-3169
-2800
-1944
-1344
-762
-112
563
1404
1817
1203
84
-27
1808
4320
4846
2509
-242
-138
2927
5519
4992
2597
1410
2484
4241
5089
4995
4663
4800
5512
6332
7073
7959
8647
7810
5563
4323
4181
2514
559
2943
8222
7206
-3382
-12113
-7581
4008
7347
-1053
-10608
-11790
-6390
-2237
-2402
-4275
-5435
-5808
-6028
-5369
-3060
-1040
-1291
-2081
-1017
646
179
-1803
-1648
1898
5225
4457
368
-2605
-1295
2467
4189
2410
-436
-1932
-1903
-1345
-965
-1026
-1736
-2707
-3124
-3208
-3570
-3861
-3500
-2562
-1768
-1938
-3013
-3741
-2875
-676
1132
1271
280
-321
306
1890
3461
3948
3233
2393
2461
3183
3607
3329
2694
2185
1575
151
-1756
-2464
-1060
581
-705
-4810
-7820
-6879
-3530
-1834
-3592
-6534
-7560
-6058
-3666
-2321
-2442
-3092
-3519
-3256
-1965
-328
467
397
353
866
1529
1680
1630
2227
3379
4001
3387
2232
2043
3248
4575
4670
3698
2979
3220
4022
4796
5169
5061
4948
5222
5576
5915
6670
8053
9091
7932
5136
3638
3360
1775
447
3394
8300
6323
-4869
-13376
-7976
4419
7883
-1258
-11852
-13322
-7259
-2173
-1923
-4177
-5974
-6556
-6452
-5481
-3156
-1120
-1075
-1545
-704
541
187
-1357
-1023
2377
5424
4519
574
-2299
-1170
2379
4124
2555
-182
-1939
-2293
-1815
-1177
-879
-1360
-2454
-3312
-3470
-3378
-3328
-2951
-2120
-1301
-1265
-2207
-2952
-2055
139
1839
1929
978
498
1120
2265
3267
3664
3313
2745
2344
2227
2515
2773
2477
1641
760
344
-305
-2442
-4420
-3375
-507
-59
-4115
-9149
-9443
-4739
-663
-1402
-5598
-8515
-7042
-3164
-766
-896
-2143
-2856
-2295
-1021
297
1333
1676
1664
1872
2121
2071
1942
2361
3536
4435
3657
1721
828
2221
4392
4769
3082
1521
1891
3493
4334
3942
3620
4219
5121
5171
4613
5065
7088
9119
8875
6074
3546
3672
4320
2593
803
3082
6906
4313
-5334
-11149
-5629
3715
4746
-3331
-10814
-11048
-6793
-3674
-3210
-3890
-4893
-6184
-6926
-5768
-2948
-794
-730
-1279
-790
-187
-857
-1694
-387
2897
4741
2864
-702
-2217
-348
2525
3345
1890
85
-894
-1272
-1319
-899
-219
-169
-1045
-2098
-2700
-2825
-2554
-1775
-672
-188
-1060
-2592
-3055
-1485
843
1779
892
-248
-96
1097
2123
2538
2566
2330
1887
1392
1300
1865
2394
2113
1096
107
-225
-792
-2487
-3639
-2528
-549
-1042
-5029
-8653
-7732
-3422
-580
-2070
-5947
-7724
-5719
-2433
-639
-872
-1840
-2251
-2091
-1347
67
1344
1871
1836
1518
1137
879
1232
2680
4246
4173
2350
544
620
2552
4231
4111
2825
1760
1702
2505
3598
4427
4556
4078
3640
3865
4683
5624
6386
7227
8188
7946
5604
3320
3958
5830
4273
-69
-564
4143
5626
-1625
-9854
-8486
153
4037
-1917
-10155
-12047
-7993
-4011
-3401
-4775
-6055
-6935
-7271
-5851
-2708
-521
-1192
-2862
-2479
-213
969
-4
-699
1058
3762
4127
1625
-689
25
2739
4223
3283
1320
-67
-525
-348
251
761
435
-716
-1924
-2526
-2333
-1733
-1312
-1172
-1256
-1647
-2173
-2375
-1658
-222
714
508
-122
-157
550
1371
1818
1988
2155
2259
1964
1382
1222
1829
2479
2174
1036
161
-349
-1600
-3110
-2975
-1048
2
-2486
-6827
-8338
-5374
-1317
-514
-3497
-6613
-6622
-4126
-1539
-333
-618
-1626
-2439
-2203
-595
1260
2072
1979
1723
1663
1579
1507
2124
3528
4400
3586
1860
1040
1965
3533
4138
3495
2412
1777
1948
2664
3341
3633
3651
3622
3620
3577
3668
4402
5966
7693
8184
6337
3290
2019
3678
5370
3634
64
-525
2113
2388
-2430
-7154
-5907
-856
622
-3786
-8990
-9967
-7178
-4335
-3602
-4477
-5823
-6830
-6541
-4442
-1674
-402
-1229
-2309
-1604
353
1435
1059
783
1950
3582
3713
2015
493
1049
3032
4137
3046
807
-601
-458
408
870
353
-867
-1957
-2328
-2012
-1556
-1465
-1713
-1926
-1938
-1810
-1679
-1616
-1433
-996
-390
72
150
19
168
820
1560
1888
1844
1639
1340
1200
1484
1978
1917
1011
162
89
-128
-1362
-2553
-2277
-951
-951
-3297
-5665
-5497
-3237
-1611
-2332
-4181
-4790
-3702
-2288
-1570
-1455
-1318
-1008
-796
-575
-113
521
1228
1773
1892
1624
1270
1386
2191
3146
3278
2283
1097
1038
2143
3018
2707
1689
1126
1475
2137
2397
2198
2042
2358
2924
3249
3249
3194
3454
4312
5720
6998
7065
5472
3473
3297
5031
5454
2142
-1729
-635
4272
4913
-2163
-9271
-7715
-256
2867
-2111
-8839
-10479
-7385
-4151
-3313
-4080
-5180
-6105
-6190
-4619
-1940
-345
-991
-1975
-996
1136
1809
649
174
2048
4465
4567
2317
446
1011
3099
4179
3310
1659
478
2
-62
97
188
-254
-1306
-2327
-2675
-2474
-2340
-2553
-2681
-2325
-1944
-2277
-3047
-3087
-1916
-454
122
-237
-533
-95
791
1573
1994
2089
2058
1934
1783
1868
2185
2422
2316
1882
1316
573
-640
-1785
-1735
-670
-240
-1798
-4503
-5829
-4556
-2223
-1310
-2707
-4832
-5359
-3811
-1729
-715
-1045
-1740
-1761
-1005
-21
589
740
947
1411
1705
1502
1081
1146
1964
2846
2808
1712
610
735
2020
2965
2400
970
192
631
1586
2128
1984
1589
1508
1909
2544
3007
3341
4055
5096
6001
6497
6138
4923
4103
4568
4940
3132
378
787
4367
5011
-583
-6810
-6378
-438
2800
-906
-6945
-9168
-7024
-4092
-3059
-3714
-4752
-5613
-5714
-4293
-2009
-699
-1094
-1733
-817
1107
1779
771
194
1677
4075
4731
2905
775
618
2161
3467
3305
1997
529
-483
-868
-730
-468
-584
-1266
-2266
-3088
-3325
-3056
-2738
-2574
-2450
-2416
-2635
-2935
-2808
-2004
-917
-187
-61
-291
-290
374
1442
2241
2430
2195
1935
1974
2410
2940
3034
2514
1892
1733
1970
1991
1107
-671
-2177
-2069
-697
-283
-2262
-5046
-5802
-4004
-2019
-2185
-4123
-5469
-4746
-2864
-1726
-2000
-2652
-2466
-1508
-650
-388
-458
-275
384
1088
1194
711
392
908
1970
2393
1487
150
-136
958
2190
2072
770
-186
30
975
1752
1761
1400
1483
2107
2783
3066
3201
3986
5283
6223
6788
7061
6442
5210
4969
6105
5918
2368
-802
1671
6903
6075
-2443
-9165
-5960
2394
4634
-1900
-9150
-10013
-5893
-2447
-2371
-4107
-5540
-6042
-5367
-3457
-1496
-978
-1685
-1769
-166
1531
1182
-455
-460
2154
4790
4328
1136
-1135
-134
2616
4005
2761
258
-1386
-1460
-735
-246
-611
-1694
-2783
-3296
-3165
-2849
-2827
-2951
-2737
-2306
-2189
-2497
-2662
-2046
-764
323
660
500
412
773
1598
2620
3350
3349
2712
2184
2352
3017
3451
3172
2414
1787
1566
1358
915
533
115
-1087
-2855
-3584
-2649
-1830
-3024
-5262
-5879
-4354
-2954
-3379
-4759
-5113
-3926
-2649
-2443
-2635
-2204
-1424
-1035
-960
-580
125
542
588
762
995
887
598
597
1052
1554
1435
651
12
165
863
1297
1014
449
281
598
1114
1586
1825
1925
2212
2763
3397
3987
4451
4917
5704
6935
8296
8712
7287
5240
4999
6409
6280
3245
805
2524
5413
3259
-3411
-7022
-3665
1408
1104
-4326
-8739
-8582
-5942
-4067
-3822
-4524
-5509
-6234
-5763
-3692
-1488
-949
-1627
-1576
-165
1110
864
5
533
2481
3827
3167
1263
189
943
2443
3111
2341
599
-908
-1254
-683
-206
-581
-1631
-2504
-2753
-2666
-2564
-2595
-2691
-2544
-2186
-2013
-2204
-2433
-2125
-1076
175
823
703
427
747
1737
2748
3180
3041
2720
2546
2671
3040
3265
2919
2137
1566
1575
1669
1123
137
-533
-1117
-2445
-3900
-3912
-2619
-2267
-4267
-6663
-6593
-4340
-2762
-3373
-4855
-5101
-3857
-2630
-2149
-1767
-1175
-832
-874
-740
51
957
1211
1059
1067
1092
811
498
724
1504
1899
1118
-156
-530
323
1346
1460
732
78
98
641
1314
1730
1779
1872
2399
3165
3751
4043
4359
5099
6219
7313
8104
8210
7311
6175
6129
7002
6553
3585
866
1924
4956
4323
-1241
-6149
-5331
-956
694
-2542
-6911
-8493
-7222
-5356
-4466
-4626
-5354
-6143
-6117
-4689
-2745
-1745
-1831
-1805
-772
521
750
105
147
1636
3366
3515
1960
549
781
2114
2976
2563
1284
29
-666
-783
-640
-721
-1218
-1854
-2323
-2495
-2504
-2560
-2550
-2236
-1766
-1541
-1662
-1804
-1501
-687
249
955
1248
1219
1289
1773
2549
3262
3550
3248
2725
2544
2796
3033
2807
2206
1672
1367
1073
599
9
-472
-830
-1606
-3215
-4694
-4514
-3002
-2538
-4449
-6817
-6823
-4560
-2800
-3288
-4810
-5175
-3929
-2421
-1836
-1870
-1644
-1016
-499
-308
-167
77
375
805
1285
1291
594
-134
104
1291
2154
1658
300
-466
91
1236
1788
1525
1049
733
658
1038
1885
2625
2701
2380
2442
3103
3848
4304
4716
5362
5929
6113
6429
7248
7534
6318
4920
5313
6299
4657
864
-447
2312
4271
1093
-4360
-6083
-3302
-880
-2274
-5634
-7446
-7052
-6160
-5869
-5766
-5427
-5279
-5492
-5215
-3910
-2488
-2027
-2055
-1256
381
1328
797
69
791
2622
3702
3145
1978
1566
2018
2562
2584
2122
1455
771
236
-54
-185
-376
-790
-1319
-1624
-1599
-1563
-1762
-1957
-1847
-1485
-1170
-1101
-1169
-1061
-579
173
891
1236
1233
1270
1593
2121
2626
2777
2498
2140
1988
1987
1993
1888
1619
1218
723
348
151
-202
-743
-1298
-2253
-3820
-4846
-4013
-2264
-2321
-5009
-7406
-6478
-3331
-1612
-2876
-5025
-5227
-3342
-1554
-1218
-1604
-1554
-988
-546
-380
-124
245
473
684
962
958
434
-100
258
1478
2247
1507
27
-495
455
1630
1718
993
598
858
1225
1313
1338
1708
2363
2800
2708
2442
2686
3679
4875
5482
5434
5415
6035
6968
7089
6019
5103
5568
6116
4343
977
-92
2350
4037
1020
-4102
-5640
-2982
-1048
-2907
-6107
-7191
-6285
-5653
-5943
-6023
-5417
-4917
-4983
-4835
-3784
-2450
-1842
-1701
-918
504
1251
763
263
1079
2731
3536
2804
1639
1428
2184
2823
2613
1836
1129
723
467
211
-140
-550
-866
-1018
-1120
-1316
-1585
-1725
-1538
-1109
-752
-735
-937
-884
-366
309
762
954
1120
1432
1771
1935
1999
2193
2473
2512
2137
1708
1639
1731
1566
1160
783
497
207
-133
-559
-1034
-1468
-1971
-2965
-4297
-4675
-3398
-2131
-3128
-5840
-7049
-5052
-2119
-1608
-3721
-5482
-4656
-2279
-915
-1274
-1894
-1687
-1094
-803
-647
-232
236
445
497
433
96
-229
111
1136
1902
1448
85
-645
194
1655
2121
1323
544
767
1471
1732
1604
1720
2257
2797
2800
2362
2245
2989
4206
4961
4831
4402
4550
5436
6500
6926
6133
4602
3871
4783
5706
4083
477
-1164
875
2778
443
-4255
-6040
-3811
-1844
-3307
-6269
-7454
-6619
-5677
-5641
-5840
-5630
-5371
-5229
-4500
-2983
-1752
-1714
-2051
-1171
831
1997
1428
605
1194
2869
3823
3206
2204
2250
3048
3331
2691
1902
1695
1748
1386
672
110
-160
-327
-560
-809
-941
-1077
-1353
-1535
-1374
-1058
-932
-1050
-1068
-760
-371
-114
124
494
903
1181
1290
1393
1632
1892
1927
1711
1567
1685
1778
1493
981
645
616
551
106
-652
-1331
-1598
-1734
-2604
-4227
-5031
-3954
-2488
-3076
-5609
-7156
-5784
-3182
-2290
-3603
-5057
-4762
-3025
-1586
-1291
-1426
-1225
-750
-316
62
518
950
1164
1326
1493
1329
880
782
1379
2153
2166
1161
215
409
1366
1866
1423
760
707
1056
1216
1292
1573
1894
1951
1752
1708
2242
3075
3531
3465
3379
3926
5061
5951
6137
5892
5336
4631
4525
5371
5870
4013
352
-1415
600
2815
943
-3699
-5989
-4202
-2192
-3381
-6140
-7114
-6075
-5190
-5534
-6118
-5816
-4917
-4191
-3559
-2699
-1912
-1605
-1413
-371
1444
2497
1951
1070
1519
3170
4324
3876
2757
2492
3180
3678
3230
2290
1772
1758
1594
1049
423
-53
-379
-577
-614
-602
-874
-1456
-1779
-1461
-879
-727
-1116
-1457
-1222
-555
55
336
403
558
910
1305
1572
1697
1750
1733
1600
1474
1472
1412
1149
867
710
492
-24
-681
-1025
-1074
-1334
-1923
-2595
-3489
-4689
-5274
-4264
-2538
-2539
-5036
-7278
-6277
-2911
-905
-2166
-4566
-4830
-2616
-413
37
-567
-772
-215
470
888
1144
1291
1376
1603
1881
1773
1205
762
1133
2097
2457
1503
151
-92
969
1973
1755
792
278
537
1111
1542
1697
1710
1699
1702
1881
2341
2854
3090
3076
3227
3802
4464
4848
5076
5206
4982
4384
3857
3942
4520
4332
2226
-761
-1868
-187
1342
-457
-4281
-5988
-4613
-3284
-4252
-6103
-6546
-5703
-5202
-5538
-5758
-5240
-4359
-3579
-2832
-1979
-1355
-1207
-906
342
2082
2945
2485
1881
2346
3600
4392
4195
3695
3625
3826
3697
3149
2648
2469
2315
1824
1054
325
-152
-395
-587
-869
-1248
-1672
-2038
-2214
-2168
-2008
-1866
-1794
-1738
-1614
-1357
-965
-525
-176
76
323
539
709
900
1084
1144
1035
838
691
656
620
465
139
-326
-739
-952
-1098
-1415
-1927
-2381
-2622
-3023
-3860
-4441
-3833
-2558
-2376
-3884
-5315
-4645
-2329
-776
-1266
-2587
-2785
-1494
16
709
778
818
929
978
1081
1388
1736
1873
1814
1652
1305
803
542
843
1418
1474
626
-446
-683
28
754
687
27
-414
-260
138
389
466
499
573
677
829
996
1046
1031
1332
2113
2841
2858
2309
2136
3051
4597
5353
4367
2421
1589
2935
4835
4446
1198
-1991
-1943
731
2055
-335
-4032
-5023
-3021
-1441
-2434
-4439
-5040
-4175
-3332
-3157
-3173
-3057
-2844
-2308
-1206
11
453
69
67
1384
3148
3685
2814
2085
2639
3798
4200
3614
2928
2799
2962
2796
2170
1519
1117
754
223
-396
-970
-1493
-1946
-2222
-2288
-2318
-2536
-2879
-3073
-2874
-2389
-2062
-2073
-2086
-1802
-1334
-886
-495
-126
190
413
623
911
1167
1276
1240
1138
1099
1128
1060
848
661
547
388
150
-38
-139
-303
-601
-900
-1263
-1921
-2586
-2563
-1782
-1229
-1857
-3213
-3730
-2635
-1008
-492
-1361
-2269
-1999
-858
42
209
-21
-183
-123
88
344
514
496
385
320
201
-107
-467
-554
-251
38
-263
-1058
-1565
-1262
-516
-173
-525
-1030
-1081
-666
-187
54
50
27
141
346
555
756
1000
1335
1727
2075
2286
2314
2314
2655
3472
4356
4740
4449
3799
3362
3565
4338
4911
4212
2144
189
10
1477
2474
1135
-1736
-3406
-2555
-902
-933
-2768
-4228
-3862
-2672
-2293
-2832
-3213
-2768
-1855
-1098
-638
-367
-224
54
814
1862
2512
2353
1823
1809
2461
3004
2813
2137
1693
1717
1693
1168
436
-32
-301
-694
-1301
-1908
-2317
-2570
-2756
-2900
-3025
-3092
-3058
-2958
-2826
-2573
-2190
-1775
-1421
-1137
-829
-374
248
858
1226
1358
1538
1916
2324
2504
2407
2238
2229
2380
2429
2176
1748
1416
1244
1123
912
511
-65
-572
-819
-1045
-1659
-2501
-2830
-2371
-1870
-2276
-3445
-4168
-3546
-2175
-1483
-2018
-2925
-3054
-2187
-1114
-637
-818
-1168
-1220
-932
-620
-510
-478
-432
-474
-686
-1033
-1278
-1156
-779
-585
-874
-1441
-1735
-1439
-860
-518
-599
-898
-987
-637
-91
321
515
607
738
931
1105
1341
1834
2485
2910
2788
2437
2691
3743
4709
4801
4307
4200
4955
5879
5897
4870
3815
3843
4862
5273
3749
1089
-479
231
1872
1843
-657
-3505
-4212
-2771
-1459
-2099
-3999
-5120
-4661
-3541
-2939
-3157
-3539
-3308
-2407
-1398
-856
-868
-897
-327
766
1650
1690
1031
661
1236
2216
2543
1912
1042
768
1080
1311
1037
399
-185
-457
-515
-618
-840
-1078
-1200
-1160
-1076
-1064
-1077
-1002
-793
-508
-261
-119
-21
146
464
893
1208
1281
1277
1423
1718
1911
1860
1749
1760
1782
1626
1370
1165
990
765
487
198
-136
-500
-808
-1092
-1449
-1784
-2025
-2415
-3183
-3892
-3815
-3084
-2752
-3504
-4649
-4895
-3854
-2566
-2264
-2957
-3542
-3158
-2119
-1284
-1009
-1027
-1023
-853
-516
-108
184
278
266
283
332
284
162
147
337
541
420
-38
-396
-278
197
572
539
188
-86
-5
340
688
867
930
971
971
968
1127
1513
1932
2137
2080
2028
2218
2592
3017
3423
3674
3686
3704
4077
4571
4441
3543
2835
3143
3976
4087
2792
673
-818
-652
684
1357
-20
-2679
-4322
-3660
-1845
-1066
-2156
-3850
-4400
-3561
-2423
-1922
-1972
-1932
-1497
-849
-281
75
343
795
1517
2191
2375
2033
1672
1877
2591
3103
2875
2098
1415
1248
1424
1483
1173
590
-1
-404
-646
-815
-926
-1053
-1292
-1567
-1757
-1788
-1673
-1509
-1375
-1315
-1249
-1052
-720
-450
-263
18
428
778
894
869
970
1296
1616
1686
1490
1200
996
928
930
860
560
18
-494
-754
-817
-913
-1214
-1665
-2085
-2414
-2777
-3109
-3115
-2683
-2322
-2671
-3468
-3689
-2870
-1766
-1415
-1874
-2277
-1969
-1220
-659
-466
-409
-348
-358
-424
-344
-83
116
81
-134
-383
-579
-661
-589
-439
-385
-585
-953
-1139
-950
-605
-442
-488
-484
-317
-151
-77
52
370
771
1030
1055
1031
1152
1402
1718
2093
2419
2480
2331
2384
2897
3518
3695
3407
3188
3531
4298
4685
4100
3144
2912
3491
3780
3138
2296
1965
1606
541
-495
-291
733
648
-1300
-3241
-3065
-1325
-459
-1521
-2983
-3116
-2164
-1428
-1354
-1403
-1167
-840
-646
-414
10
374
453
487
867
1382
1373
809
549
1070
1733
1685
963
390
466
835
893
519
59
-217
-373
-556
-678
-655
-675
-835
-982
-1037
-1040
-991
-808
-512
-339
-414
-510
-344
70
487
607
415
289
465
777
918
774
533
401
341
227
58
-140
-338
-530
-750
-933
-1035
-1190
-1433
-1595
-1616
-1745
-2258
-2917
-3015
-2352
-1786
-2153
-3116
-3516
-2817
-1811
-1527
-1975
-2358
-2156
-1574
-1143
-1070
-1135
-1072
-864
-659
-598
-715
-838
-754
-447
-210
-385
-868
-1133
-868
-362
-145
-425
-840
-917
-583
-131
137
162
108
158
343
618
854
970
1033
1135
1285
1406
1405
1309
1357
1675
2066
2129
1778
1544
1983
2840
3187
2678
2196
2783
4046
4387
3225
1982
2265
3702
4326
3248
1737
1272
1554
1338
501
152
590
520
-805
-2132
-1968
-796
-401
-1316
-2248
-2139
-1481
-1195
-1302
-1227
-752
-392
-465
-487
-9
602
769
591
711
1226
1488
1228
986
1154
1480
1518
1189
835
732
734
593
306
51
-77
-268
-637
-939
-1007
-1017
-1123
-1266
-1329
-1311
-1347
-1416
-1326
-1078
-886
-906
-1020
-913
-566
-312
-302
-323
-213
-45
42
67
118
171
160
101
37
9
25
-11
-144
-300
-424
-508
-562
-634
-730
-808
-852
-999
-1428
-1934
-1964
-1447
-1112
-1529
-2314
-2584
-2050
-1378
-1285
-1721
-2035
-1869
-1487
-1315
-1354
-1316
-1196
-1171
-1252
-1301
-1254
-1158
-1064
-997
-1018
-1180
-1364
-1335
-1054
-768
-782
-1093
-1271
-1003
-551
-315
-342
-383
-230
44
272
420
514
627
843
1095
1236
1261
1284
1412
1698
2020
2213
2285
2331
2454
2714
3095
3563
3917
3978
3985
4237
4486
4385
4151
4290
4692
4576
3802
3172
3099
2874
1917
857
743
1382
1357
10
-1625
-2156
-1467
-685
-803
-1652
-2446
-2670
-2302
-1634
-1122
-1037
-1284
-1442
-1141
-567
-154
-18
79
324
612
648
419
307
575
1011
1123
700
132
-102
-6
110
10
-315
-691
-958
-1101
-1188
-1282
-1347
-1297
-1231
-1305
-1433
-1418
-1192
-853
-592
-464
-389
-291
-106
194
527
780
897
856
786
864
1079
1263
1248
994
681
513
537
618
539
214
-190
-504
-706
-827
-915
-1053
-1261
-1563
-2050
-2667
-3026
-2696
-1974
-1896
-2896
-3986
-3943
-2832
-1944
-2147
-2917
-3242
-2904
-2437
-2214
-2081
-1829
-1667
-1817
-2038
-1933
-1486
-1024
-854
-994
-1199
-1263
-1104
-760
-399
-195
-253
-494
-568
-216
333
643
623
549
659
893
1089
1294
1586
1848
1905
1765
1696
1923
2362
2703
2775
2626
2489
2629
3043
3445
3568
3486
3507
3722
4003
4299
4493
4283
3662
3312
3738
4284
3874
2619
1777
1878
1893
850
-632
-1094
-298
237
-855
-2907
-3928
-3078
-1648
-1405
-2498
-3600
-3651
-2834
-1939
-1476
-1451
-1600
-1602
-1233
-584
-36
170
213
459
879
1041
781
566
930
1622
1853
1288
523
367
833
1228
1072
532
59
-127
-119
-66
-109
-288
-482
-586
-656
-739
-742
-650
-571
-537
-464
-396
-475
-557
-345
57
205
-13
-238
-172
98
250
124
-157
-341
-324
-327
-521
-757
-811
-835
-1099
-1500
-1707
-1655
-1592
-1714
-2074
-2646
-3138
-3047
-2373
-1874
-2286
-3270
-3688
-2970
-1839
-1430
-1957
-2580
-2486
-1789
-1156
-945
-975
-986
-912
-772
-537
-281
-148
-117
-36
93
75
-130
-214
72
505
615
274
-101
-64
379
784
783
489
336
532
872
1031
987
962
1080
1277
1372
1319
1275
1429
1742
1935
1862
1704
1753
2043
2371
2575
2615
2610
2686
2838
3055
3363
3638
3520
2912
2424
2731
3517
3695
2706
1177
211
421
1445
2065
1199
-844
-2317
-1905
-309
521
-368
-2005
-2742
-2044
-863
-390
-786
-1264
-1175
-677
-276
-150
-89
168
596
919
880
549
358
647
1240
1576
1285
574
77
245
827
1074
584
-186
-507
-292
-128
-395
-800
-947
-901
-971
-1233
-1442
-1407
-1207
-1034
-1029
-1151
-1293
-1311
-1077
-633
-262
-299
-639
-768
-436
10
114
-70
-189
-176
-227
-333
-293
-120
-129
-492
-911
-1005
-769
-621
-834
-1199
-1361
-1303
-1369
-1708
-2016
-1940
-1589
-1462
-1793
-2256
-2368
-2057
-1692
-1608
-1771
-1914
-1891
-1744
-1578
-1427
-1289
-1183
-1131
-1130
-1141
-1090
-910
-627
-423
-470
-692
-818
-648
-281
-17
-58
-297
-432
-270
63
290
283
172
174
345
550
623
602
692
988
1284
1285
1069
1050
1425
1909
2085
1885
1604
1579
1985
2614
2931
2551
1875
1848
2703
3409
2904
1719
1541
2876
4103
3510
1645
760
1904
3672
3950
2432
831
764
1962
2658
1785
254
-205
694
1476
887
-531
-1252
-643
452
801
43
-1053
-1398
-668
394
693
-44
-965
-1039
-192
604
501
-257
-672
-258
389
416
-193
-647
-426
100
193
-303
-832
-843
-394
-35
-147
-630
-1041
-1004
-590
-220
-267
-707
-1107
-1070
-668
-392
-546
-854
-872
-622
-524
-706
-824
-629
-330
-290
-526
-707
-600
-316
-173
-295
-489
-554
-530
-559
-597
-553
-499
-585
-804
-964
-950
-859
-864
-1001
-1156
-1264
-1391
-1521
-1497
-1282
-1161
-1437
-1901
-2021
-1647
-1204
-1175
-1510
-1772
-1684
-1380
-1149
-1100
-1132
-1146
-1102
-1002
-848
-714
-681
-685
-605
-471
-423
-466
-431
-213
30
88
-6
-40
114
347
471
480
523
684
848
879
850
943
1152
1278
1228
1167
1248
1401
1472
1447
1457
1569
1685
1702
1651
1674
1848
2067
2178
2145
2076
2136
2349
2584
2670
2603
2593
2788
3062
3086
2710
2276
2309
2818
3095
2589
1733
1347
1480
1421
930
588
680
644
-59
-990
-1251
-701
-166
-406
-1236
-1844
-1761
-1288
-929
-858
-974
-1148
-1239
-1110
-819
-580
-509
-506
-457
-419
-490
-598
-529
-225
12
-151
-631
-951
-816
-447
-271
-472
-884
-1205
-1238
-1038
-847
-870
-1061
-1244
-1300
-1237
-1148
-1060
-927
-757
-680
-816
-974
-848
-421
-27
16
-262
-542
-531
-236
61
52
-238
-532
-632
-589
-587
-687
-848
-1042
-1226
-1347
-1350
-1330
-1441
-1668
-1821
-1780
-1667
-1650
-1735
-1774
-1721
-1665
-1650
-1623
-1536
-1426
-1367
-1338
-1269
-1176
-1107
-1075
-991
-812
-685
-698
-764
-695
-438
-203
-160
-255
-274
-102
141
288
326
347
442
600
724
801
892
1037
1207
1315
1384
1468
1579
1707
1844
1969
2027
2005
1996
2079
2230
2351
2346
2220
2096
2130
2328
2494
2436
2185
1993
2058
2280
2365
2206
2005
1960
1953
1768
1491
1442
1669
1754
1355
721
418
633
877
651
79
-305
-256
-102
-220
-553
-830
-913
-838
-711
-650
-794
-1083
-1199
-929
-486
-348
-646
-941
-793
-325
-15
-90
-283
-276
-108
15
34
74
202
252
107
-128
-196
-12
217
206
-95
-451
-594
-452
-227
-185
-421
-758
-917
-795
-570
-529
-720
-902
-856
-680
-618
-714
-775
-687
-578
-596
-710
-746
-667
-582
-604
-734
-870
-959
-969
-943
-936
-999
-1147
-1312
-1443
-1487
-1419
-1306
-1315
-1532
-1791
-1835
-1600
-1330
-1290
-1475
-1648
-1584
-1309
-1021
-897
-932
-963
-857
-632
-422
-314
-271
-190
-30
103
134
114
166
333
521
591
500
384
426
645
836
831
697
657
802
959
964
875
891
1068
1205
1144
1001
1006
1188
1343
1321
1196
1136
1177
1248
1283
1290
1299
1266
1175
1099
1121
1242
1346
1334
1211
1084
1076
1198
1330
1336
1213
1092
1107
1245
1359
1319
1121
957
1001
1240
1411
1272
925
698
803
1057
1100
853
592
539
597
572
455
354
294
228
151
112
85
-1
-156
-279
-295
-249
-225
-291
-442
-633
-758
-703
-517
-417
-595
-941
-1119
-972
-672
-570
-801
-1136
-1263
-1095
-848
-772
-924
-1140
-1241
-1197
-1076
-970
-956
-1043
-1160
-1211
-1144
-1003
-912
-934
-1026
-1080
-1025
-921
-850
-840
-867
-878
-871
-875
-874
-824
-751
-740
-840
-942
-926
-836
-826
-946
-1040
-996
-907
-941
-1096
-1191
-1120
-975
-918
-974
-1056
-1047
-906
-733
-626
-640
-687
-653
-511
-341
-268
-315
-389
-388
-299
-189
-168
-232
-278
-239
-145
-118
-166
-171
-83
37
86
84
119
204
287
372
483
607
681
706
786
947
1103
1171
1196
1279
1405
1462
1433
1445
1569
1694
1668
1527
1449
1514
1627
1664
1612
1549
1502
1451
1438
1477
1532
1502
1422
1421
1474
1417
1216
1126
1318
1585
1517
1068
686
752
1108
1242
950
512
271
308
422
458
368
168
-58
-179
-153
-100
-139
-261
-356
-400
-484
-636
-774
-768
-634
-532
-582
-789
-986
-971
-709
-397
-336
-598
-895
-893
-596
-312
-304
-504
-681
-703
-605
-523
-494
-515
-564
-594
-600
-596
-613
-636
-597
-500
-445
-529
-689
-756
-661
-525
-510
-648
-813
-891
-873
-829
-788
-794
-924
-1160
-1319
-1222
-967
-874
-1111
-1460
-1557
-1342
-1099
-1079
-1213
-1272
-1191
-1095
-1083
-1074
-954
-764
-658
-705
-792
-756
-585
-389
-310
-363
-440
-442
-342
-214
-133
-138
-174
-172
-128
-74
-18
44
135
242
300
317
338
419
576
756
869
870
828
863
1005
1160
1217
1179
1161
1224
1296
1302
1265
1268
1327
1361
1320
1246
1227
1277
1322
1279
1163
1072
1090
1183
1214
1115
953
883
966
1097
1127
1007
856
836
1013
1236
1291
1106
860
846
1101
1363
1351
1077
834
829
964
1014
880
698
623
631
585
426
244
198
285
342
218
-64
-289
-287
-98
38
-90
-408
-646
-606
-376
-235
-353
-599
-712
-602
-438
-427
-555
-634
-565
-439
-442
-601
-732
-685
-511
-416
-524
-746
-875
-815
-683
-643
-738
-858
-890
-855
-854
-939
-1029
-1009
-907
-869
-987
-1157
-1200
-1084
-964
-987
-1108
-1170
-1124
-1037
-987
-959
-927
-914
-952
-994
-946
-811
-679
-662
-758
-865
-877
-774
-628
-550
-602
-723
-781
-700
-538
-428
-449
-556
-604
-506
-327
-191
-179
-243
-276
-209
-68
55
115
121
120
157
225
305
375
435
470
481
485
525
620
712
740
706
702
779
886
947
941
919
936
1010
1099
1144
1125
1086
1091
1158
1234
1248
1202
1165
1182
1229
1269
1281
1254
1185
1098
1078
1152
1228
1180
1015
878
877
937
936
864
777
718
639
559
585
694
704
513
273
230
384
491
382
176
88
122
123
25
-104
-195
-249
-257
-205
-164
-272
-521
-676
-555
-299
-214
-382
-567
-552
-388
-279
-279
-294
-271
-264
-308
-298
-183
-69
-104
-264
-380
-380
-327
-333
-398
-491
-606
-742
-842
-806
-717
-732
-910
-1095
-1098
-941
-808
-831
-939
-990
-945
-858
-793
-766
-789
-833
-844
-792
-730
-762
-879
-944
-879
-804
-862
-1015
-1065
-939
-814
-851
-982
-991
-812
-638
-623
-704
-688
-497
-292
-228
-282
-305
-203
-20
126
157
115
91
173
333
469
503
455
451
540
662
724
719
705
723
753
767
760
757
772
772
754
719
685
699
757
808
793
720
681
746
863
910
853
766
760
834
897
899
854
823
818
811
786
762
757
746
693
610
554
556
597
589
513
415
380
423
478
468
368
284
306
417
463
343
156
104
253
409
368
158
14
82
220
232
97
0
45
132
121
7
-60
-7
87
59
-92
-219
-192
-58
4
-96
-286
-416
-427
-395
-422
-527
-654
-752
-799
-827
-871
-952
-1027
-1036
-992
-982
-1061
-1159
-1151
-1011
-887
-896
-1034
-1128
-1068
-922
-850
-922
-1045
-1083
-1021
-964
-984
-1047
-1071
-1048
-1017
-1020
-1009
-967
-915
-869
-839
-812
-786
-759
-703
-603
-512
-503
-562
-565
-433
-242
-147
-194
-267
-216
-38
117
173
160
143
141
151
200
291
375
367
261
187
226
314
348
306
277
302
303
243
172
206
338
423
377
241
187
263
430
565
597
542
452
432
512
664
758
736
613
519
525
619
710
727
681
616
597
630
696
757
788
776
753
742
751
781
799
816
841
854
828
741
662
670
753
805
725
569
458
464
509
498
421
343
303
256
184
105
71
73
55
-20
-136
-230
-263
-227
-183
-198
-276
-373
-423
-419
-400
-400
-434
-493
-565
-621
-644
-644
-645
-653
-670
-693
-723
-761
-766
-714
-653
-653
-721
-791
-793
-745
-689
-672
-677
-686
-697
-694
-666
-603
-538
-511
-535
-559
-570
-529
-461
-401
-391
-460
-553
-589
-526
-431
-387
-451
-535
-556
-483
-376
-317
-328
-358
-353
-304
-256
-242
-260
-259
-211
-161
-143
-172
-175
-112
15
123
149
114
89
130
217
287
289
242
178
146
144
183
229
255
256
225
221
267
359
435
478
474
472
493
551
650
743
798
790
786
831
929
1006
1019
984
966
981
979
953
939
965
960
880
785
775
869
924
837
689
649
731
777
666
494
430
482
498
398
275
261
323
324
228
141
171
248
220
60
-97
-124
-51
-26
-126
-287
-373
-344
-263
-232
-293
-373
-381
-311
-259
-287
-375
-397
-324
-243
-264
-378
-449
-401
-290
-247
-301
-390
-408
-331
-228
-189
-226
-272
-265
-214
-188
-221
-269
-279
-259
-282
-383
-469
-475
-413
-390
-472
-591
-628
-552
-465
-467
-564
-655
-665
-604
-579
-627
-708
-759
-758
-739
-753
-803
-842
-855
-846
-847
-873
-894
-881
-835
-790
-771
-755
-706
-617
-535
-501
-477
-425
-332
-251
-238
-270
-269
-193
-98
-64
-100
-121
-73
23
100
122
131
169
237
298
335
358
400
442
468
471
460
458
470
480
477
461
445
437
440
473
531
579
589
578
603
684
761
781
756
727
718
696
663
656
666
620
478
316
273
351
411
330
155
45
61
162
230
219
152
96
121
218
328
356
300
255
301
379
392
331
272
276
287
237
164
134
159
179
152
124
153
225
276
302
329
370
401
412
413
428
435
414
389
370
350
309
252
222
234
236
187
115
94
136
174
149
83
50
78
115
108
63
30
27
30
13
-23
-66
-101
-128
-151
-169
-209
-261
-304
-322
-332
-363
-427
-481
-483
-460
-453
-481
-500
-469
-395
-337
-307
-278
-207
-99
-9
39
60
107
189
261
285
267
236
254
301
342
338
288
244
246
303
360
375
333
293
300
367
443
462
420
359
346
397
465
483
445
391
377
403
434
462
490
503
466
408
390
461
549
548
432
305
281
353
430
416
321
209
170
227
325
366
293
198
179
272
357
328
240
197
234
269
235
168
154
185
177
128
93
130
186
183
126
91
127
176
179
136
91
69
78
104
143
159
108
51
65
164
243
206
100
59
129
204
183
84
7
-4
8
-19
-73
-110
-128
-129
-140
-151
-153
-144
-125
-101
-71
-60
-29
14
51
50
29
23
37
44
-5
-85
-144
-151
-163
-205
-259
-313
-335
-357
-372
-370
-358
-360
-388
-412
-407
-369
-359
-374
-373
-351
-312
-293
-289
-269
-228
-194
-187
-198
-185
-149
-113
-104
-120
-114
-87
-39
-9
3
23
62
127
177
193
189
210
244
284
297
268
256
265
295
317
315
298
293
308
339
368
375
370
362
374
392
409
396
380
382
402
415
401
375
362
370
367
348
305
280
263
244
210
164
149
142
128
91
46
32
47
69
43
-7
-57
-81
-77
-83
-109
-154
-190
-231
-244
-237
-235
-242
-275
-297
-294
-261
-250
-261
-297
-322
-318
-336
-363
-407
-430
-438
-447
-474
-504
-516
-514
-509
-511
-513
-515
-519
-528
-531
-534
-523
-528
-555
-589
-608
-598
-576
-568
-598
-629
-646
-644
-633
-632
-641
-648
-664
-679
-684
-677
-667
-672
-702
-729
-729
-721
-723
-747
-777
-790
-794
-804
-822
-839
-842
-826
-806
-783
-770
-763
-756
-735
-694
-655
-632
-630
-626
-598
-554
-512
-488
-477
-467
-439
-401
-358
-312
-290
-281
-272
-252
-216
-184
-179
-183
-174
-150
-112
-86
-81
-76
-54
-17
30
50
60
74
114
150
172
183
192
226
259
272
279
305
336
365
363
350
355
377
390
373
350
336
340
334
315
293
279
279
280
281
279
285
286
287
298
306
304
287
265
256
257
259
232
193
165
156
169
175
165
147
152
178
201
199
180
166
172
176
151
105
62
37
14
-23
-76
-120
-145
-163
-176
-190
-190
-186
-185
-188
-185
-170
-155
-142
-140
-140
-135
-136
-129
-124
-125
-137
-153
-171
-177
-175
-183
-207
-235
-253
-267
-270
-266
-269
-271
-264
-250
-228
-202
-181
-169
-153
-133
-123
-115
-110
-113
-118
-130
-138
-148
-158
-170
-179
-166
-150
-142
-144
-142
-124
-90
-64
-59
-60
-52
-31
-14
-15
-23
-36
-42
-43
-50
-58
-74
-84
-79
-70
-65
-75
-79
-70
-37
-6
2
2
15
39
66
82
79
79
94
117
127
118
118
129
157
177
175
171
190
241
289
309
308
324
365
409
432
428
424
435
456
459
444
429
421
424
425
419
410
408
420
435
448
450
445
453
466
477
484
478
476
483
486
484
475
464
456
459
458
443
422
407
399
397
382
346
310
294
285
267
236
205
180
167
158
136
121
116
123
129
126
133
149
168
188
198
205
218
237
250
257
261
259
255
252
256
250
245
234
229
232
233
228
215
213
215
221
216
195
182
184
180
170
139
107
84
71
58
24
-13
-38
-53
-58
-75
-98
-109
-109
-98
-101
-106
-116
-115
-112
-122
-148
-182
-203
-227
-251
-281
-314
-345
-363
-370
-368
-369
-374
-366
-348
-320
-303
-297
-287
-267
-248
-234
-228
-230
-214
-185
-163
-146
-128
-104
-66
-18
18
38
65
94
123
142
139
133
127
124
120
100
81
68
67
69
65
58
65
83
99
113
122
128
140
148
146
142
134
124
113
97
80
56
31
12
-4
-28
-52
-72
-87
-95
-107
-113
-119
-128
-127
-125
-123
-120
-113
-109
-106
-104
-103
-98
-103
-105
-109
-113
-115
-119
-115
-121
-119
-114
-111
-103
-94
-81
-71
-60
-46
-31
-23
-14
-5
-3
0
-3
-5
-5
-8
-12
-18
-23
-31
-37
-45
-51
-55
-64
-73
-82
-92
-101
-110
-125
-140
-155
-169
-184
-198
-208
-218
-234
-246
-257
-268
-272
-283
-287
-291
-296
-298
-303
-305
-310
-311
-314
-322
-323
-325
-322
-327
-327
-325
-324
-314
-308
-298
-286
-273
-256
-236
-213
-190
-168
-142
-119
-93
-69
-45
-21
4
28
51
75
103
126
152
177
201
230
252
275
294
310
323
333
340
339
334
328
320
307
294
284
277
272
267
271
274
280
291
303
317
328
338
346
350
348
348
337
320
311
293
270
251
234
218
201
187
174
158
148
140
135
131
123
125
131
128
132
135
141
146
151
158
162
168
167
165
161
154
148
133
121
109
96
86
76
67
56
50
47
40
36
37
38
36
35
30
25
22
12
11
0
-5
-10
-16
-19
-27
-35
-38
-45
-47
-47
-52
-55
-57
-61
-69
-73
-79
-85
-89
-95
-101
-106
-107
-107
-113
-113
-116
-124
-128
-131
-135
-138
-147
-153
-160
-169
-174
-180
-186
-191
-194
-192
-194
-199
-195
-194
-190
-186
-183
-177
-164
-159
-150
-140
-129
-116
-109
-93
-81
-68
-51
-43
-36
-26
-22
-22
-17
-19
-18
-12
-12
-4
2
9
22
33
40
51
63
77
84
91
89
90
87
79
71
59
50
40
31
28
25
23
28
33
38
48
60
68
79
86
88
90
88
81
74
67
57
46
36
28
21
12
5
-1
-3
-2
-6
-1
3
5
9
14
13
13
18
17
17
18
11
6
2
2
-5
-10
-14
-20
-21
-26
-23
-28
-30
-32
-39
-44
-46
-48
-50
-55
-61
-65
-71
-73
-82
-85
-93
-100
-101
-103
-107
-111
-116
-117
-114
-112
-102
-93
-83
-70
-58
-49
-50
-47
-48
-60
-70
-89
-111
-128
-145
-163
-176
-191
-200
-201
-196
-184
-167
-152
-135
-117
-110
-100
-98
-97
-100
-105
-117
-126
-138
-145
-140
-139
-126
-117
-97
-73
-51
-19
4
20
35
49
55
62
66
63
67
64
62
60
58
64
68
71
77
81
86
95
104
112
115
116
120
124
131
136
146
151
152
153
155
155
155
157
146
146
137
127
120
111
107
101
97
97
97
99
105
112
112
117
121
118
119
118
114
113
110
106
101
98
95
89
87
90
84
82
81
77
75
66
54
44
36
24
16
5
-4
-10
-17
-18
-18
-15
-12
-7
3
8
10
13
13
10
3
-3
-17
-30
-39
-50
-62
-78
-87
-97
-107
-111
-110
-109
-109
-102
-98
-93
-85
-81
-77
-75
-71
-67
-68
-70
-74
-81
-90
-99
-113
-126
-136
-145
-158
-167
-172
-178
-178
-171
-169
-162
-151
-141
-127
-118
-108
-101
-98
-96
-90
-89
-87
-83
-83
-81
-75
-72
-63
-52
-43
-30
-15
-2
8
17
29
38
48
52
53
58
59
67
67
72
75
76
82
85
89
99
106
111
116
126
132
143
152
159
168
173
180
185
192
189
194
190
187
184
176
174
168
164
156
150
146
139
138
139
138
135
135
136
128
126
122
118
109
100
89
78
70
56
49
37
27
19
7
0
-7
-16
-21
-31
-38
-45
-53
-61
-69
-75
-83
-90
-92
-96
-98
-99
-104
-102
-102
-102
-97
-102
-101
-104
-105
-107
-112
-111
-112
-115
-115
-119
-123
-126
-128
-129
-134
-135
-137
-141
-141
-139
-141
-143
-141
-144
-142
-148
-146
-148
-159
-161
-170
-181
-193
-202
-215
-228
-239
-248
-257
-263
-262
-265
-270
-269
-264
-258
-254
-252
-250
-253
-251
-252
-254
-251
-254
-254
-251
-248
-246
-242
-235
-229
-221
-210
-200
-189
-176
-166
-152
-140
-130
-114
-106
-92
-75
-63
-49
-35
-23
-5
5
17
29
44
59
68
84
92
107
123
134
147
158
173
186
202
210
219
230
234
237
243
245
246
245
248
248
244
247
247
245
248
245
243
248
245
242
239
237
228
223
219
213
206
203
202
199
193
193
190
188
186
184
186
186
184
181
181
179
174
173
174
174
175
176
180
180
184
188
187
192
196
200
202
206
207
210
212
208
207
204
198
195
193
191
183
180
174
164
160
150
140
135
126
114
106
97
85
71
60
49
33
23
10
-5
-14
-29
-40
-56
-69
-80
-90
-100
-110
-114
-123
-127
-135
-141
-146
-149
-152
-156
-156
-158
-158
-160
-161
-161
-161
-163
-158
-152
-147
-140
-136
-130
-124
-113
-108
-96
-84
-72
-63
-57
-44
-36
-28
-20
-12
-3
8
16
26
39
46
54
59
64
73
78
87
94
100
105
108
107
108
110
110
111
109
112
111
114
113
110
106
96
95
88
85
80
76
72
64
58
46
39
32
27
20
18
10
7
0
-4
-10
-14
-14
-17
-18
-14
-12
-15
-11
-12
-14
-17
-14
-11
-10
-7
-4
-2
-4
-2
-2
2
6
10
15
22
27
31
37
36
40
42
42
43
46
46
47
48
39
39
34
30
28
26
24
20
17
16
11
4
0
-10
-13
-18
-23
-28
-33
-37
-45
-56
-61
-65
-73
-75
-78
-82
-84
-88
-96
-99
-101
-106
-109
-108
-108
-107
-109
-109
-110
-111
-110
-113
-112
-107
-103
-102
-97
-94
-95
-91
-91
-85
-81
-74
-72
-67
-61
-60
-53
-49
-45
-40
-37
-34
-25
-20
-18
-13
-13
-7
-3
4
7
13
20
22
22
26
27
29
32
33
35
34
39
37
36
33
33
35
30
35
36
37
42
37
35
35
30
29
26
22
26
22
24
22
19
16
14
14
12
13
13
16
14
15
14
11
10
10
13
14
12
14
14
17
16
15
16
18
18
21
27
26
31
34
36
36
40
43
43
49
51
54
56
55
54
52
56
56
54
54
58
56
56
57
56
55
52
54
51
52
53
49
50
46
40
35
31
26
24
22
18
14
13
11
6
3
-3
-8
-12
-14
-15
-19
-21
-26
-32
-34
-41
-47
-48
-51
-50
-55
-58
-58
-63
-65
-63
-69
-70
-69
-66
-65
-68
-68
-67
-71
-72
-72
-71
-68
-68
-64
-63
-65
-61
-62
-60
-59
-56
-50
-51
-46
-45
-43
-42
-45
-40
-39
-37
-35
-30
-29
-29
-25
-26
-24
-23
-19
-17
-17
-14
-14
-10
-9
-14
-15
-14
-12
-13
-10
-10
-9
-9
-14
-14
-15
-14
-14
-10
-10
-11
-8
-5
-5
-4
-5
-3
-1
-3
3
5
4
7
6
5
8
9
11
14
17
20
21
23
26
26
29
31
33
38
42
44
46
46
45
45
48
51
51
56
55
57
57
58
56
58
56
54
57
55
58
55
54
53
52
47
46
43
45
44
40
42
38
35
31
28
24
20
20
17
14
14
9
4
1
-4
-7
-8
-11
-12
-13
-16
-19
-21
-30
-31
-32
-35
-38
-38
-37
-41
-41
-43
-46
-48
-50
-53
-56
-53
-55
-54
-54
-56
-59
-58
-57
-59
-57
-55
-52
-50
-51
-49
-52
-49
-53
-53
-52
-51
-47
-49
-47
-46
-47
-45
-44
-42
-39
-36
-34
-31
-30
-28
-24
-24
-22
-20
-19
-11
-9
-8
-4
-4
-1
2
4
8
12
14
17
19
26
25
26
31
29
30
34
38
39
43
42
42
44
42
44
43
46
46
44
43
43
38
39
39
36
38
36
37
35
32
32
31
28
28
27
23
29
26
24
25
20
21
19
20
21
22
25
25
24
26
24
26
27
23
27
24
28
31
30
31
32
30
31
30
33
35
33
35
35
35
30
29
30
28
26
26
23
22
22
19
15
15
14
10
11
8
5
4
-3
-8
-12
-18
-17
-20
-25
-25
-31
-38
-40
-46
-47
-51
-51
-54
-58
-56
-62
-60
-62
-68
-68
-69
-67
-68
-62
-61
-63
-61
-61
-63
-61
-60
-55
-54
-48
-46
-46
-43
-43
-38
-36
-34
-32
-25
-21
-18
-15
-12
-10
-11
-7
-3
-1
2
8
5
11
9
9
6
7
8
8
8
6
10
3
3
0
-5
-8
-12
-13
-15
-16
-16
-23
-25
-29
-35
-36
-38
-39
-39
-42
-41
-42
-43
-44
-44
-46
-45
-39
-39
-36
-32
-29
-27
-27
-23
-14
-10
-4
5
12
17
23
26
32
37
44
53
58
62
72
75
82
86
88
93
92
102
104
106
109
109
108
107
104
100
101
98
97
95
88
85
76
68
67
58
50
44
39
28
23
15
5
-4
-15
-23
-30
-34
-45
-51
-58
-63
-70
-74
-80
-85
-91
-95
-95
-99
-98
-102
-104
-105
-104
-101
-102
-100
-94
-91
-87
-76
-78
-73
-63
-61
-51
-43
-35
-27
-22
-15
-9
0
4
10
18
22
32
34
41
47
49
53
56
59
64
68
67
67
65
65
64
63
64
59
58
58
54
51
48
40
35
30
24
24
16
10
4
-1
-7
-16
-20
-26
-28
-32
-38
-39
-43
-48
-50
-54
-55
-58
-58
-55
-56
-54
-50
-49
-46
-46
-41
-38
-36
-29
-24
-17
-15
-4
0
3
10
16
20
27
34
37
45
50
55
59
65
69
69
72
73
79
79
82
80
79
81
77
77
75
73
71
67
62
55
54
47
45
38
29
27
20
12
6
0
-7
-13
-18
-23
-31
-37
-39
-42
-50
-52
-57
-59
-63
-66
-66
-70
-69
-70
-72
-74
-74
-71
-71
-70
-67
-68
-64
-61
-60
-56
-50
-48
-43
-40
-35
-30
-28
-25
-21
-18
-13
-8
-5
-3
2
7
8
12
15
18
20
26
26
27
29
31
33
33
32
34
34
35
35
36
36
37
38
34
37
37
36
37
35
38
33
33
36
33
33
30
30
30
27
28
28
25
25
25
24
24
25
24
22
26
23
23
25
23
25
26
25
26
25
25
25
25
26
26
26
26
26
27
25
25
26
27
28
28
27
28
30
25
28
27
27
25
23
26
24
25
27
28
25
24
25
21
21
24
25
17
23
18
15
19
14
16
12
8
7
6
6
4
0
-2
-1
-4
-4
-9
-12
-14
-13
-17
-20
-22
-25
-27
-30
-31
-34
-34
-41
-40
-43
-46
-49
-51
-53
-59
-62
-62
-62
-65
-64
-66
-68
-69
-66
-65
-68
-66
-66
-68
-62
-65
-68
-62
-62
-58
-58
-57
-55
-48
-48
-45
-40
-41
-37
-33
-31
-28
-25
-22
-19
-18
-15
-10
-10
-7
-1
-2
2
4
3
9
11
12
14
16
14
15
17
15
16
16
17
18
19
17
18
18
15
16
14
18
16
16
17
16
17
15
19
14
15
16
14
18
20
20
20
24
26
27
27
30
33
33
36
38
41
43
49
50
52
56
57
60
63
67
68
72
72
74
74
75
76
78
77
78
83
80
82
80
79
83
79
76
79
73
69
69
65
64
60
56
53
47
46
39
33
32
28
23
19
12
7
4
-3
-7
-11
-19
-22
-25
-30
-35
-39
-44
-50
-51
-55
-60
-65
-69
-71
-76
-77
-78
-81
-83
-83
-86
-85
-86
-87
-83
-85
-84
-83
-82
-80
-82
-78
-79
-77
-73
-69
-68
-67
-64
-62
-59
-58
-56
-52
-48
-47
-42
-40
-40
-39
-36
-33
-33
-30
-29
-30
-26
-23
-23
-22
-19
-19
-22
-18
-17
-18
-16
-17
-17
-14
-15
-13
-10
-12
-9
-12
-10
-9
-7
-4
-6
-7
-4
-3
-3
-2
0
3
2
-1
7
5
5
7
5
8
9
9
9
12
15
18
16
19
21
23
26
26
29
31
32
30
32
37
36
38
40
43
44
49
49
51
55
54
56
60
57
61
65
64
65
65
65
67
68
67
67
67
68
67
65
66
65
65
62
59
59
54
54
52
50
47
45
42
41
35
34
32
27
24
19
17
12
9
2
-3
-7
-10
-13
-15
-18
-23
-23
-30
-32
-37
-41
-40
-47
-48
-49
-52
-52
-57
-54
-58
-57
-57
-58
-55
-57
-54
-55
-54
-49
-51
-51
-48
-47
-43
-45
-40
-37
-37
-31
-34
-29
-27
-24
-23
-21
-19
-16
-11
-14
-10
-10
-12
-8
-9
-9
-8
-7
-8
-7
-6
-12
-10
-14
-16
-17
-20
-20
-23
-25
-25
-31
-32
-34
-37
-39
-38
-42
-46
-48
-50
-49
-55
-55
-56
-59
-58
-61
-62
-63
-61
-60
-56
-54
-54
-48
-48
-46
-41
-36
-34
-31
-27
-22
-18
-13
-6
-4
1
8
13
19
25
28
35
38
43
52
54
58
65
66
72
75
79
81
82
86
86
88
89
90
89
89
88
85
86
81
80
75
69
69
63
60
56
53
47
45
42
31
27
22
19
16
10
5
1
-5
-10
-15
-20
-23
-27
-31
-30
-31
-35
-37
-37
-37
-40
-41
-39
-41
-41
-41
-39
-37
-39
-37
-34
-29
-29
-24
-19
-19
-17
-12
-8
-8
-3
-1
-1
4
7
8
12
12
12
15
17
13
19
17
15
16
14
14
11
12
9
5
5
2
1
0
-7
-8
-13
-15
-15
-21
-20
-22
-23
-29
-31
-33
-37
-37
-39
-39
-41
-42
-41
-41
-41
-41
-41
-43
-38
-39
-36
-34
-33
-31
-28
-22
-23
-17
-13
-10
-5
-3
3
6
9
15
19
23
22
30
34
36
40
44
45
45
50
54
56
57
58
57
60
55
58
58
56
59
55
53
50
51
47
44
44
41
37
33
30
25
27
18
16
17
12
12
11
3
2
1
-2
-3
-8
-8
-8
-10
-11
-10
-8
-10
-11
-10
-12
-11
-10
-11
-6
-7
-7
-3
-4
-2
-3
-3
-3
2
2
2
7
4
4
5
9
8
8
10
9
9
7
10
9
6
7
4
4
3
1
0
-1
-5
-7
-8
-10
-10
-13
-16
-17
-22
-23
-26
-28
-30
-35
-36
-38
-37
-42
-45
-45
-46
-51
-47
-49
-57
-51
-52
-54
-49
-51
-52
-52
-52
-54
-51
-53
-51
-47
-52
-44
-42
-44
-40
-39
-35
-33
-27
-26
-22
-21
-21
-14
-10
-7
-3
-1
6
5
10
13
14
18
18
22
25
28
28
30
34
33
35
36
39
40
39
40
40
40
41
41
42
40
41
42
45
40
38
41
35
36
32
32
32
31
29
28
28
24
22
22
19
19
17
16
11
11
9
6
8
3
4
3
-1
-2
-3
-5
-5
-7
-6
-4
-12
-5
-11
-11
-9
-12
-7
-9
-8
-10
-10
-9
-10
-9
-6
-7
-8
-2
-3
-3
-1
-1
-1
2
1
3
3
1
4
4
5
7
7
10
11
5
9
9
8
8
10
9
8
5
8
11
6
4
4
4
1
3
2
-1
0
-3
-3
-3
-9
-7
-11
-13
-13
-13
-18
-17
-19
-21
-18
-21
-27
-25
-27
-26
-27
-29
-27
-29
-27
-32
-28
-26
-28
-28
-27
-28
-27
-26
-27
-24
-24
-24
-22
-19
-20
-19
-17
-13
-10
-14
-9
-8
-6
-4
-3
0
-1
2
3
4
5
6
10
11
12
12
15
15
17
19
18
20
23
22
22
23
23
21
20
23
20
22
22
24
21
22
24
21
21
17
20
19
17
19
16
16
14
12
10
9
11
7
8
10
8
10
6
5
6
6
6
3
9
4
5
9
6
4
5
6
6
8
8
12
10
10
11
11
14
12
13
12
13
14
11
14
14
14
13
16
14
12
14
14
12
12
12
12
13
9
7
6
6
5
6
3
1
1
0
-3
0
-6
-7
-4
-9
-12
-11
-11
-15
-14
-17
-18
-20
-19
-22
-25
-22
-25
-22
-25
-28
-26
-27
-29
-30
-29
-31
-29
-28
-32
-29
-29
-29
-26
-29
-25
-23
-27
-23
-22
-23
-21
-19
-17
-16
-15
-16
-13
-10
-10
-8
-6
-6
-4
-2
0
1
0
1
8
4
7
9
6
9
9
8
9
9
8
8
11
10
11
11
10
8
12
9
10
11
9
8
7
8
6
6
6
5
6
3
1
1
-1
2
2
3
3
2
3
1
-3
-3
-1
-1
1
1
0
0
-5
-4
-2
-3
3
1
4
4
2
4
4
1
2
4
4
6
5
5
9
9
7
7
9
8
11
9
9
11
8
10
11
9
9
9
10
9
9
11
8
5
6
6
3
6
5
6
6
4
3
4
2
1
1
1
2
1
1
3
0
2
-2
-4
-2
-5
-5
-4
-4
-3
-6
-8
-7
-5
-7
-4
-7
-9
-5
-9
-8
-8
-6
-8
-10
-8
-6
-6
-6
-4
-3
-5
-6
-4
-1
-4
-1
-1
-1
3
1
4
2
5
5
2
6
7
8
9
8
10
9
12
11
10
16
15
14
13
13
10
12
13
9
11
9
11
10
12
9
8
9
6
11
11
9
10
11
7
5
7
1
4
2
2
6
4
4
1
2
3
-2
2
3
2
2
0
0
0
0
1
2
1
2
1
0
3
-2
1
2
-1
2
3
2
1
5
2
1
0
1
2
1
3
4
5
5
3
5
4
0
3
1
2
2
2
4
0
2
1
-1
-4
-3
-4
-4
-3
-3
-4
-5
-6
-4
-8
-10
-9
-8
-7
-8
-7
-10
-8
-12
-13
-14
-11
-11
-15
-11
-11
-12
-12
-12
-12
-13
-13
-12
-15
-11
-11
-11
-11
-15
-11
-11
-9
-9
-6
-7
-12
-9
-10
-10
-7
-7
-6
-8
-6
-4
-9
-5
-6
-4
-5
-5
-4
-5
-6
-4
-8
-9
-8
-9
-9
-10
-8
-7
-6
-6
-5
-8
-8
-10
-10
-4
-7
-5
-2
-2
-2
0
2
-3
-1
1
-2
-2
1
1
-1
4
4
4
5
5
5
8
7
9
8
9
12
9
11
12
12
11
12
12
16
13
13
15
15
17
16
16
16
15
15
15
15
16
16
15
14
16
16
18
15
18
14
14
13
11
14
12
9
9
12
9
8
6
6
4
6
4
3
4
4
2
0
2
1
-1
-2
-2
-3
-2
-2
-3
-3
-3
-3
-3
-6
-6
-5
-8
-4
-3
-5
-3
-4
-5
-4
-5
-7
-8
-7
-6
-6
-7
-7
-8
-7
-8
-9
-8
-7
-6
-7
-5
-6
-7
-5
-3
-3
-4
-2
-3
-2
-3
-1
0
0
1
1
4
6
2
3
5
3
5
6
7
2
8
5
5
5
5
7
5
6
8
6
6
9
9
5
7
6
9
11
7
8
9
5
8
8
5
5
7
8
7
8
8
7
5
8
4
0
-1
-1
2
1
3
0
-2
-1
-3
-4
-5
-5
-4
-4
-7
-5
-6
-9
-8
-7
-6
-6
-5
-6
-7
-5
-5
-7
-6
-6
-7
-7
-6
-5
-7
-4
-6
-6
-7
-7
-7
-6
-5
-4
-6
-7
-7
-9
-8
-8
-6
-6
-7
-4
-6
-8
-6
-9
-9
-5
-7
-9
-9
-9
-10
-8
-7
-10
-10
-10
-10
-9
-12
-10
-10
-15
-10
-12
-12
-9
-10
-8
-8
-8
-9
-8
-8
-6
-8
-6
-6
-6
-3
-5
-5
-4
-4
-4
-5
-3
-4
-3
-3
0
-2
-3
-2
0
1
0
2
1
3
3
4
2
2
3
3
4
2
2
4
4
1
1
1
3
2
3
6
2
3
3
4
1
0
0
1
3
3
3
3
2
0
2
0
1
0
-1
2
-3
1
2
-1
1
-2
-2
0
1
0
1
2
1
0
1
4
3
3
4
1
2
2
3
-1
0
1
3
3
4
7
5
6
4
5
4
3
6
4
2
3
4
2
2
0
2
2
4
4
2
7
3
3
3
0
-3
0
1
-5
-2
1
-1
-4
1
-1
-3
-3
-2
-1
2
-2
-2
0
-4
-3
-1
-1
-3
-4
-1
2
1
1
-1
-2
0
0
0
0
-4
-1
0
0
0
0
2
-2
3
1
1
2
4
3
5
5
4
4
3
5
5
5
6
8
6
4
7
7
4
8
6
5
5
5
3
4
6
4
3
2
4
3
1
4
4
2
3
3
3
2
2
4
2
3
1
1
-4
-1
2
-1
1
1
1
-3
0
-1
0
1
3
4
2
5
6
6
4
3
2
2
4
3
7
4
6
7
6
7
4
4
7
7
9
10
8
7
6
5
6
8
7
7
8
8
5
3
6
10
7
5
6
7
6
7
5
2
5
3
6
3
2
4
2
5
0
3
3
0
4
4
2
0
2
-1
-2
-2
-3
-4
-1
-2
-2
1
0
-3
-2
-4
-6
-3
-5
-4
-3
-2
-4
-5
-4
-7
-7
-3
-5
-7
-3
-6
-4
-7
-7
-9
-9
-8
-7
-9
-6
-4
-5
-6
-9
-6
-8
-6
-4
-5
-7
-4
-5
-6
-6
-6
-4
-6
-1
0
-4
-4
-4
-3
-6
-7
-5
-5
-5
-5
-5
-4
-1
-1
-4
0
0
-3
-2
2
0
-1
2
0
-1
0
0
3
3
2
1
2
2
0
2
-1
1
3
3
5
3
0
4
1
1
2
-2
1
2
2
2
1
-1
-3
-4
-2
-2
-1
0
-1
-1
0
-2
0
-1
-1
1
-2
1
-2
-2
1
-4
-1
-4
-4
0
0
3
0
1
3
-2
0
0
-3
0
2
3
2
0
2
0
-1
-1
-1
-2
0
1
1
1
-1
0
-1
0
-2
0
-1
-3
0
0
-2
-2
-4
-6
-3
-1
-1
0
-1
0
-4
-4
-1
-1
2
0
-1
0
-2
-4
-3
-3
-3
-4
-4
-3
-4
-1
-4
-3
-2
-4
-2
-3
-1
-1
-1
1
-1
1
-3
-4
-2
-4
-3
-3
-1
-3
-3
-1
-3
-2
-3
-2
-3
-2
3
-2
-2
-1
0
2
0
0
1
0
-2
-2
0
-1
-1
4
2
1
4
2
3
4
6
3
3
5
3
7
5
6
6
3
1
5
5
2
3
2
0
3
3
4
5
6
6
4
4
5
4
2
5
3
0
3
4
3
2
6
5
-1
3
1
0
-1
3
5
3
4
4
2
4
2
1
2
0
5
5
1
4
2
3
2
1
1
-1
0
3
1
2
3
2
3
2
1
2
4
1
2
2
3
2
0
2
1
0
0
3
3
3
3
2
1
1
2
2
-2
2
1
-2
0
-3
0
-2
-4
-4
-4
-3
-3
-5
-2
-3
-5
-5
-6
-7
-6
-7
-6
-3
-6
-6
-5
-6
-7
-6
-6
-7
-5
-7
-7
-7
-7
-6
-6
-5
-6
-6
-5
-2
-4
-3
-3
-2
-4
-4
-3
-5
-4
-3
-2
-2
-4
1
-1
-2
0
0
2
-2
-1
-2
0
-3
-1
1
-3
0
-2
-5
-4
-2
-2
-2
1
-1
-2
0
1
2
1
0
0
0
-2
-1
-2
-3
0
-3
-1
-2
-3
-2
-1
-1
-2
-1
0
1
0
0
2
0
-1
2
0
0
2
1
-1
3
3
1
2
1
1
1
-1
0
-3
0
3
-1
0
2
0
-3
0
-2
1
2
3
4
-1
0
-2
0
2
1
3
4
2
5
1
2
-1
-4
-1
-4
-1
-1
0
0
0
0
-2
-2
0
-1
-1
-1
-1
0
-1
-2
-1
-2
1
2
-1
0
2
1
0
0
2
2
1
2
3
4
1
2
2
1
0
0
0
0
1
1
3
2
4
1
3
1
-3
1
1
0
-1
1
0
2
6
6
4
3
3
0
5
4
0
2
2
2
2
4
2
1
3
2
2
2
1
4
3
4
7
4
0
5
4
-1
5
5
6
5
4
6
4
3
5
5
3
6
9
8
5
7
7
4
6
5
5
6
10
5
8
8
2
4
4
4
7
5
3
0
0
1
0
3
2
2
3
3
2
1
4
2
1
3
1
-1
4
3
3
1
1
3
-3
1
-2
-3
1
-4
-3
-3
-3
-1
0
-2
-3
-3
-3
-5
-8
-5
-4
-5
-3
-2
-4
-2
-4
-3
0
-4
-6
-4
-3
-6
-4
-2
-5
-3
0
0
1
-4
-5
-4
-4
-2
-2
-3
-3
0
-4
-2
-4
-4
-5
-6
-4
-3
-3
-6
-3
-4
-5
-5
-4
-5
-5
-3
-2
-5
-5
-5
-7
-7
-4
-5
-5
-3
-5
-1
-6
-5
-7
-5
-4
-6
-2
-3
-2
-4
-2
-4
-5
-2
-6
-1
0
-3
-2
-3
-5
-3
-1
-3
-3
-1
-4
-2
1
0
1
-2
-1
-1
-2
-2
0
-2
-3
0
0
-1
0
1
-1
-1
1
-2
-1
0
1
1
2
-1
1
4
4
5
4
5
3
2
1
2
3
1
5
5
3
3
1
2
2
3
4
5
6
3
2
6
4
2
2
2
2
2
4
4
1
1
2
2
2
0
1
4
3
5
5
3
4
2
2
3
2
1
4
1
5
3
4
2
1
4
0
2
3
3
1
4
4
3
2
0
0
0
-2
0
-1
2
-1
-3
-2
-2
1
2
4
0
1
-1
0
0
-4
1
1
0
3
0
0
-1
1
1
-2
2
2
1
-3
0
2
2
1
-1
3
0
1
0
-1
0
-2
1
1
-4
0
-2
-1
2
1
1
2
0
-2
-2
-1
-2
-2
-1
1
3
0
3
1
0
2
2
1
3
7
6
4
3
2
2
4
1
2
3
4
4
3
9
2
2
3
0
2
1
0
2
4
0
4
3
2
2
0
2
3
0
-2
-1
-3
-3
0
0
-1
3
0
-1
-1
-3
-3
-5
-2
0
-2
-1
2
0
-3
-1
-3
-5
-4
-4
-3
-6
-6
-4
-5
-4
-8
-5
-3
-6
-5
-2
-6
-8
-6
-5
-6
-6
-7
-8
-4
-5
-7
-8
-6
-7
-6
-7
-4
-7
-6
-2
-3
-5
-5
-4
-6
-9
-3
-7
-5
-5
-6
-4
-8
-4
-4
-6
-5
-5
-6
-5
-4
-7
-5
-6
-3
-2
-4
-2
-2
-3
-4
-5
-4
-1
-2
-1
-1
-4
-1
-5
-2
-2
-1
-2
-3
-3
-6
-3
-4
-2
-2
0
2
0
-2
0
-3
-3
-2
-2
1
2
1
2
3
2
1
3
3
4
4
2
2
4
6
4
4
4
5
3
4
7
5
5
5
6
4
7
7
5
6
6
6
3
6
5
5
1
5
6
5
7
2
3
5
1
4
3
6
7
2
5
5
4
0
5
2
3
4
2
4
4
4
7
4
4
5
3
6
3
6
4
1
4
3
3
4
4
5
3
5
4
3
3
3
2
3
2
4
6
3
4
3
1
3
0
1
4
-1
0
5
2
2
3
2
0
0
1
1
3
0
0
4
2
3
2
5
5
1
5
6
5
4
3
2
4
5
5
7
5
4
4
5
6
6
6
6
5
8
7
6
4
6
6
7
8
5
8
8
9
8
8
10
7
7
6
9
13
9
9
12
10
8
9
8
10
11
10
9
7
10
6
8
8
6
5
6
5
5
4
6
3
1
4
1
0
2
-2
-2
0
-2
1
0
-2
-2
-3
-4
-4
-4
-6
-5
-2
-8
-11
-8
-11
-11
-8
-7
-7
-9
-11
-11
-11
-12
-12
-13
-13
-11
-13
-11
-12
-12
-12
-14
-12
-13
-12
-13
-14
-9
-13
-13
-13
-14
-13
-14
-10
-12
-11
-13
-12
-14
-13
-9
-12
-10
-7
-9
-9
-13
-15
-13
-14
