4
8
2
5
7
4
5
2
4
4
3
4
2
5
2
2
3
-1
1
2
1
-3
0
-1
-1
3
-1
-1
0
-1
-2
-4
-1
-1
-2
0
-1
-2
-1
1
-3
-1
-1
-3
-1
-2
-2
-3
-4
1
-2
-3
-5
-8
-8
-8
-6
-8
-5
-6
-9
-5
-6
-4
-3
-5
-3
-5
-4
-4
-4
-4
-3
-2
-1
-2
0
0
-3
0
0
-3
-3
-3
-5
-4
-6
-6
-3
-6
-5
-3
-2
-4
-5
-3
-2
-1
1
1
1
1
-1
0
1
2
3
1
-2
-2
0
-1
2
3
0
-1
0
0
1
0
-2
-3
-4
-5
-2
-1
0
-1
0
-1
-3
0
-1
-3
1
1
2
1
-2
-4
-3
-4
-3
-3
-3
-5
-5
-6
-6
-4
-6
-7
-6
-2
-3
-5
-6
-6
-5
-5
-7
-5
-4
-6
-3
-4
-5
-3
-3
-7
-6
-4
-6
-5
-5
-6
-6
-8
-1
-4
-6
-4
-4
-2
-2
-4
-3
-1
-3
-3
-3
-5
-5
-2
-2
-2
-3
-2
-8
-3
-4
-7
-6
-8
-7
-8
-5
-7
-8
-7
-7
-6
-6
-2
-3
-4
-4
-6
-5
-4
-4
-4
-6
-9
-6
-5
-8
-5
-3
-2
-2
-2
-2
-3
-6
-3
-1
-3
2
0
0
-1
-3
-1
-1
2
3
-1
-2
1
1
0
-2
2
3
5
5
5
6
6
4
4
3
1
3
3
6
6
6
4
4
5
3
4
3
2
1
5
5
4
8
5
6
6
4
6
5
6
7
10
10
9
6
9
9
7
6
4
9
7
5
6
6
9
5
5
7
5
7
8
8
9
8
8
7
7
6
6
5
7
7
5
2
4
5
3
3
4
0
3
6
3
5
1
0
2
4
3
2
3
2
6
7
5
6
4
9
6
4
8
6
6
6
4
5
3
2
4
5
1
2
3
0
1
5
9
4
1
3
4
4
4
3
3
2
1
4
0
1
3
0
2
-1
2
1
0
5
3
2
3
0
-2
-2
-2
-3
-4
-2
-2
1
-2
-1
1
0
0
1
1
-1
0
-2
-4
-4
-1
-4
0
-3
-3
-3
-3
-1
-4
-4
-6
-4
-5
-4
-5
-5
-5
-3
-2
2
-2
-2
-1
-2
-2
-2
-3
-4
-1
-2
-3
-2
-3
-1
-3
-3
0
-2
-1
0
-2
1
2
-1
-2
-4
-1
2
-2
-6
-4
-3
-5
-3
-2
-4
-2
-2
-2
-2
-1
-1
-4
-2
-3
1
1
-3
-2
-4
-1
0
0
2
0
-1
-1
-2
-1
-2
-3
-3
-3
-3
2
1
-1
2
-2
-4
-5
-4
-4
-6
-3
-3
-3
-2
-4
-5
-2
-5
-4
-4
-4
-3
-2
-4
-3
-1
-3
-4
-4
-1
-2
-7
-10
-10
-7
-6
-6
-4
-6
-6
-7
-7
-5
-6
-7
-8
-11
-6
-6
-5
-6
-8
-1
-8
-4
-3
-7
-5
-6
-3
-6
-1
-4
-4
-2
-2
-2
-2
0
-2
-1
2
4
2
2
4
5
4
2
3
4
6
5
4
5
7
6
5
3
5
6
1
4
7
5
4
4
3
0
0
4
4
5
7
3
7
6
5
10
8
6
8
7
9
6
10
11
10
10
8
10
11
10
8
7
6
4
8
8
8
8
9
6
7
6
9
14
9
7
7
7
3
4
6
5
3
5
9
10
9
7
4
4
6
7
7
9
8
6
8
6
8
8
5
5
6
7
9
6
-3
4
6
6
5
4
7
4
5
9
7
5
5
4
4
1
5
3
7
6
3
5
3
5
4
4
5
5
2
2
4
1
-1
3
0
0
-1
-1
-1
-1
-1
-4
-2
-4
-3
-4
-6
-4
-6
-6
-4
-8
-4
-5
-6
-5
-2
-2
-5
-2
-5
-5
-5
-5
-4
-5
-2
-2
-4
-6
-5
-7
-7
-5
-7
-6
-4
-2
-4
-1
-3
-2
-3
-6
-5
-6
-5
-7
-9
-7
-4
-7
-4
-6
-7
-2
-5
-7
-6
-9
-7
-6
-7
-4
-5
-5
-2
-3
-5
-5
-8
-7
-5
-5
-3
-2
-4
-4
-3
-5
-4
-3
-3
-4
-3
-4
-4
-4
-5
-1
-3
1
1
0
-2
-1
0
-5
0
-2
-1
2
2
4
0
1
-1
0
-3
-3
-2
-1
-3
-1
2
0
-3
1
-1
-1
4
-1
-1
1
1
1
1
1
2
4
3
6
6
2
3
2
6
4
2
6
4
4
-1
1
5
2
5
4
3
5
10
5
2
5
5
8
5
5
4
3
6
2
6
3
2
2
2
3
1
1
2
3
4
4
2
3
2
2
0
1
2
3
0
-4
-1
-3
-3
-1
0
-3
1
1
-1
1
3
-1
-1
3
3
-1
-1
-2
1
-1
-5
0
-1
-1
1
-1
1
-3
-2
0
-4
-2
3
2
6
4
4
5
0
4
4
1
3
3
5
1
2
4
3
4
4
4
4
5
3
1
0
-1
-1
1
1
4
3
-2
1
1
1
3
-2
0
2
2
2
1
2
0
3
5
4
1
1
0
1
0
-1
0
1
0
1
-1
2
6
-2
-1
-1
1
-1
-1
-3
0
-5
-9
-5
-3
0
-4
-2
-4
-2
-3
-5
-3
-8
-6
-5
-8
-6
-9
-10
-3
-1
-4
-4
-3
-4
-3
-6
-6
-4
-6
-4
-4
-4
-3
-4
-5
-5
-9
-9
-11
-10
-9
-10
-8
-5
-3
-3
-4
-4
-5
-4
-2
-3
-7
-3
-1
-1
-2
-3
-4
-4
-3
-3
-2
-3
-3
-3
-1
-3
-4
-3
-6
-5
0
1
-3
-3
-4
-4
-2
1
-2
-4
-2
-3
2
3
0
-1
-2
-3
1
-3
-6
-2
-2
0
-2
2
0
0
2
2
6
4
4
4
5
5
4
8
4
3
2
4
4
4
7
9
8
3
5
3
4
4
5
7
4
4
2
7
4
3
7
6
6
6
6
5
7
6
5
7
4
3
5
4
5
6
6
6
4
7
7
7
9
4
4
5
3
6
5
6
6
6
7
4
6
7
2
3
2
-1
-2
-2
0
3
2
-1
0
3
0
1
2
0
-3
-1
0
-2
-2
-5
-2
-1
-4
-1
-1
3
0
-1
-1
-3
-4
-2
0
-3
-1
3
1
1
2
1
1
1
0
0
1
2
3
3
2
3
3
3
4
0
-1
6
4
3
3
1
3
2
3
2
-1
1
1
2
-2
2
1
-1
3
3
2
-1
1
3
2
1
3
-1
-2
2
1
0
0
0
0
1
-4
-3
0
-1
0
1
1
0
-1
-1
0
3
3
3
4
6
4
5
3
1
5
5
5
4
2
3
2
5
3
1
2
1
2
-1
-2
0
2
2
1
4
2
-1
2
-1
2
0
0
1
0
-1
1
2
1
2
-2
0
0
1
5
3
1
1
2
2
1
3
0
-1
-1
-1
-3
1
2
0
-2
-3
0
0
0
-2
-1
-1
-1
-4
-3
0
0
0
-1
-2
-3
-2
-3
-3
-1
-4
-9
-4
-5
-4
-1
-4
-3
-5
-6
-9
-9
-6
-6
-7
-9
-8
-9
-8
-5
-4
-3
-6
-4
-3
-4
-3
-5
-3
3
1
-4
1
1
-3
1
1
0
1
-3
0
-2
-5
1
-3
-5
-2
-1
0
-6
-5
-4
-4
-6
-2
0
-2
0
0
0
1
0
3
1
-3
1
-2
0
-1
-1
2
-3
2
-1
2
1
-1
2
-2
-2
0
2
0
3
3
3
3
3
2
3
6
8
7
3
3
8
8
4
5
6
7
5
7
7
7
9
7
7
6
9
8
6
7
3
3
4
3
5
3
5
3
1
0
0
1
-1
-1
2
7
5
-2
1
5
5
5
7
5
1
3
-1
4
3
0
-1
0
2
2
4
1
0
1
2
0
-1
-1
-1
0
3
-2
0
2
0
1
-4
-2
-4
-5
-6
-6
-3
-6
-5
-6
-2
-1
-5
-4
0
-5
-5
-4
-3
-2
-4
-4
-7
-1
-2
-4
-1
2
1
0
3
2
1
-1
-2
0
-1
-1
-1
1
0
-2
-2
1
-4
-4
2
-2
-1
-1
2
1
-4
-1
-2
0
-1
-2
-3
-4
-4
-2
3
1
0
0
-1
0
-1
-2
-2
-1
-2
0
-4
-3
1
1
3
0
-1
1
1
0
0
1
0
0
1
-2
-1
-1
-4
-2
-2
1
-3
-1
-1
-5
-2
-2
-2
-3
0
1
0
-1
-1
-1
2
4
3
2
6
6
4
5
2
4
2
3
3
3
4
3
4
5
6
4
4
4
-1
2
6
5
6
3
4
4
5
10
9
7
7
7
5
4
2
3
3
2
4
5
3
2
-2
-1
1
-1
-2
-4
-3
-2
0
0
1
0
1
0
0
1
1
-2
-1
2
0
-1
-2
-3
-4
-4
-1
0
-2
-3
0
0
1
0
1
0
1
2
0
3
-1
-3
-5
-4
-3
-3
-3
-2
-3
-2
-1
-3
-2
-3
-2
-1
-2
-4
-5
-6
-8
-7
-5
-2
-1
-2
-1
-3
-4
-6
-5
-5
-3
-4
-1
0
-3
0
-1
-1
-1
1
-1
-1
-1
0
2
3
1
-2
0
-2
0
1
1
3
0
-1
0
0
1
4
4
2
4
3
4
2
4
4
1
2
3
1
4
6
-1
-1
1
0
1
5
3
3
0
3
2
0
4
2
3
-1
2
3
0
0
3
3
3
4
3
5
4
2
5
6
5
9
5
3
3
1
3
2
3
3
3
4
2
2
3
3
0
3
0
1
2
1
2
3
0
0
0
-1
1
0
0
2
5
-1
0
0
-2
-2
0
0
-3
-3
-5
-1
-4
-2
0
-2
-3
-3
-3
-3
-1
-2
-3
-2
-4
-7
-1
0
2
0
-4
1
0
-1
-3
-2
-2
-1
-1
0
1
1
0
-3
1
-2
-3
-1
1
-2
-2
0
-1
0
-1
-2
-6
-3
-2
-4
0
-1
0
-1
0
-4
-1
0
-2
-1
-1
1
-2
0
-1
-1
1
1
2
1
0
-1
-2
-1
0
1
3
2
0
0
3
3
2
4
0
0
2
-1
2
2
2
0
-1
-3
1
0
0
2
3
0
-1
1
-2
-2
2
1
-2
-2
-1
-2
-2
-1
3
1
-2
-2
0
-1
-3
-1
-3
-3
-2
-4
-3
-4
-3
-1
-4
-4
-3
-3
-5
-4
-4
-4
-3
-6
-8
-3
-3
-5
-3
-4
-3
-3
-6
-6
-2
-3
-1
-3
1
-1
-5
-2
-5
-2
-2
-4
-4
-7
-7
-5
-5
-5
-6
-2
-7
-8
-6
-9
-7
-5
-2
-1
-4
-1
-2
-1
0
1
-1
-3
-1
-1
1
-2
0
4
2
4
6
4
7
6
8
8
8
9
10
13
10
11
11
8
7
6
7
4
3
3
4
1
2
1
-1
-1
-3
0
-1
-2
-3
-5
-4
-9
-13
-12
-15
-19
-21
-27
-39
-51
-62
-71
-81
-92
-103
-106
-106
-108
-106
-98
-88
-79
-75
-64
-46
-31
-23
-17
-3
7
11
19
26
33
39
41
49
56
68
79
85
99
104
110
119
122
125
125
124
120
110
107
102
93
80
70
62
56
51
43
43
41
43
41
37
34
31
29
18
12
2
-7
-14
-21
-30
-34
-40
-43
-44
-44
-38
-34
-28
-27
-21
-13
-12
-8
-7
-7
-10
-12
-11
-12
-13
-12
-19
-20
-16
-18
-16
-16
-11
-7
-6
-4
-7
-7
-11
-18
-32
-49
-66
-79
-94
-115
-134
-149
-160
-173
-184
-190
-194
-195
-198
-195
-186
-178
-171
-162
-150
-134
-117
-102
-82
-62
-39
-13
15
53
90
127
166
203
241
281
317
355
391
418
446
470
494
511
531
542
550
560
562
566
558
534
504
467
422
363
291
211
120
25
-76
-178
-274
-370
-462
-543
-614
-668
-713
-748
-772
-783
-785
-779
-769
-748
-723
-697
-669
-637
-596
-542
-478
-410
-332
-241
-140
-29
91
216
342
472
586
695
796
879
943
987
1008
1012
997
968
927
871
813
747
674
609
545
474
400
318
229
130
15
-116
-265
-442
-629
-829
-1041
-1253
-1460
-1661
-1842
-1998
-2124
-2208
-2256
-2268
-2244
-2180
-2081
-1952
-1801
-1629
-1443
-1249
-1054
-850
-638
-427
-213
-1
221
445
679
918
1159
1400
1639
1872
2091
2295
2475
2632
2754
2845
2904
2936
2942
2915
2870
2807
2732
2647
2555
2447
2330
2190
2035
1861
1664
1437
1171
867
529
159
-247
-669
-1091
-1516
-1937
-2337
-2700
-3008
-3263
-3458
-3593
-3655
-3659
-3607
-3502
-3344
-3144
-2931
-2696
-2441
-2174
-1896
-1613
-1329
-1032
-728
-419
-96
239
587
933
1273
1606
1929
2224
2489
2713
2888
3003
3064
3072
3024
2930
2791
2618
2416
2193
1965
1733
1505
1274
1045
816
584
343
84
-188
-487
-824
-1189
-1564
-1950
-2341
-2741
-3125
-3463
-3755
-3990
-4165
-4263
-4274
-4216
-4095
-3904
-3641
-3338
-3012
-2669
-2312
-1943
-1582
-1232
-892
-553
-222
93
411
745
1094
1438
1776
2118
2455
2787
3092
3356
3585
3769
3903
3983
4009
4002
3964
3885
3788
3685
3602
3537
3468
3405
3363
3338
3287
3197
3076
2936
2705
2325
1833
1319
781
137
-631
-1421
-2133
-2807
-3486
-4094
-4528
-4823
-5071
-5257
-5270
-5089
-4835
-4589
-4315
-3967
-3596
-3276
-2985
-2675
-2364
-2112
-1910
-1694
-1415
-1068
-699
-341
20
445
949
1482
1987
2449
2885
3267
3534
3713
3874
3972
3909
3646
3306
3017
2752
2405
1967
1551
1201
862
509
230
55
-121
-427
-831
-1186
-1441
-1723
-2151
-2703
-3252
-3733
-4173
-4580
-4941
-5200
-5377
-5478
-5464
-5272
-4891
-4427
-3974
-3536
-3002
-2371
-1722
-1144
-622
-136
278
613
948
1378
1820
2143
2336
2577
2977
3454
3862
4190
4498
4788
5034
5236
5451
5621
5626
5447
5205
5034
4936
4845
4698
4523
4395
4449
4702
4956
4948
4631
4247
3920
3523
2858
1970
989
-78
-1258
-2418
-3333
-4064
-4850
-5729
-6439
-6762
-6776
-6662
-6470
-6167
-5848
-5565
-5234
-4741
-4157
-3711
-3524
-3478
-3375
-3094
-2686
-2293
-2017
-1817
-1517
-1005
-292
501
1276
1946
2469
2932
3492
4148
4678
4833
4638
4317
4009
3701
3333
2871
2276
1544
792
258
1
-174
-475
-848
-1150
-1366
-1599
-1843
-2014
-2255
-2798
-3621
-4344
-4746
-5047
-5579
-6247
-6710
-6838
-6773
-6596
-6190
-5599
-5015
-4505
-3857
-2919
-1887
-1057
-481
42
609
1176
1662
2070
2396
2628
2827
3084
3463
3919
4359
4703
4971
5273
5665
6070
6344
6420
6391
6296
6106
5819
5528
5275
4986
4615
4252
4091
4171
4446
4822
5155
5225
4969
4643
4492
4354
3791
2667
1306
82
-987
-2082
-3199
-4218
-5134
-6029
-6774
-7095
-6951
-6642
-6457
-6324
-6021
-5505
-4939
-4433
-4001
-3698
-3580
-3601
-3560
-3323
-2989
-2762
-2686
-2595
-2264
-1623
-796
6
715
1384
2054
2741
3454
4146
4648
4759
4496
4157
3949
3760
3348
2676
1912
1195
591
149
-117
-320
-594
-947
-1245
-1407
-1495
-1597
-1834
-2312
-3005
-3692
-4178
-4545
-5046
-5728
-6351
-6724
-6870
-6854
-6597
-6126
-5621
-5157
-4532
-3570
-2442
-1473
-734
-59
631
1257
1759
2200
2574
2810
2909
3020
3282
3665
4027
4292
4523
4801
5174
5582
5936
6161
6225
6167
6056
5961
5888
5753
5483
5111
4793
4666
4743
4920
5099
5241
5294
5200
4941
4629
4317
3859
3028
1819
527
-558
-1497
-2531
-3659
-4697
-5514
-6189
-6714
-6921
-6780
-6552
-6466
-6385
-6055
-5494
-4984
-4652
-4414
-4194
-4035
-3933
-3759
-3450
-3120
-2900
-2731
-2425
-1850
-1084
-300
397
1044
1721
2447
3169
3813
4344
4671
4708
4516
4299
4140
3902
3410
2705
2007
1447
1015
654
322
-11
-341
-660
-946
-1182
-1386
-1645
-2104
-2791
-3534
-4112
-4549
-5086
-5800
-6461
-6833
-6980
-7043
-6955
-6589
-6049
-5539
-5003
-4197
-3112
-2066
-1267
-584
177
944
1539
1988
2414
2790
3003
3114
3308
3653
4023
4275
4454
4689
5024
5400
5700
5875
5963
5989
5960
5891
5813
5723
5557
5270
4945
4755
4781
4923
5016
5032
5070
5162
5147
4839
4323
3816
3293
2469
1264
26
-931
-1799
-2922
-4157
-5078
-5625
-6158
-6766
-7088
-6963
-6727
-6688
-6653
-6309
-5791
-5449
-5301
-5069
-4699
-4416
-4281
-4096
-3711
-3266
-2920
-2607
-2162
-1543
-838
-110
615
1331
2047
2725
3319
3808
4217
4528
4613
4433
4158
3950
3721
3281
2665
2097
1667
1265
821
423
152
-85
-414
-827
-1195
-1469
-1775
-2280
-3007
-3766
-4377
-4910
-5554
-6299
-6897
-7196
-7324
-7419
-7340
-6917
-6271
-5653
-5036
-4173
-3068
-2015
-1203
-475
366
1181
1759
2163
2614
3096
3397
3505
3640
3949
4305
4533
4667
4840
5090
5341
5538
5720
5906
6039
6045
5962
5880
5812
5676
5408
5068
4804
4690
4666
4652
4646
4693
4764
4702
4388
3925
3522
3159
2521
1452
254
-701
-1471
-2425
-3575
-4524
-5144
-5731
-6442
-6917
-6862
-6584
-6567
-6707
-6528
-5976
-5474
-5225
-4983
-4581
-4240
-4120
-3982
-3574
-3039
-2655
-2422
-2098
-1553
-879
-181
504
1147
1740
2326
2904
3446
3925
4289
4415
4252
3986
3848
3783
3476
2841
2172
1713
1365
946
522
243
2
-405
-935
-1331
-1534
-1792
-2344
-3138
-3913
-4516
-5036
-5638
-6338
-6956
-7329
-7477
-7484
-7322
-6907
-6304
-5683
-5031
-4153
-3001
-1845
-939
-181
625
1466
2150
2640
3083
3472
3678
3699
3771
4040
4379
4588
4693
4872
5188
5555
5901
6222
6492
6644
6620
6473
6297
6069
5718
5238
4725
4324
4091
4000
4024
4163
4404
4658
4795
4758
4620
4461
4212
3655
2708
1594
578
-377
-1521
-2845
-4035
-4933
-5736
-6568
-7156
-7272
-7146
-7125
-7122
-6793
-6161
-5588
-5223
-4851
-4367
-3973
-3777
-3595
-3277
-2943
-2742
-2588
-2322
-1925
-1432
-844
-192
408
974
1633
2383
3078
3618
4048
4373
4492
4409
4310
4234
3984
3463
2825
2295
1860
1403
967
645
373
36
-358
-744
-1129
-1589
-2118
-2692
-3345
-4090
-4813
-5420
-5968
-6530
-6981
-7137
-7065
-6953
-6784
-6352
-5627
-4826
-4067
-3204
-2161
-1140
-338
354
1138
1920
2443
2704
2923
3180
3349
3384
3464
3691
3939
4105
4296
4646
5099
5522
5851
6096
6253
6266
6128
5822
5362
4845
4375
3963
3559
3231
3124
3265
3521
3797
4111
4373
4363
4071
3786
3621
3228
2266
962
-162
-1075
-2190
-3559
-4738
-5533
-6305
-7215
-7828
-7792
-7472
-7405
-7449
-7093
-6363
-5748
-5383
-4972
-4415
-4024
-3950
-3876
-3546
-3129
-2912
-2839
-2664
-2276
-1725
-1056
-333
357
1003
1682
2438
3179
3823
4333
4643
4683
4557
4462
4395
4108
3477
2723
2116
1647
1157
645
231
-88
-459
-920
-1298
-1512
-1757
-2259
-2999
-3719
-4269
-4761
-5361
-6033
-6592
-6935
-7113
-7170
-7044
-6674
-6138
-5558
-4897
-4004
-2879
-1756
-841
-51
810
1720
2430
2840
3121
3378
3515
3479
3455
3607
3828
3898
3911
4147
4643
5193
5632
6004
6324
6489
6431
6241
5999
5627
5061
4397
3801
3379
3128
3026
3077
3284
3638
4042
4329
4392
4321
4271
4178
3745
2828
1687
662
-308
-1503
-2892
-4110
-5019
-5887
-6809
-7435
-7520
-7341
-7302
-7273
-6869
-6148
-5528
-5147
-4710
-4122
-3686
-3586
-3538
-3273
-2938
-2809
-2845
-2755
-2411
-1910
-1348
-727
-56
640
1369
2150
2957
3709
4319
4691
4793
4745
4716
4667
4377
3762
3030
2410
1887
1329
761
309
-73
-537
-1082
-1492
-1674
-1857
-2301
-2954
-3541
-3943
-4323
-4842
-5415
-5859
-6154
-6404
-6563
-6504
-6191
-5777
-5362
-4810
-3952
-2872
-1828
-915
-18
960
1891
2567
3004
3342
3614
3728
3685
3638
3704
3825
3907
4028
4313
4757
5246
5691
6069
6367
6525
6476
6248
5894
5470
5007
4499
3973
3539
3282
3208
3302
3579
4002
4441
4739
4844
4840
4812
4732
4392
3625
2529
1414
408
-686
-1990
-3291
-4317
-5160
-6032
-6773
-7037
-6887
-6736
-6695
-6437
-5811
-5149
-4730
-4364
-3852
-3394
-3254
-3275
-3131
-2843
-2698
-2737
-2713
-2447
-2007
-1495
-900
-229
471
1203
1995
2830
3622
4300
4786
5017
5038
5009
4961
4717
4162
3434
2775
2212
1637
1076
616
222
-254
-823
-1262
-1484
-1681
-2098
-2717
-3324
-3807
-4239
-4740
-5276
-5752
-6113
-6384
-6541
-6491
-6215
-5824
-5424
-4900
-4105
-3075
-2031
-1104
-207
729
1614
2295
2773
3136
3394
3487
3450
3398
3399
3448
3538
3702
3977
4398
4902
5400
5814
6119
6282
6238
5982
5603
5200
4768
4253
3693
3226
2952
2888
3020
3311
3688
4041
4274
4358
4371
4374
4272
3836
2948
1840
810
-142
-1276
-2622
-3886
-4872
-5735
-6604
-7221
-7334
-7160
-7102
-7093
-6766
-6083
-5439
-5068
-4732
-4268
-3903
-3819
-3785
-3560
-3265
-3180
-3258
-3197
-2876
-2386
-1844
-1261
-629
56
797
1610
2446
3230
3892
4320
4478
4486
4506
4477
4178
3533
2792
2190
1673
1104
538
96
-291
-815
-1410
-1825
-2004
-2233
-2743
-3408
-3968
-4375
-4796
-5323
-5869
-6301
-6603
-6817
-6901
-6760
-6415
-5990
-5535
-4935
-4045
-2946
-1888
-990
-152
731
1529
2102
2463
2736
2945
3021
2983
2963
3059
3222
3377
3564
3922
4475
5054
5496
5821
6061
6123
5934
5565
5187
4816
4337
3732
3183
2862
2760
2813
2996
3323
3726
4050
4194
4219
4237
4239
3996
3297
2262
1227
309
-712
-1979
-3288
-4363
-5239
-6102
-6856
-7201
-7145
-7043
-7035
-6872
-6329
-5629
-5113
-4763
-4347
-3880
-3614
-3561
-3468
-3198
-2973
-2967
-3014
-2849
-2446
-1957
-1430
-821
-111
654
1441
2257
3112
3914
4520
4852
4978
5056
5098
4969
4535
3878
3219
2670
2151
1605
1113
709
272
-274
-775
-1065
-1246
-1589
-2186
-2825
-3302
-3686
-4166
-4750
-5261
-5622
-5896
-6100
-6110
-5868
-5490
-5079
-4570
-3807
-2812
-1770
-833
34
929
1763
2392
2801
3093
3323
3432
3426
3393
3422
3514
3641
3835
4182
4718
5309
5805
6202
6511
6671
6570
6240
5831
5435
4979
4401
3814
3377
3165
3119
3213
3482
3915
4383
4694
4790
4796
4840
4824
4430
3544
2448
1452
491
-681
-2046
-3279
-4243
-5141
-6067
-6737
-6900
-6784
-6772
-6807
-6518
-5873
-5258
-4884
-4554
-4109
-3740
-3655
-3698
-3578
-3332
-3243
-3351
-3383
-3131
-2687
-2188
-1634
-983
-248
521
1321
2189
3065
3804
4272
4474
4589
4697
4694
4420
3857
3193
2609
2079
1525
1003
601
209
-340
-941
-1318
-1459
-1689
-2233
-2906
-3387
-3687
-4085
-4655
-5175
-5505
-5771
-6051
-6165
-5974
-5621
-5306
-4952
-4347
-3446
-2465
-1567
-716
178
1038
1716
2198
2571
2865
3019
3020
2989
3038
3165
3311
3472
3767
4287
4915
5466
5877
6194
6385
6301
5943
5499
5121
4752
4224
3586
3085
2879
2897
3014
3246
3663
4174
4560
4703
4717
4775
4800
4466
3617
2532
1548
625
-508
-1869
-3143
-4140
-5039
-5962
-6683
-6932
-6854
-6820
-6840
-6601
-6007
-5386
-4999
-4696
-4286
-3888
-3744
-3777
-3728
-3539
-3420
-3463
-3487
-3302
-2918
-2440
-1879
-1222
-498
243
1033
1889
2776
3573
4113
4385
4505
4624
4688
4501
4010
3374
2761
2201
1657
1167
788
413
-77
-615
-999
-1165
-1331
-1723
-2320
-2909
-3360
-3753
-4244
-4837
-5401
-5834
-6132
-6300
-6297
-6091
-5770
-5392
-4877
-4138
-3182
-2179
-1262
-414
420
1191
1793
2211
2503
2688
2733
2699
2707
2823
2997
3161
3386
3782
4353
4960
5494
5935
6248
6345
6186
5859
5500
5131
4678
4133
3585
3179
2958
2921
3044
3353
3825
4312
4646
4766
4807
4885
4881
4510
3691
2668
1714
743
-443
-1764
-2963
-3937
-4865
-5781
-6418
-6584
-6507
-6507
-6495
-6171
-5540
-4956
-4585
-4245
-3774
-3381
-3278
-3306
-3185
-2955
-2882
-3013
-3083
-2888
-2498
-2041
-1525
-901
-187
563
1352
2216
3118
3906
4427
4673
4806
4939
4987
4749
4197
3523
2896
2318
1742
1238
826
410
-122
-665
-1003
-1134
-1312
-1747
-2331
-2848
-3235
-3648
-4182
-4760
-5287
-5734
-6116
-6350
-6356
-6183
-5958
-5677
-5189
-4397
-3435
-2525
-1699
-859
17
775
1306
1657
1914
2045
1999
1891
1896
2071
2290
2475
2697
3077
3618
4188
4680
5049
5274
5303
5100
4724
4313
3917
3473
2941
2417
2074
1959
1999
2150
2456
2966
3568
4063
4309
4379
4416
4391
4107
3411
2443
1428
404
-771
-2088
-3303
-4266
-5119
-5992
-6693
-6949
-6829
-6684
-6603
-6339
-5794
-5199
-4791
-4444
-3998
-3610
-3519
-3631
-3631
-3445
-3308
-3382
-3491
-3385
-3039
-2552
-1985
-1325
-576
212
1031
1922
2881
3768
4401
4723
4857
4967
5035
4879
4405
3752
3095
2488
1918
1429
1072
737
287
-191
-475
-526
-599
-918
-1412
-1896
-2314
-2772
-3312
-3863
-4426
-5004
-5520
-5813
-5837
-5714
-5559
-5320
-4844
-4093
-3181
-2244
-1318
-378
543
1349
1964
2387
2654
2770
2720
2575
2461
2465
2585
2772
3035
3412
3908
4469
5007
5462
5783
5907
5799
5499
5091
4645
4150
3595
3023
2540
2229
2092
2113
2292
2651
3201
3812
4271
4469
4497
4515
4467
4086
3271
2228
1200
146
-1092
-2420
-3576
-4508
-5430
-6363
-6992
-7125
-6999
-6934
-6865
-6524
-5939
-5425
-5081
-4707
-4239
-3944
-3990
-4148
-4111
-3918
-3854
-3998
-4119
-4002
-3673
-3209
-2619
-1894
-1093
-284
562
1492
2466
3329
3918
4200
4312
4392
4397
4174
3671
3034
2415
1845
1313
875
566
274
-130
-553
-770
-773
-828
-1159
-1667
-2111
-2451
-2856
-3413
-4013
-4534
-4985
-5390
-5641
-5619
-5411
-5181
-4908
-4404
-3576
-2589
-1665
-826
37
924
1662
2156
2475
2698
2794
2694
2513
2445
2559
2753
2941
3178
3567
4118
4697
5195
5576
5827
5890
5742
5438
5072
4675
4210
3681
3176
2821
2648
2628
2714
2946
3383
4009
4657
5089
5244
5276
5338
5286
4831
3962
2949
1975
901
-391
-1705
-2777
-3677
-4635
-5543
-6040
-6056
-5959
-5992
-5953
-5588
-5063
-4692
-4465
-4139
-3738
-3589
-3747
-3896
-3801
-3640
-3688
-3882
-3952
-3764
-3410
-2960
-2367
-1639
-870
-100
746
1719
2702
3503
4017
4294
4467
4575
4531
4234
3709
3088
2493
1958
1489
1131
851
527
107
-266
-415
-443
-619
-1049
-1536
-1896
-2223
-2681
-3253
-3778
-4245
-4735
-5217
-5494
-5476
-5337
-5222
-5011
-4504
-3708
-2836
-2009
-1160
-236
648
1330
1830
2225
2494
2537
2369
2172
2080
2108
2167
2262
2502
2934
3477
4024
4546
5011
5350
5446
5302
5028
4716
4349
3876
3364
2915
2579
2353
2263
2370
2672
3124
3713
4387
4966
5247
5303
5378
5471
5262
4535
3501
2512
1557
415
-870
-2007
-2900
-3791
-4742
-5428
-5583
-5438
-5389
-5410
-5198
-4695
-4199
-3881
-3588
-3220
-2961
-2996
-3156
-3159
-3019
-3013
-3214
-3388
-3308
-2975
-2523
-2002
-1385
-664
135
1014
1972
2954
3819
4414
4723
4861
4971
5013
4825
4313
3620
2966
2436
1977
1546
1170
803
402
0
-246
-294
-378
-705
-1227
-1710
-2057
-2400
-2891
-3485
-4057
-4573
-5061
-5436
-5569
-5493
-5381
-5268
-4973
-4357
-3517
-2681
-1921
-1125
-257
554
1178
1612
1882
1992
1909
1710
1533
1450
1428
1410
1472
1731
2204
2788
3363
3874
4293
4554
4606
4461
4209
3893
3459
2899
2314
1856
1575
1429
1384
1481
1776
2284
2969
3664
4130
4289
4320
4408
4419
4020
3154
2119
1140
113
-1104
-2323
-3289
-4102
-5029
-5953
-6427
-6341
-6109
-6078
-6048
-5707
-5151
-4696
-4375
-3980
-3574
-3439
-3603
-3718
-3579
-3434
-3555
-3816
-3906
-3707
-3365
-2963
-2440
-1773
-1025
-245
631
1626
2602
3373
3826
4032
4161
4294
4313
4017
3394
2660
2027
1522
1073
663
304
-73
-505
-862
-985
-951
-1049
-1440
-1968
-2399
-2708
-3057
-3557
-4147
-4721
-5234
-5654
-5912
-5965
-5864
-5711
-5504
-5098
-4401
-3506
-2613
-1807
-1013
-178
617
1206
1570
1788
1903
1880
1754
1657
1676
1771
1881
2069
2419
2922
3476
3995
4436
4752
4901
4871
4708
4451
4087
3616
3110
2674
2350
2136
2031
2073
2268
2590
3088
3777
4515
4989
5094
5068
5145
5181
4774
3876
2833
1895
891
-333
-1539
-2456
-3234
-4169
-5107
-5567
-5460
-5278
-5352
-5423
-5135
-4584
-4146
-3863
-3519
-3149
-3024
-3176
-3279
-3135
-2984
-3080
-3329
-3412
-3207
-2829
-2365
-1807
-1136
-406
381
1257
2225
3184
3965
4454
4682
4810
4930
4944
4642
4018
3307
2708
2224
1762
1343
1002
667
283
-40
-138
-89
-153
-475
-919
-1297
-1600
-1958
-2439
-3009
-3617
-4198
-4682
-4985
-5110
-5124
-5070
-4910
-4546
-3904
-3044
-2125
-1257
-422
451
1303
1980
2398
2611
2684
2611
2408
2195
2086
2067
2066
2116
2343
2799
3389
3953
4406
4752
4984
5057
4965
4730
4374
3907
3358
2845
2446
2154
1938
1828
1898
2156
2571
3166
3915
4596
4929
4953
5003
5192
5163
4534
3488
2477
1575
494
-795
-1918
-2746
-3611
-4682
-5540
-5742
-5530
-5476
-5650
-5592
-5111
-4557
-4209
-3920
-3520
-3220
-3270
-3479
-3478
-3272
-3211
-3460
-3742
-3743
-3457
-3042
-2573
-2007
-1339
-612
169
1066
2077
3030
3702
4028
4178
4330
4460
4343
3873
3195
2534
1975
1472
1019
649
321
-75
-487
-725
-715
-659
-824
-1232
-1670
-1975
-2218
-2565
-3081
-3679
-4252
-4759
-5175
-5441
-5527
-5506
-5439
-5266
-4834
-4092
-3205
-2358
-1580
-751
157
976
1553
1879
2036
2068
1942
1747
1618
1573
1545
1513
1616
1982
2551
3148
3664
4090
4417
4588
4584
4466
4252
3889
3351
2756
2269
1959
1750
1590
1547
1695
2024
2514
3209
4037
4723
4992
4997
5106
5349
5283
4595
3546
2574
1689
611
-646
-1737
-2599
-3549
-4627
-5369
-5430
-5167
-5133
-5279
-5129
-4556
-3950
-3554
-3240
-2879
-2666
-2769
-2958
-2936
-2784
-2821
-3125
-3426
-3440
-3151
-2709
-2215
-1671
-1033
-273
594
1545
2534
3445
4101
4415
4524
4628
4738
4604
4068
3300
2576
2004
1500
1027
613
252
-115
-470
-656
-628
-568
-720
-1088
-1478
-1746
-1962
-2301
-2812
-3422
-4003
-4476
-4838
-5063
-5140
-5098
-4991
-4769
-4314
-3575
-2679
-1819
-1051
-259
617
1416
1951
2214
2327
2334
2227
2055
1934
1893
1838
1759
1807
2153
2717
3263
3659
3967
4236
4403
4392
4236
4020
3694
3225
2682
2249
2003
1853
1734
1703
1849
2200
2762
3505
4258
4703
4770
4750
4937
5111
4784
3879
2818
1913
978
-187
-1403
-2386
-3259
-4298
-5315
-5805
-5705
-5556
-5707
-5855
-5572
-4970
-4458
-4133
-3784
-3431
-3339
-3507
-3598
-3441
-3287
-3438
-3782
-3975
-3836
-3456
-2977
-2443
-1847
-1178
-403
503
1500
2475
3264
3750
3962
4075
4211
4261
3986
3355
2588
1926
1411
938
472
74
-258
-581
-850
-950
-864
-810
-989
-1365
-1715
-1935
-2158
-2555
-3149
-3789
-4333
-4763
-5109
-5330
-5379
-5322
-5213
-4973
-4439
-3594
-2661
-1839
-1097
-283
601
1339
1789
2004
2084
2035
1861
1661
1531
1445
1334
1268
1408
1811
2342
2846
3289
3688
4000
4131
4092
3957
3733
3359
2832
2289
1888
1631
1440
1297
1298
1516
1937
2543
3313
4055
4494
4618
4738
5042
5217
4820
3899
2919
2072
1112
-110
-1326
-2286
-3182
-4261
-5232
-5614
-5493
-5421
-5601
-5638
-5208
-4559
-4089
-3783
-3404
-3037
-2964
-3124
-3167
-2985
-2898
-3147
-3529
-3659
-3450
-3085
-2704
-2256
-1675
-980
-192
699
1677
2627
3364
3782
3976
4133
4301
4297
3937
3266
2544
1951
1449
973
548
211
-96
-367
-520
-488
-408
-477
-715
-1000
-1268
-1576
-1954
-2388
-2897
-3498
-4109
-4567
-4820
-4964
-5081
-5101
-4923
-4543
-3973
-3237
-2384
-1518
-719
50
843
1566
2054
2241
2245
2171
2052
1888
1707
1557
1457
1465
1653
2054
2597
3144
3602
3960
4220
4368
4367
4197
3854
3365
2815
2304
1905
1623
1412
1310
1362
1600
2042
2708
3562
4373
4862
5039
5223
5554
5704
5259
4299
3299
2450
1478
209
-1065
-2066
-2945
-3980
-4961
-5398
-5300
-5181
-5299
-5319
-4890
-4233
-3765
-3497
-3151
-2736
-2573
-2727
-2878
-2814
-2744
-2950
-3335
-3525
-3371
-3024
-2630
-2173
-1571
-841
-35
834
1770
2685
3426
3883
4099
4232
4328
4258
3864
3204
2506
1917
1403
886
432
121
-100
-303
-439
-427
-333
-346
-537
-787
-1014
-1285
-1685
-2193
-2743
-3326
-3929
-4455
-4811
-5017
-5148
-5207
-5096
-4720
-4105
-3347
-2525
-1695
-857
0
836
1560
2051
2276
2267
2108
1895
1676
1454
1206
978
907
1094
1497
2017
2569
3095
3559
3891
4071
4131
4042
3759
3270
2667
2099
1651
1305
1028
837
807
972
1306
1812
2551
3466
4277
4709
4845
5027
5334
5367
4746
3667
2624
1741
712
-589
-1849
-2818
-3697
-4686
-5502
-5734
-5517
-5387
-5482
-5381
-4811
-4091
-3655
-3427
-3107
-2735
-2640
-2875
-3081
-3085
-3127
-3440
-3838
-3959
-3722
-3343
-2960
-2481
-1811
-1003
-157
698
1591
2470
3179
3600
3782
3882
3940
3818
3387
2739
2113
1611
1168
726
363
133
-29
-189
-271
-172
-4
18
-167
-393
-531
-695
-1056
-1605
-2198
-2755
-3302
-3831
-4245
-4473
-4567
-4609
-4529
-4191
-3566
-2782
-1988
-1202
-371
519
1377
2097
2601
2852
2854
2659
2405
2188
1989
1741
1487
1407
1620
2057
2574
3117
3709
4287
4727
4961
5017
4935
4660
4166
3556
2973
2481
2065
1713
1475
1424
1565
1869
2312
2945
3790
4710
5426
5766
5914
6126
6316
6078
5238
4142
3172
2244
1049
-334
-1505
-2358
-3213
-4185
-4872
-4944
-4696
-4639
-4723
-4503
-3896
-3340
-3120
-2988
-2683
-2415
-2524
-2897
-3121
-3110
-3196
-3537
-3879
-3922
-3673
-3331
-2928
-2377
-1672
-936
-227
569
1492
2381
2998
3252
3328
3425
3500
3348
2871
2248
1689
1225
759
312
-5
-187
-372
-595
-679
-522
-314
-335
-566
-777
-875
-1032
-1421
-1983
-2566
-3131
-3715
-4261
-4664
-4921
-5124
-5284
-5248
-4910
-4316
-3619
-2912
-2162
-1322
-441
364
998
1421
1606
1572
1376
1121
893
656
377
112
40
276
745
1289
1835
2417
3007
3487
3764
3858
3822
3626
3217
2657
2103
1659
1310
1001
744
652
820
1217
1749
2372
3143
4072
4923
5441
5666
5860
6091
6025
5386
4379
3433
2592
1526
161
-1115
-2027
-2794
-3688
-4475
-4754
-4613
-4516
-4587
-4456
-3927
-3338
-3048
-2936
-2674
-2334
-2281
-2556
-2811
-2845
-2870
-3123
-3464
-3591
-3426
-3133
-2797
-2334
-1715
-1022
-313
461
1371
2279
2964
3328
3502
3676
3830
3791
3445
2892
2320
1811
1335
891
538
283
54
-149
-209
-45
194
273
172
41
3
-62
-330
-793
-1334
-1880
-2456
-3044
-3563
-3964
-4312
-4631
-4812
-4708
-4304
-3755
-3180
-2564
-1840
-1019
-206
493
1022
1358
1471
1389
1199
971
730
463
207
62
122
391
783
1238
1742
2273
2753
3104
3294
3323
3169
2818
2343
1855
1397
952
536
235
129
208
429
812
1376
2095
2927
3822
4654
5227
5489
5617
5752
5703
5158
4174
3149
2266
1291
28
-1267
-2255
-3035
-3876
-4696
-5108
-5040
-4887
-4901
-4868
-4523
-4022
-3687
-3493
-3234
-2955
-2935
-3238
-3561
-3675
-3726
-3944
-4284
-4499
-4480
-4282
-3935
-3429
-2786
-2079
-1352
-557
341
1263
2052
2576
2853
3030
3174
3203
2964
2452
1867
1376
967
581
275
113
42
-21
2
255
670
981
1030
957
943
942
778
371
-203
-862
-1572
-2285
-2916
-3474
-4024
-4562
-4941
-5007
-4763
-4317
-3797
-3216
-2512
-1683
-770
107
828
1321
1556
1573
1457
1274
1069
828
546
307
242
400
714
1124
1610
2147
2660
3083
3392
3601
3671
3522
3168
2749
2383
2057
1712
1373
1159
1125
1287
1649
2176
2799
3500
4314
5237
6065
6562
6761
6891
7023
6881
6218
5219
4242
3293
2123
748
-495
-1420
-2261
-3223
-4044
-4368
-4281
-4183
-4201
-4060
-3653
-3229
-2974
-2793
-2534
-2357
-2500
-2880
-3175
-3265
-3390
-3737
-4160
-4389
-4335
-4065
-3664
-3169
-2575
-1902
-1163
-352
529
1401
2110
2524
2704
2820
2955
2957
2639
2076
1515
1126
853
620
456
408
415
430
568
932
1376
1628
1614
1506
1450
1353
1057
507
-199
-948
-1741
-2562
-3313
-3958
-4556
-5123
-5566
-5722
-5548
-5157
-4688
-4170
-3495
-2628
-1698
-851
-140
417
777
917
888
777
620
389
84
-209
-343
-278
-96
150
480
930
1443
1938
2351
2659
2834
2810
2596
2300
2030
1771
1474
1145
920
915
1108
1427
1850
2408
3069
3796
4632
5522
6191
6449
6457
6484
6472
6087
5195
4061
2991
1943
715
-601
-1687
-2492
-3298
-4167
-4740
-4776
-4550
-4448
-4438
-4237
-3796
-3383
-3147
-2985
-2809
-2758
-2980
-3303
-3468
-3499
-3646
-3990
-4310
-4371
-4167
-3842
-3444
-2950
-2348
-1679
-949
-140
693
1448
1997
2343
2580
2799
2964
2947
2693
2304
1952
1702
1526
1375
1274
1222
1177
1154
1255
1528
1811
1895
1771
1615
1496
1294
885
275
-430
-1181
-1983
-2811
-3577
-4230
-4824
-5373
-5768
-5877
-5691
-5316
-4833
-4240
-3516
-2662
-1776
-939
-185
437
849
1025
1019
932
758
432
16
-334
-510
-541
-513
-398
-104
354
862
1344
1822
2311
2701
2895
2912
2886
2855
2735
2477
2177
2018
2030
2147
2343
2649
3088
3601
4144
4787
5588
6353
6748
6725
6634
6715
6694
6143
5084
3975
3059
2111
912
-324
-1271
-2031
-2894
-3769
-4199
-4100
-3952
-4080
-4197
-3907
-3358
-2994
-2900
-2778
-2542
-2474
-2733
-3061
-3132
-3093
-3316
-3805
-4183
-4173
-3904
-3632
-3375
-2982
-2384
-1655
-888
-57
860
1748
2410
2827
3188
3634
4023
4082
3799
3406
3116
2884
2571
2223
1976
1810
1600
1399
1404
1638
1845
1801
1596
1471
1458
1350
995
454
-178
-881
-1642
-2387
-3047
-3672
-4350
-4997
-5424
-5544
-5445
-5240
-4928
-4431
-3736
-2918
-2067
-1235
-453
200
640
870
962
929
728
331
-166
-577
-813
-933
-991
-907
-558
4
656
1343
2076
2810
3394
3737
3924
4053
4106
3980
3680
3333
3017
2740
2532
2451
2526
2724
2981
3329
3832
4514
5337
6080
6498
6559
6530
6663
6751
6335
5334
4165
3203
2312
1182
-97
-1189
-2059
-2933
-3789
-4270
-4244
-4131
-4275
-4434
-4217
-3676
-3261
-3149
-3086
-2944
-2922
-3192
-3566
-3777
-3895
-4188
-4653
-5001
-5036
-4828
-4536
-4164
-3648
-2956
-2125
-1198
-191
849
1801
2528
3018
3374
3696
3930
3914
3586
3094
2652
2303
1947
1566
1238
993
791
656
693
936
1168
1207
1099
1010
1007
919
603
80
-552
-1239
-1992
-2764
-3486
-4168
-4846
-5493
-5975
-6189
-6159
-6005
-5784
-5430
-4883
-4156
-3358
-2573
-1855
-1233
-751
-441
-280
-252
-378
-670
-1040
-1333
-1457
-1456
-1389
-1234
-901
-352
343
1107
1892
2664
3293
3700
3921
3993
3939
3711
3317
2850
2401
2000
1668
1458
1394
1437
1579
1881
2376
2994
3687
4448
5196
5727
5904
5872
5871
5837
5427
4471
3297
2294
1406
352
-876
-1965
-2767
-3470
-4169
-4620
-4660
-4520
-4511
-4576
-4398
-3954
-3598
-3528
-3540
-3439
-3376
-3590
-3973
-4223
-4293
-4406
-4684
-4940
-4907
-4581
-4129
-3629
-3023
-2262
-1413
-530
387
1327
2203
2863
3237
3442
3639
3834
3830
3508
3016
2571
2247
1938
1585
1265
1062
929
819
841
1068
1350
1459
1397
1343
1342
1250
928
421
-159
-802
-1548
-2340
-3073
-3738
-4412
-5101
-5664
-5951
-5974
-5849
-5644
-5328
-4812
-4107
-3305
-2508
-1769
-1098
-543
-146
99
256
336
273
59
-182
-287
-237
-140
-31
199
610
1159
1755
2366
2986
3554
3952
4113
4118
4036
3851
3529
3129
2751
2417
2126
1887
1760
1788
1943
2192
2531
2991
3575
4241
4973
5699
6198
6313
6209
6153
6101
5705
4793
3648
2658
1817
826
-349
-1391
-2142
-2811
-3568
-4146
-4251
-4081
-4019
-4096
-3993
-3609
-3217
-3048
-3003
-2887
-2795
-2944
-3265
-3480
-3526
-3610
-3852
-4099
-4125
-3882
-3481
-3000
-2439
-1772
-1027
-226
643
1558
2412
3048
3418
3622
3801
3974
3988
3709
3227
2775
2438
2163
1876
1593
1356
1156
1018
1022
1217
1471
1574
1497
1418
1445
1447
1223
738
106
-567
-1287
-2059
-2827
-3547
-4227
-4914
-5489
-5796
-5804
-5662
-5503
-5258
-4771
-4016
-3152
-2357
-1651
-957
-301
207
525
723
835
814
618
347
173
125
110
109
240
569
1006
1463
1966
2561
3174
3646
3918
4054
4112
4044
3805
3442
3060
2684
2290
1911
1628
1509
1521
1623
1849
2244
2806
3431
4050
4729
5496
6150
6427
6345
6177
6051
5703
4868
3729
2678
1802
804
-421
-1531
-2267
-2836
-3538
-4196
-4403
-4188
-3986
-3995
-3959
-3638
-3224
-3046
-3060
-3024
-2940
-3085
-3495
-3870
-4011
-4069
-4299
-4627
-4772
-4581
-4142
-3640
-3109
-2483
-1724
-899
-64
792
1639
2359
2810
3003
3131
3302
3393
3196
2713
2208
1852
1593
1302
979
741
599
487
414
506
741
908
887
771
745
781
637
201
-385
-961
-1559
-2256
-3004
-3674
-4224
-4789
-5362
-5749
-5815
-5664
-5467
-5222
-4792
-4115
-3332
-2599
-1902
-1206
-569
-80
246
475
621
622
433
168
-27
-104
-125
-162
-160
8
366
830
1338
1877
2409
2866
3184
3372
3510
3589
3503
3228
2858
2493
2191
1945
1733
1561
1426
1341
1392
1644
2077
2616
3153
3676
4283
5033
5739
6098
6035
5818
5699
5497
4852
3776
2690
1819
943
-136
-1204
-1922
-2414
-3024
-3682
-3946
-3710
-3407
-3376
-3421
-3207
-2825
-2614
-2620
-2595
-2523
-2676
-3144
-3625
-3822
-3856
-4010
-4320
-4510
-4366
-3952
-3423
-2847
-2198
-1460
-670
135
974
1846
2650
3213
3477
3577
3690
3784
3654
3226
2675
2221
1884
1550
1218
976
829
679
555
608
882
1186
1279
1182
1107
1136
1128
889
383
-237
-842
-1418
-2007
-2621
-3223
-3776
-4245
-4592
-4747
-4682
-4476
-4248
-3969
-3530
-2894
-2175
-1532
-999
-518
-78
223
391
496
545
465
212
-88
-269
-309
-323
-344
-275
-31
335
766
1247
1779
2321
2744
3018
3215
3357
3390
3267
3000
2668
2347
2062
1806
1564
1334
1183
1189
1359
1653
2031
2504
3028
3569
4133
4796
5471
5855
5780
5491
5331
5218
4765
3797
2667
1759
981
50
-954
-1708
-2190
-2715
-3384
-3826
-3767
-3490
-3465
-3683
-3739
-3497
-3253
-3246
-3370
-3437
-3543
-3862
-4252
-4447
-4446
-4496
-4727
-4904
-4785
-4368
-3841
-3324
-2761
-2097
-1373
-636
125
917
1636
2121
2314
2353
2450
2602
2607
2309
1798
1353
1100
932
737
522
371
278
201
233
443
758
962
930
833
836
929
922
650
167
-399
-967
-1502
-2010
-2502
-3024
-3605
-4120
-4394
-4402
-4277
-4179
-4101
-3898
-3500
-2980
-2468
-2007
-1582
-1216
-928
-692
-465
-275
-219
-318
-465
-541
-524
-483
-452
-379
-212
77
462
915
1400
1881
2316
2674
2953
3172
3324
3356
3219
2929
2581
2273
2023
1787
1525
1271
1109
1129
1356
1743
2213
2684
3171
3705
4325
5025
5713
6171
6223
5974
5726
5622
5381
4666
3557
2478
1649
893
0
-893
-1561
-2094
-2686
-3269
-3490
-3319
-3172
-3314
-3540
-3497
-3234
-3089
-3190
-3343
-3428
-3600
-3943
-4261
-4364
-4329
-4395
-4571
-4598
-4296
-3754
-3176
-2639
-2053
-1370
-644
74
770
1460
2049
2396
2501
2535
2647
2756
2648
2264
1811
1496
1339
1215
1057
924
846
799
813
956
1225
1465
1510
1408
1319
1325
1337
1190
839
356
-159
-639
-1094
-1524
-1967
-2482
-3033
-3495
-3714
-3722
-3704
-3769
-3839
-3718
-3400
-3023
-2683
-2381
-2083
-1814
-1590
-1312
-962
-672
-549
-574
-562
-425
-243
-120
-59
33
184
387
651
983
1337
1644
1880
2096
2349
2618
2830
2888
2798
2645
2504
2397
2264
2086
1897
1721
1584
1518
1575
1781
2057
2318
2602
2987
3503
4085
4662
5224
5665
5806
5659
5478
5429
5275
4641
3576
2532
1789
1110
198
-830
-1645
-2219
-2797
-3424
-3815
-3848
-3814
-3974
-4185
-4149
-3901
-3753
-3827
-3922
-3901
-3909
-4093
-4324
-4401
-4344
-4334
-4423
-4437
-4214
-3786
-3298
-2818
-2311
-1722
-1065
-396
238
861
1452
1889
2111
2207
2332
2503
2520
2275
1909
1648
1519
1376
1181
1016
952
922
890
933
1137
1386
1488
1440
1380
1415
1463
1365
1073
680
279
-127
-578
-1082
-1592
-2081
-2580
-3073
-3465
-3672
-3745
-3818
-3918
-3901
-3676
-3326
-3006
-2737
-2424
-2061
-1730
-1470
-1193
-876
-618
-514
-488
-395
-214
-75
-49
-25
117
348
557
737
989
1340
1665
1883
2053
2271
2517
2659
2630
2520
2438
2382
2295
2146
1987
1860
1768
1720
1730
1811
1948
2135
2379
2699
3109
3556
3973
4370
4806
5258
5542
5501
5240
5026
4875
4481
3648
2604
1727
1031
220
-778
-1654
-2224
-2705
-3313
-3872
-4048
-3913
-3863
-4024
-4111
-3918
-3637
-3536
-3570
-3531
-3437
-3500
-3727
-3895
-3854
-3768
-3834
-3993
-4011
-3767
-3365
-2944
-2524
-2039
-1470
-846
-220
429
1107
1706
2074
2228
2349
2565
2772
2737
2442
2083
1840
1680
1480
1250
1080
984
889
827
910
1141
1363
1437
1397
1403
1484
1539
1448
1179
816
406
-30
-502
-1013
-1550
-2113
-2681
-3183
-3542
-3733
-3833
-3918
-3967
-3875
-3597
-3225
-2862
-2519
-2150
-1763
-1405
-1098
-791
-498
-303
-244
-242
-173
-45
37
35
32
131
331
565
814
1112
1464
1809
2117
2423
2753
3057
3230
3258
3220
3184
3131
2981
2713
2398
2115
1902
1737
1593
1484
1456
1547
1750
2052
2440
2898
3361
3756
4117
4564
5054
5343
5232
4881
4595
4398
3967
3121
2109
1261
555
-256
-1153
-1844
-2240
-2631
-3181
-3622
-3640
-3371
-3248
-3391
-3501
-3387
-3224
-3235
-3370
-3437
-3502
-3752
-4144
-4412
-4396
-4280
-4322
-4467
-4429
-4076
-3510
-2947
-2437
-1860
-1189
-502
133
732
1324
1815
2060
2094
2093
2181
2259
2111
1738
1365
1153
1070
984
873
831
883
953
1011
1165
1470
1771
1832
1677
1548
1548
1537
1295
813
292
-161
-606
-1109
-1636
-2113
-2541
-2934
-3277
-3503
-3595
-3603
-3586
-3541
-3419
-3196
-2906
-2635
-2414
-2209
-1990
-1762
-1573
-1419
-1263
-1122
-1028
-962
-836
-604
-374
-227
-104
107
420
722
985
1249
1530
1778
1945
2080
2250
2406
2452
2379
2256
2162
2099
2010
1857
1661
1476
1364
1338
1355
1390
1448
1552
1710
1946
2278
2673
3053
3362
3618
3913
4292
4672
4866
4745
4397
4068
3885
3619
3027
2171
1366
776
215
-468
-1126
-1582
-1927
-2381
-2863
-3062
-2967
-2908
-3084
-3301
-3320
-3227
-3242
-3354
-3408
-3434
-3586
-3877
-4056
-3980
-3819
-3796
-3886
-3872
-3604
-3142
-2631
-2147
-1695
-1224
-700
-161
373
891
1356
1673
1767
1759
1856
2071
2188
2049
1772
1612
1613
1651
1637
1616
1642
1654
1633
1663
1792
1923
1900
1717
1512
1395
1312
1125
799
409
33
-302
-619
-935
-1250
-1567
-1891
-2188
-2393
-2484
-2515
-2565
-2650
-2707
-2668
-2534
-2372
-2250
-2172
-2098
-1994
-1850
-1679
-1491
-1303
-1140
-1015
-866
-640
-354
-97
74
212
398
633
854
1028
1174
1308
1407
1478
1551
1640
1711
1713
1671
1632
1628
1651
1663
1624
1539
1458
1426
1445
1467
1451
1413
1381
1397
1485
1662
1889
2091
2276
2511
2825
3177
3526
3855
4119
4198
4092
3985
3975
3900
3491
2768
2054
1522
1016
337
-426
-1067
-1579
-2100
-2622
-2948
-3031
-3095
-3293
-3491
-3502
-3364
-3279
-3312
-3359
-3362
-3402
-3540
-3681
-3717
-3687
-3708
-3810
-3858
-3727
-3433
-3073
-2705
-2313
-1843
-1292
-709
-114
489
1069
1520
1810
2018
2264
2538
2677
2584
2357
2176
2114
2078
1975
1815
1660
1557
1505
1523
1607
1694
1699
1591
1469
1430
1447
1374
1115
735
356
35
-296
-689
-1128
-1570
-2020
-2447
-2775
-2992
-3138
-3301
-3471
-3541
-3455
-3267
-3068
-2911
-2760
-2573
-2339
-2071
-1814
-1618
-1482
-1361
-1224
-1065
-893
-732
-605
-510
-410
-245
2
261
469
644
838
1075
1314
1533
1726
1880
1969
1989
1987
1997
1990
1923
1798
1651
1511
1397
1314
1264
1238
1199
1180
1220
1319
1464
1649
1870
2110
2345
2584
2872
3201
3494
3705
3867
3979
3985
3852
3657
3478
3205
2710
2061
1476
1030
552
-88
-744
-1218
-1549
-1928
-2373
-2696
-2821
-2917
-3119
-3344
-3449
-3450
-3509
-3656
-3765
-3787
-3807
-3903
-4006
-3997
-3871
-3726
-3602
-3455
-3202
-2817
-2349
-1869
-1401
-906
-370
178
690
1163
1614
1999
2250
2397
2532
2686
2773
2704
2539
2421
2387
2358
2254
2135
2088
2084
2045
1977
1947
1954
1906
1726
1473
1260
1087
844
476
61
-305
-635
-990
-1349
-1650
-1898
-2163
-2457
-2682
-2778
-2821
-2916
-3048
-3115
-3079
-3014
-2957
-2909
-2833
-2722
-2613
-2481
-2319
-2115
-1906
-1717
-1533
-1318
-1043
-734
-463
-262
-57
202
478
689
835
994
1172
1314
1379
1428
1524
1624
1649
1619
1603
1626
1638
1614
1581
1570
1564
1544
1525
1515
1506
1496
1492
1482
1462
1424
1425
1480
1561
1646
1751
1926
2155
2406
2651
2914
3213
3497
3665
3680
3623
3568
3466
3169
2663
2086
1554
1015
369
-336
-959
-1464
-1968
-2502
-2941
-3169
-3287
-3444
-3615
-3671
-3593
-3511
-3489
-3457
-3344
-3222
-3191
-3208
-3160
-3011
-2852
-2745
-2652
-2478
-2200
-1853
-1481
-1095
-667
-205
251
681
1117
1578
1990
2259
2386
2484
2630
2743
2696
2513
2305
2144
1994
1802
1596
1419
1261
1088
930
832
790
737
627
483
346
237
125
-41
-259
-514
-770
-1014
-1270
-1530
-1789
-2021
-2250
-2477
-2664
-2779
-2839
-2902
-2961
-2976
-2915
-2799
-2669
-2522
-2353
-2155
-1943
-1731
-1486
-1213
-948
-734
-567
-388
-168
61
237
348
433
549
688
807
909
1004
1104
1181
1239
1321
1439
1538
1575
1574
1572
1589
1604
1584
1527
1452
1375
1301
1233
1164
1083
1005
947
898
875
877
904
984
1101
1269
1492
1759
2072
2416
2766
3108
3449
3769
4009
4103
4046
3919
3758
3496
3046
2437
1812
1236
670
48
-559
-1069
-1483
-1861
-2206
-2429
-2510
-2535
-2594
-2667
-2676
-2623
-2562
-2549
-2559
-2581
-2628
-2694
-2752
-2740
-2685
-2630
-2585
-2502
-2305
-1997
-1631
-1256
-874
-473
-54
368
768
1132
1428
1625
1719
1739
1743
1721
1633
1463
1234
1023
875
765
659
557
486
468
489
528
589
670
744
761
715
651
598
512
331
69
-228
-504
-762
-1037
-1309
-1554
-1746
-1904
-2027
-2093
-2110
-2080
-2046
-2027
-2010
-1952
-1862
-1785
-1751
-1746
-1721
-1660
-1577
-1514
-1449
-1350
-1214
-1068
-917
-736
-511
-275
-64
117
303
512
704
836
903
950
993
1004
977
931
889
842
768
694
652
650
649
641
643
683
757
843
928
1014
1097
1159
1208
1276
1366
1432
1459
1484
1551
1681
1850
2039
2253
2506
2796
3105
3437
3768
4057
4235
4270
4216
4105
3918
3597
3101
2501
1892
1289
666
29
-554
-1053
-1502
-1924
-2254
-2426
-2473
-2512
-2596
-2646
-2606
-2527
-2501
-2534
-2570
-2608
-2700
-2850
-2977
-3019
-3029
-3079
-3151
-3140
-2978
-2726
-2466
-2186
-1843
-1438
-1011
-602
-182
245
616
885
1059
1205
1361
1469
1463
1349
1216
1125
1063
980
874
786
729
702
695
714
773
829
832
787
741
713
657
527
322
77
-171
-421
-679
-932
-1173
-1403
-1609
-1762
-1852
-1889
-1904
-1915
-1907
-1870
-1814
-1750
-1695
-1652
-1627
-1618
-1604
-1579
-1539
-1506
-1493
-1481
-1443
-1374
-1287
-1192
-1097
-993
-876
-742
-598
-459
-315
-185
-87
-15
58
136
208
254
272
299
348
411
481
551
630
711
802
895
986
1088
1174
1246
1300
1344
1389
1425
1454
1473
1490
1510
1550
1625
1729
1876
2054
2257
2495
2780
3093
3394
3660
3896
4083
4178
4154
4021
3817
3525
3105
2560
1949
1351
750
118
-515
-1087
-1562
-1977
-2355
-2659
-2839
-2917
-2982
-3063
-3107
-3078
-3021
-3012
-3058
-3109
-3142
-3187
-3271
-3355
-3381
-3344
-3298
-3241
-3108
-2852
-2491
-2105
-1710
-1268
-759
-229
256
687
1095
1466
1747
1922
2030
2112
2154
2117
2016
1904
1830
1773
1704
1631
1601
1624
1662
1701
1739
1798
1849
1847
1792
1700
1573
1387
1126
799
445
88
-278
-646
-1001
-1319
-1588
-1799
-1949
-2045
-2089
-2088
-2070
-2033
-1972
-1890
-1806
-1749
-1715
-1700
-1680
-1652
-1625
-1604
-1581
-1539
-1477
-1393
-1272
-1121
-945
-756
-582
-405
-212
-5
182
317
409
486
562
612
630
631
649
659
648
636
660
721
790
840
880
950
1050
1155
1246
1327
1407
1471
1521
1555
1570
1576
1569
1560
1540
1516
1513
1552
1633
1742
1876
2042
2260
2516
2776
3009
3220
3414
3554
3584
3492
3314
3087
2792
2376
1846
1281
745
227
-316
-854
-1311
-1657
-1957
-2253
-2488
-2591
-2593
-2612
-2692
-2752
-2730
-2687
-2704
-2784
-2856
-2893
-2948
-3060
-3150
-3131
-3027
-2926
-2843
-2682
-2370
-1952
-1516
-1088
-645
-152
328
760
1148
1513
1830
2029
2120
2154
2189
2215
2174
2048
1891
1766
1677
1604
1531
1463
1426
1392
1350
1318
1304
1284
1203
1055
858
662
461
223
-63
-381
-687
-982
-1239
-1460
-1644
-1784
-1903
-1976
-2000
-1972
-1908
-1830
-1758
-1700
-1644
-1592
-1538
-1498
-1502
-1531
-1562
-1592
-1621
-1637
-1622
-1588
-1537
-1469
-1370
-1228
-1062
-892
-726
-547
-375
-210
-49
94
226
331
398
442
479
515
536
545
552
548
556
575
609
645
669
690
706
722
735
748
755
756
754
738
740
764
785
805
830
876
948
1036
1121
1225
1376
1564
1774
1990
2231
2494
2751
2977
3169
3330
3428
3402
3242
3001
2733
2400
1948
1408
852
320
-206
-735
-1211
-1588
-1911
-2236
-2524
-2683
-2723
-2716
-2748
-2790
-2779
-2723
-2669
-2644
-2610
-2567
-2551
-2573
-2572
-2496
-2359
-2207
-2078
-1927
-1697
-1368
-996
-631
-274
77
420
738
1025
1284
1493
1636
1678
1650
1616
1599
1568
1474
1332
1205
1129
1099
1076
1050
1040
1049
1059
1049
1039
1039
1011
923
763
572
383
180
-64
-364
-677
-963
-1219
-1453
-1667
-1827
-1927
-1989
-2012
-1998
-1929
-1829
-1738
-1659
-1589
-1511
-1453
-1422
-1424
-1432
-1442
-1470
-1487
-1485
-1451
-1403
-1338
-1244
-1111
-941
-757
-574
-379
-191
-23
120
240
335
396
413
376
318
257
196
129
57
-3
-31
-15
34
112
227
362
500
636
773
916
1049
1141
1179
1199
1208
1208
1183
1144
1107
1066
1029
1019
1050
1111
1187
1270
1382
1537
1736
1952
2158
2361
2573
2772
2937
3066
3158
3201
3156
3012
2792
2532
2242
1879
1442
965
508
92
-315
-704
-1037
-1298
-1511
-1699
-1842
-1917
-1931
-1944
-1990
-2045
-2074
-2088
-2115
-2165
-2233
-2283
-2312
-2336
-2329
-2270
-2151
-2001
-1833
-1624
-1353
-1014
-663
-324
5
326
643
932
1176
1370
1517
1602
1618
1603
1564
1501
1417
1297
1160
1036
942
868
796
739
686
636
601
565
534
479
390
266
114
-53
-227
-424
-647
-881
-1098
-1280
-1445
-1567
-1658
-1712
-1732
-1731
-1677
-1599
-1509
-1425
-1356
-1296
-1242
-1185
-1136
-1109
-1100
-1097
-1084
-1045
-997
-935
-864
-788
-691
-579
-441
-293
-158
-31
73
157
241
314
356
358
322
263
203
152
88
27
-33
-74
-84
-80
-36
48
149
244
332
429
545
652
733
772
788
791
789
776
746
723
704
693
700
742
816
913
1034
1171
1325
1497
1695
1911
2126
2321
2509
2696
2888
3047
3167
3249
3292
3304
3251
3116
2922
2691
2434
2110
1718
1306
907
532
142
-256
-608
-896
-1141
-1387
-1606
-1762
-1863
-1945
-2053
-2166
-2237
-2276
-2332
-2420
-2487
-2521
-2542
-2569
-2580
-2543
-2445
-2327
-2203
-2049
-1846
-1590
-1317
-1062
-814
-551
-287
-55
146
323
477
600
667
711
750
783
796
773
750
730
728
731
727
726
732
726
719
703
689
667
605
508
405
297
175
38
-112
-274
-427
-552
-661
-751
-820
-861
-880
-888
-869
-828
-781
-740
-724
-721
-722
-739
-775
-845
-941
-1037
-1126
-1207
-1287
-1354
-1401
-1419
-1413
-1390
-1330
-1244
-1160
-1078
-997
-917
-832
-757
-712
-707
-705
-698
-700
-710
-727
-726
-705
-676
-624
-547
-437
-311
-177
-43
97
263
415
537
633
717
793
846
885
903
924
946
968
1000
1050
1125
1222
1319
1427
1552
1699
1861
2006
2135
2259
2392
2518
2628
2720
2801
2873
2930
2962
2974
2972
2942
2860
2718
2524
2305
2057
1749
1374
965
551
138
-276
-690
-1069
-1408
-1699
-1964
-2188
-2332
-2407
-2455
-2501
-2536
-2521
-2470
-2420
-2390
-2372
-2328
-2276
-2235
-2194
-2125
-2006
-1873
-1742
-1597
-1402
-1140
-858
-586
-315
-31
279
566
820
1054
1272
1463
1584
1649
1693
1724
1739
1696
1604
1507
1424
1344
1253
1156
1077
1010
940
868
796
741
688
614
497
363
245
116
-22
-191
-373
-538
-700
-841
-975
-1086
-1170
-1244
-1310
-1356
-1379
-1381
-1380
-1398
-1423
-1459
-1483
-1510
-1542
-1575
-1618
-1654
-1692
-1713
-1703
-1678
-1636
-1590
-1520
-1428
-1325
-1200
-1071
-930
-792
-655
-528
-400
-267
-146
-40
40
127
209
280
353
413
478
547
610
670
732
800
868
918
957
990
1022
1041
1052
1051
1038
1027
1021
1015
1011
1016
1027
1053
1086
1119
1155
1197
1253
1315
1370
1416
1463
1526
1594
1658
1726
1802
1891
1963
2006
2036
2064
2077
2035
1931
1774
1594
1395
1147
849
522
198
-116
-435
-738
-995
-1206
-1380
-1550
-1689
-1762
-1779
-1776
-1790
-1801
-1797
-1767
-1745
-1745
-1748
-1737
-1727
-1726
-1715
-1670
-1581
-1471
-1357
-1226
-1053
-831
-582
-339
-106
131
366
588
776
943
1075
1168
1216
1218
1198
1166
1125
1052
954
853
761
694
629
572
524
482
450
412
383
351
310
247
159
55
-59
-174
-304
-449
-601
-749
-889
-1012
-1115
-1196
-1260
-1312
-1355
-1380
-1382
-1368
-1352
-1345
-1342
-1345
-1342
-1340
-1336
-1334
-1333
-1331
-1325
-1305
-1256
-1184
-1113
-1031
-939
-821
-684
-538
-382
-235
-89
45
169
292
407
511
582
624
650
682
712
726
718
706
701
699
704
720
741
762
782
800
826
866
910
941
960
967
986
1011
1032
1049
1054
1052
1061
1084
1114
1150
1189
1231
1287
1358
1446
1547
1651
1751
1843
1932
2015
2093
2145
2151
2107
2025
1918
1787
1611
1379
1121
847
574
298
22
-230
-461
-672
-857
-1010
-1111
-1177
-1229
-1285
-1335
-1353
-1352
-1357
-1380
-1409
-1435
-1454
-1472
-1480
-1467
-1428
-1373
-1309
-1219
-1078
-904
-711
-522
-338
-139
75
282
457
608
732
829
891
925
943
943
923
874
805
742
694
651
601
543
495
465
436
407
373
334
291
228
153
70
-19
-122
-245
-382
-528
-658
-777
-899
-1010
-1118
-1204
-1275
-1331
-1353
-1369
-1370
-1373
-1374
-1356
-1335
-1303
-1275
-1257
-1245
-1229
-1205
-1169
-1129
-1082
-1032
-984
-926
-849
-758
-662
-569
-486
-401
-310
-217
-134
-53
14
65
115
163
216
270
317
353
383
425
475
527
574
612
642
659
682
703
716
719
708
682
644
610
583
545
498
444
388
342
306
275
240
199
159
128
111
105
104
94
85
86
92
106
130
153
173
199
229
266
312
360
401
436
474
521
574
632
685
730
777
825
870
916
960
995
1007
1001
988
968
935
879
792
693
575
461
348
220
96
-28
-150
-259
-354
-435
-500
-565
-626
-680
-722
-752
-780
-811
-850
-881
-910
-924
-930
-935
-928
-912
-882
-832
-768
-684
-590
-497
-396
-288
-179
-78
19
104
168
223
257
279
279
267
248
207
165
116
67
24
-19
-59
-89
-114
-127
-130
-129
-125
-129
-128
-130
-135
-140
-158
-184
-216
-249
-277
-303
-323
-341
-354
-352
-337
-308
-261
-211
-153
-94
-34
34
97
151
193
224
248
263
276
283
288
289
287
292
312
344
392
451
508
575
651
733
820
910
987
1052
1110
1158
1206
1240
1258
1258
1245
1232
1218
1205
1191
1169
1141
1106
1073
1041
998
948
870
775
665
546
410
244
62
-128
-325
-522
-700
-870
-1020
-1154
-1268
-1352
-1402
-1423
-1424
-1409
-1381
-1336
-1277
-1210
-1145
-1080
-1028
-970
-915
-857
-779
-700
-616
-525
-419
-295
-156
-7
145
299
449
594
732
849
941
1009
1044
1045
1025
987
922
831
724
606
488
372
260
154
65
-21
-92
-148
-203
-251
-303
-351
-402
-462
-517
-582
-648
-720
-790
-852
-915
-966
-1003
-1021
-1017
-1002
-976
-935
-882
-815
-742
-665
-592
-525
-456
-395
-342
-292
-258
-239
-223
-213
-199
-190
-184
-182
-187
-183
-185
-182
-181
-191
-198
-212
-223
-234
-246
-261
-285
-304
-319
-327
-330
-331
-328
-326
-327
-322
-313
-300
-288
-281
-279
-272
-259
-247
-236
-230
-215
-196
-173
-142
-110
-78
-49
-21
9
50
92
130
158
177
201
228
252
270
284
294
309
324
347
367
384
402
415
434
449
465
472
465
447
440
430
404
369
331
292
249
216
182
156
132
110
93
83
87
91
97
104
113
128
147
158
162
162
162
158
146
140
123
98
77
52
29
12
-12
-26
-46
-61
-66
-59
-55
-57
-54
-51
-37
-13
-5
-2
-2
-8
-7
-9
-15
-29
-49
-75
-91
-101
-111
-125
-144
-171
-185
-189
-193
-193
-212
-229
-242
-243
-239
-235
-231
-233
-227
-213
-187
-153
-118
-91
-62
-27
22
80
128
176
211
249
300
356
409
454
491
524
553
590
614
633
645
646
655
658
664
657
645
636
637
645
658
666
665
668
673
695
714
719
724
720
724
742
769
785
792
798
813
849
895
933
947
936
923
908
893
854
773
650
493
338
193
40
-130
-323
-525
-708
-845
-942
-1025
-1103
-1192
-1253
-1264
-1237
-1183
-1152
-1134
-1134
-1117
-1063
-998
-938
-913
-914
-900
-859
-780
-694
-634
-596
-564
-505
-425
-330
-255
-224
-225
-227
-212
-185
-175
-199
-255
-325
-366
-376
-370
-381
-414
-440
-441
-398
-338
-276
-228
-201
-159
-86
1
89
151
183
212
248
297
352
383
381
363
360
372
387
391
370
338
304
291
293
292
267
224
177
147
130
120
91
37
-22
-69
-100
-115
-134
-174
-227
-274
-297
-303
-307
-326
-354
-388
-410
-411
-404
-409
-432
-463
-488
-498
-494
-492
-502
-521
-539
-537
-522
-496
-476
-462
-444
-419
-386
-337
-290
-251
-211
-172
-128
-82
-35
11
49
85
123
155
184
215
246
273
297
312
318
316
318
319
309
293
261
222
188
166
145
125
100
66
42
35
44
61
72
68
68
77
97
129
151
159
150
136
136
153
162
153
129
90
64
54
49
41
12
-31
-69
-81
-84
-79
-82
-95
-116
-121
-100
-71
-43
-34
-34
-24
-6
28
64
89
105
113
134
169
212
247
277
295
316
350
389
423
444
453
453
456
468
477
473
465
446
425
415
407
399
387
365
353
339
334
327
312
298
277
259
243
224
200
172
142
109
77
39
4
-31
-68
-107
-135
-164
-184
-204
-225
-231
-249
-260
-259
-271
-272
-275
-279
-278
-279
-273
-271
-264
-254
-239
-219
-201
-171
-144
-116
-78
-42
-16
5
27
51
77
88
95
94
89
84
78
77
60
39
21
-1
-4
-11
-23
-38
-59
-74
-79
-70
-63
-72
-86
-101
-105
-103
-105
-109
-127
-151
-169
-179
-180
-174
-180
-193
-204
-201
-175
-137
-111
-98
-87
-74
-47
-2
35
52
53
48
51
68
94
108
103
84
71
81
113
136
140
132
121
127
154
189
211
214
198
197
218
251
284
296
286
275
286
312
350
369
364
348
345
362
390
412
406
382
354
345
348
350
330
280
227
182
157
142
114
61
-4
-60
-93
-108
-126
-165
-220
-275
-307
-324
-338
-362
-413
-470
-509
-531
-541
-558
-593
-647
-684
-700
-705
-698
-713
-738
-760
-767
-743
-705
-686
-671
-661
-641
-595
-542
-483
-446
-424
-394
-353
-299
-246
-206
-176
-161
-127
-77
-22
35
68
98
127
170
227
275
311
332
345
360
378
401
412
404
392
377
372
376
378
372
358
337
337
342
351
361
358
357
356
367
380
388
391
382
377
373
371
372
365
356
343
335
337
334
335
334
333
337
339
340
338
329
314
299
279
260
228
195
166
127
93
62
31
3
-27
-52
-72
-91
-110
-131
-146
-162
-172
-183
-191
-204
-215
-218
-221
-220
-228
-232
-239
-244
-241
-236
-236
-237
-238
-238
-230
-223
-214
-212
-216
-216
-218
-219
-222
-234
-258
-280
-308
-327
-350
-383
-418
-452
-479
-495
-501
-506
-516
-519
-515
-498
-467
-437
-416
-405
-389
-369
-342
-319
-305
-299
-299
-295
-280
-261
-242
-227
-210
-180
-139
-86
-25
32
86
145
202
265
325
373
407
430
447
462
475
478
477
470
459
460
472
480
490
501
510
520
539
554
558
556
545
525
504
483
453
416
380
345
317
295
268
243
229
215
211
217
211
207
195
183
180
175
165
142
112
82
56
41
24
-4
-38
-76
-97
-107
-118
-127
-151
-186
-202
-210
-214
-215
-233
-268
-296
-306
-312
-311
-322
-345
-368
-379
-371
-355
-348
-359
-367
-375
-368
-347
-331
-328
-342
-353
-356
-344
-332
-330
-338
-356
-366
-358
-340
-331
-328
-343
-350
-338
-322
-296
-281
-278
-278
-262
-229
-194
-166
-150
-143
-135
-112
-86
-62
-52
-59
-62
-52
-33
-13
2
5
10
18
47
82
106
120
131
138
152
173
182
181
166
150
137
135
132
119
107
90
86
91
102
110
111
111
111
125
144
149
157
159
156
168
174
187
199
197
203
212
228
245
262
270
274
285
297
312
327
327
327
330
323
330
328
319
317
301
289
281
275
270
258
243
228
213
203
188
170
150
123
103
77
54
33
2
-22
-44
-70
-87
-112
-136
-152
-175
-192
-214
-240
-265
-293
-317
-348
-375
-400
-430
-446
-461
-475
-474
-478
-478
-468
-454
-435
-419
-391
-375
-354
-328
-307
-281
-260
-237
-216
-193
-162
-132
-102
-78
-51
-23
14
51
85
118
143
170
195
219
242
260
275
284
291
302
316
324
328
329
332
334
340
342
338
330
316
302
286
268
246
213
178
136
99
64
31
-6
-42
-69
-91
-109
-118
-122
-124
-122
-119
-111
-103
-93
-87
-81
-78
-76
-74
-71
-71
-70
-65
-62
-52
-33
-17
2
23
51
80
105
140
171
196
220
243
257
270
285
290
292
292
291
287
274
269
258
247
240
227
216
205
192
184
165
148
139
116
97
82
56
34
11
-14
-36
-65
-86
-107
-127
-138
-150
-152
-158
-159
-154
-151
-138
-128
-119
-105
-94
-84
-75
-70
-68
-71
-71
-73
-80
-81
-90
-95
-100
-107
-106
-107
-106
-105
-104
-97
-92
-90
-82
-81
-78
-77
-81
-77
-82
-81
-80
-82
-78
-72
-66
-57
-45
-32
-14
1
18
36
51
64
76
84
86
90
87
80
67
56
42
25
17
4
-3
-11
-16
-16
-14
-11
-7
-2
2
5
8
8
8
4
-3
-8
-17
-27
-40
-51
-63
-71
-77
-83
-84
-83
-80
-78
-73
-66
-54
-44
-35
-23
-16
-10
-1
5
7
10
14
12
11
11
7
7
2
0
-4
-7
-1
-5
-3
-5
-3
0
-2
0
-4
-13
-14
-17
-25
-33
-43
-48
-57
-66
-68
-72
-78
-84
-87
-87
-88
-85
-82
-81
-81
-79
-77
-77
-73
-73
-72
-69
-63
-62
-61
-56
-52
-44
-41
-30
-21
-14
-3
5
13
22
31
36
35
38
39
36
35
31
25
21
14
12
6
2
2
-5
-4
-6
-3
-2
-4
-5
-9
-12
-13
-14
-15
-23
-27
-28
-34
-33
-31
-30
-30
-27
-21
-12
-9
0
8
11
18
25
31
37
44
41
43
44
44
42
40
43
38
36
40
42
41
41
40
43
46
47
51
54
52
55
56
60
59
55
56
54
55
50
45
42
31
22
13
6
-3
-14
-24
-37
-47
-57
-62
-71
-82
-87
-89
-91
-93
-92
-95
-95
-90
-91
-87
-83
-76
-71
-68
-66
-56
-48
-46
-41
-32
-30
-25
-18
-16
-10
-14
-10
-9
-8
-6
-5
-4
-2
3
9
11
18
30
34
49
56
64
73
80
87
92
99
104
103
105
109
107
105
102
97
88
82
76
68
63
52
47
37
22
18
9
-3
-10
-21
-30
-35
-46
-47
-50
-58
-61
-66
-64
-62
-63
-61
-63
-56
-54
-53
-46
-42
-40
-36
-32
-27
-22
-17
-12
-14
-8
-4
-1
6
12
16
21
24
29
35
38
41
44
43
48
52
55
60
62
69
74
78
85
86
87
94
91
89
96
92
92
84
79
76
65
63
56
45
42
32
24
15
10
10
-2
-8
-11
-15
-22
-24
-28
-37
-42
-48
-55
-61
-66
-72
-73
-74
-80
-82
-86
-88
-86
-89
-87
-84
-86
-88
-77
-78
-77
-71
-69
-63
-58
-55
-48
-41
-32
-22
-17
-6
3
13
24
32
44
50
54
64
65
69
72
79
82
84
91
93
93
91
89
88
89
86
83
79
75
65
57
55
44
33
26
15
6
-1
-9
-21
-29
-32
-43
-52
-51
-61
-70
-75
-81
-85
-94
-98
-101
-101
-105
-105
-103
-102
-103
-102
-101
-100
-92
-93
-85
-81
-74
-67
-62
-57
-53
-46
-41
-31
-22
-10
2
10
15
22
31
41
48
54
65
65
73
80
79
81
83
83
87
90
87
89
84
82
82
79
78
72
71
65
56
54
46
41
36
32
21
19
20
11
8
6
-4
-6
-4
-11
-14
-14
-19
-22
-26
-27
-33
-34
-39
-40
-39
-42
-38
-37
-41
-38
-32
-31
-27
-23
-18
-15
-13
-9
-6
1
6
12
18
19
28
33
36
43
48
53
57
63
73
74
73
79
78
81
79
77
81
79
80
76
74
71
70
68
64
63
56
52
47
45
35
32
28
19
13
3
-2
-8
-13
-24
-31
-40
-49
-55
-62
-70
-80
-87
-94
-99
-106
-111
-118
-120
-126
-132
-128
-130
-134
-134
-133
-132
-128
-124
-119
-114
-109
-100
-92
-86
-76
-60
-55
-46
-36
-28
-19
-13
2
9
14
20
28
34
37
46
48
51
56
60
65
70
69
72
75
72
72
72
65
62
59
57
50
44
42
36
28
22
16
9
2
-5
-11
-18
-27
-32
-41
-44
-54
-64
-69
-73
-77
-84
-82
-85
-86
-86
-89
-88
-82
-83
-84
-78
-76
-71
-66
-61
-55
-54
-47
-42
-39
-31
-24
-21
-14
-6
-1
5
13
20
22
32
37
47
54
58
61
65
72
80
87
94
96
104
110
110
116
119
118
121
125
126
125
123
125
121
116
116
109
105
101
95
88
80
73
66
58
48
37
26
15
2
-8
-19
-28
-38
-47
-53
-62
-75
-77
-85
-97
-99
-105
-108
-117
-118
-124
-126
-127
-133
-129
-127
-128
-127
-124
-125
-116
-110
-105
-96
-89
-78
-74
-65
-58
-50
-45
-34
-29
-20
-8
-3
9
12
21
28
37
42
44
50
51
54
54
58
59
52
57
54
51
48
45
41
34
31
23
23
16
12
9
6
4
0
0
-6
-7
-16
-15
-21
-24
-24
-27
-26
-30
-29
-33
-27
-31
-34
-27
-28
-27
-26
-24
-24
-23
-20
-20
-23
-16
-14
-11
-6
-5
-4
-1
0
6
11
15
21
34
33
39
43
47
51
53
61
67
76
77
86
93
97
102
104
106
106
111
111
114
115
118
124
126
124
124
124
120
121
115
115
111
104
99
95
86
78
73
65
57
46
34
26
17
7
2
-12
-18
-26
-37
-44
-52
-59
-68
-73
-75
-82
-86
-91
-94
-93
-92
-90
-93
-90
-88
-83
-77
-77
-74
-65
-64
-55
-48
-43
-36
-31
-26
-21
-19
-12
-10
-9
-5
-2
3
1
5
6
5
9
7
9
6
2
-4
-5
-10
-12
-16
-19
-18
-25
-26
-27
-27
-33
-35
-38
-42
-47
-51
-49
-53
-55
-60
-59
-62
-64
-67
-70
-73
-76
-73
-80
-77
-79
-82
-82
-88
-88
-89
-88
-90
-89
-90
-89
-93
-91
-93
-93
-91
-92
-85
-86
-84
-82
-80
-78
-71
-64
-60
-56
-47
-41
-34
-27
-23
-17
-6
4
11
18
26
35
40
50
57
67
71
75
84
87
91
96
98
96
96
100
99
95
91
90
84
75
71
63
55
47
39
31
18
11
-3
-11
-19
-36
-45
-54
-68
-78
-83
-98
-106
-117
-126
-134
-141
-148
-153
-158
-165
-165
-168
-165
-162
-160
-157
-152
-150
-144
-139
-137
-128
-123
-116
-111
-97
-88
-80
-68
-55
-44
-32
-17
-5
11
21
34
48
58
68
79
91
100
109
116
124
135
144
150
155
156
163
166
167
168
172
176
176
177
175
169
168
160
155
154
146
143
140
128
122
113
105
102
94
90
84
77
72
68
62
60
54
48
49
43
41
36
37
34
32
36
40
43
42
44
49
58
63
64
74
78
81
90
96
100
111
117
127
136
143
152
160
166
168
178
183
189
198
204
210
215
217
218
218
225
230
228
231
229
228
220
215
211
203
199
195
189
177
171
155
144
133
114
104
88
73
59
43
19
3
-14
-34
-51
-69
-87
-106
-126
-144
-159
-173
-188
-205
-216
-227
-244
-256
-269
-273
-277
-283
-288
-291
-295
-300
-299
-297
-300
-295
-290
-289
-287
-284
-277
-275
-269
-263
-257
-248
-243
-235
-228
-226
-219
-219
-213
-207
-206
-199
-198
-201
-202
-198
-199
-200
-198
-197
-201
-198
-196
-198
-197
-198
-197
-202
-205
-202
-205
-203
-202
-197
-191
-192
-183
-181
-178
-175
-163
-155
-147
-134
-127
-117
-110
-98
-88
-74
-61
-50
-41
-31
-15
-3
16
26
37
43
56
71
81
99
111
128
137
149
161
172
183
193
208
219
233
241
253
262
271
286
296
308
322
331
339
347
352
358
365
376
382
386
394
395
400
401
405
406
400
402
400
400
399
397
393
386
381
376
373
363
356
350
339
335
328
324
319
312
305
300
295
290
283
276
275
266
262
259
253
252
246
245
240
237
234
226
224
219
210
208
200
187
180
167
157
142
127
114
94
72
53
29
7
-20
-51
-81
-115
-144
-174
-204
-238
-277
-313
-352
-389
-424
-459
-485
-525
-559
-587
-624
-653
-686
-711
-733
-761
-777
-794
-817
-834
-848
-858
-866
-872
-872
-872
-872
-872
-874
-868
-861
-850
-837
-828
-812
-795
-784
-766
-747
-729
-707
-681
-659
-637
-615
-589
-561
-534
-506
-474
-445
-412
-381
-351
-320
-289
-260
-224
-189
-153
-115
-77
-42
-10
24
62
99
131
168
206
240
270
308
343
376
409
439
465
493
521
548
576
601
623
643
664
681
700
712
728
745
754
762
766
765
769
773
769
771
772
767
759
748
740
733
723
711
695
682
666
652
638
617
605
583
564
550
528
516
495
480
461
446
429
407
392
377
360
340
321
307
288
270
253
235
221
202
187
170
156
135
118
103
85
72
53
40
22
4
-5
-20
-35
-48
-58
-70
-85
-98
-108
-120
-132
-143
-151
-163
-173
-183
-190
-200
-213
-217
-228
-237
-239
-258
-270
-276
-287
-290
-301
-309
-312
-324
-335
-345
-352
-353
-357
-365
-366
-374
-383
-386
-396
-397
-398
-403
-402
-402
-406
-406
-411
-412
-408
-407
-402
-400
-390
-390
-388
-380
-377
-368
-358
-346
-334
-324
-314
-299
-280
-267
-247
-228
-213
-191
-175
-154
-133
-115
-97
-72
-52
-30
-12
10
28
45
66
81
99
115
128
143
160
168
180
191
198
206
212
219
221
226
227
221
218
221
215
210
208
205
196
186
181
172
161
160
147
135
124
112
102
90
82
76
64
56
48
40
37
23
22
21
15
12
9
6
4
5
5
5
7
9
11
19
20
24
32
35
41
49
53
58
64
65
71
79
79
84
88
88
91
93
91
93
98
94
94
95
93
85
84
82
81
77
73
70
60
56
53
46
37
37
30
23
19
14
5
-3
-7
-17
-24
-33
-42
-51
-61
-70
-79
-86
-94
-104
-113
-115
-122
-129
-130
-138
-137
-141
-144
-143
-147
-148
-143
-146
-144
-140
-142
-137
-133
-128
-124
-117
-107
-101
-94
-87
-72
-66
-61
-52
-49
-42
-29
-27
-21
-17
-12
-4
0
9
5
9
14
15
12
8
11
16
11
7
6
0
-2
-6
-13
-19
-28
-35
-37
-39
-45
-53
-53
-60
-67
-72
-74
-77
-81
-85
-90
-86
-92
-91
-92
-95
-91
-88
-91
-87
-85
-82
-71
-70
-63
-56
-55
-43
-39
-31
-27
-25
-9
-8
-2
2
6
17
22
27
31
37
46
50
52
56
59
60
61
63
62
64
63
68
66
63
67
64
65
63
62
63
62
60
56
53
49
46
44
42
37
38
37
33
35
30
29
21
19
21
12
12
12
9
6
0
1
-5
-7
-12
-14
-16
-17
-17
-19
-20
-23
-22
-24
-24
-27
-27
-27
-27
-26
-24
-26
-22
-20
-22
-20
-19
-18
-19
-15
-14
-12
-8
-8
-6
-3
2
3
6
10
6
8
18
23
24
25
28
31
35
34
34
39
38
43
49
50
50
52
52
53
54
53
52
51
54
54
51
55
54
54
51
48
48
46
42
40
37
38
31
32
30
23
25
17
18
14
16
18
14
17
14
8
8
7
9
10
13
15
14
16
21
18
25
26
27
29
28
33
37
41
42
42
46
50
52
51
56
56
54
62
62
60
59
64
60
60
61
58
56
54
50
49
47
40
36
34
27
27
22
15
13
3
-2
-11
-17
-19
-27
-30
-39
-43
-47
-52
-59
-65
-68
-74
-75
-82
-84
-86
-95
-94
-101
-101
-103
-102
-104
-108
-106
-111
-110
-110
-108
-106
-110
-106
-105
-104
-107
-103
-100
-99
-95
-88
-86
-83
-78
-74
-72
-67
-63
-61
-54
-47
-41
-38
-34
-28
-20
-15
-13
-5
-1
1
8
12
14
17
25
27
26
31
31
38
37
39
42
44
46
41
41
38
36
36
34
38
33
31
26
23
20
21
16
12
15
6
4
-1
-6
-9
-12
-17
-26
-25
-27
-30
-37
-37
-38
-41
-33
-40
-38
-44
-43
-41
-45
-39
-38
-34
-34
-34
-28
-29
-25
-25
-21
-13
-16
-6
-7
-3
-2
-2
3
4
8
14
16
16
16
19
19
19
25
22
23
24
27
29
25
25
26
30
27
29
28
27
27
25
25
21
22
21
20
18
14
14
13
12
13
2
1
1
-2
-4
-12
-8
-9
-12
-16
-17
-21
-22
-23
-27
-24
-23
-22
-19
-17
-18
-22
-20
-21
-20
-20
-17
-14
-8
-4
-5
-6
0
2
4
8
12
11
10
15
17
20
22
24
26
28
30
31
31
29
34
36
37
34
37
33
35
36
34
33
36
32
31
30
30
27
22
25
24
24
23
22
21
14
13
13
6
13
10
6
7
2
0
-1
-2
-2
-4
-9
-8
-7
-8
-11
-14
-18
-17
-16
-17
-17
-22
-24
-28
-28
-29
-28
-26
-26
-25
-27
-22
-23
-25
-21
-19
-14
-17
-11
-11
-9
-1
-2
1
5
6
8
12
17
22
25
25
28
29
28
29
29
33
31
27
32
28
27
24
21
20
14
15
11
7
4
0
0
-6
-9
-14
-21
-21
-24
-27
-30
-36
-37
-41
-43
-48
-48
-47
-53
-52
-51
-52
-52
-51
-47
-48
-44
-43
-43
-41
-35
-32
-28
-20
-23
-22
-16
-15
-10
-7
-1
5
5
7
7
8
9
14
15
16
20
20
21
19
23
21
21
24
25
24
24
23
22
21
16
17
16
18
17
17
18
14
13
15
16
15
13
12
10
4
5
5
4
4
0
-3
-5
-6
-10
-13
-11
-12
-12
-9
-14
-16
-16
-17
-17
-18
-14
-13
-18
-17
-12
-15
-15
-11
-9
-8
-6
-3
-2
2
3
5
8
10
13
17
21
22
25
30
26
31
34
37
42
43
43
46
48
47
48
52
56
54
56
55
53
53
49
52
50
45
47
47
41
34
33
31
30
28
25
22
18
14
11
8
5
4
2
-4
-7
-10
-11
-13
-16
-18
-19
-20
-15
-20
-23
-23
-25
-24
-22
-23
-25
-21
-20
-23
-22
-18
-15
-15
-12
-10
-9
-7
-8
-1
-3
-1
4
8
12
12
15
15
20
19
21
23
23
28
28
25
25
26
25
27
26
24
24
27
25
19
15
18
16
14
15
10
11
9
6
3
1
1
1
-3
-5
-11
-17
-16
-19
-17
-22
-25
-21
-24
-26
-30
-32
-29
-26
-29
-33
-30
-35
-35
-38
-39
-38
-38
-33
-38
-32
-31
-35
-34
-32
-32
-28
-22
-22
-20
-15
-16
-16
-15
-15
-14
-12
-6
-9
-6
-6
-4
2
2
2
2
3
7
8
6
5
7
7
9
9
6
5
-1
3
3
5
4
0
0
-3
-1
-4
-4
-7
-8
-11
-16
-16
-17
-15
-18
-23
-22
-24
-25
-30
-30
-29
-33
-32
-31
-33
-38
-35
-35
-34
-37
-37
-38
-41
-38
-40
-41
-38
-39
-38
-35
-32
-31
-30
-28
-25
-26
-22
-20
-23
-20
-16
-16
-10
-7
-9
-7
-6
-2
3
5
7
6
10
11
13
15
15
21
16
19
23
22
23
23
24
26
25
27
26
24
24
21
19
15
15
13
14
13
13
12
7
3
4
5
2
-1
-1
-2
-2
-1
-3
-8
-8
-4
-3
-6
-4
-2
-1
1
3
6
7
10
10
14
19
21
23
24
23
23
29
30
32
36
35
36
38
43
40
40
41
36
37
39
41
42
44
40
38
39
36
39
34
34
32
29
32
29
31
30
27
23
23
22
21
19
15
15
15
12
8
7
5
2
-1
-2
-3
-5
-9
-11
-10
-12
-14
-13
-18
-20
-22
-25
-26
-26
-29
-30
-32
-27
-30
-32
-28
-31
-32
-33
-29
-26
-25
-26
-26
-24
-23
-22
-20
-16
-14
-12
-10
-6
-3
-1
1
5
10
11
14
19
18
21
25
28
31
26
26
30
27
31
26
29
30
29
31
28
26
20
21
19
17
14
11
8
9
7
4
3
-5
-4
-7
-13
-11
-12
-14
-17
-21
-24
-26
-28
-30
-29
-33
-35
-30
-34
-35
-35
-33
-32
-31
-32
-30
-28
-27
-29
-24
-21
-25
-20
-18
-18
-15
-12
-10
-9
-4
-3
-2
5
7
7
7
12
17
17
21
26
27
22
22
25
27
28
34
31
31
30
26
33
29
30
35
32
29
30
24
21
18
15
17
12
10
8
6
2
0
-4
-5
-7
-9
-10
-16
-16
-22
-22
-24
-24
-22
-22
-24
-24
-26
-28
-28
-31
-26
-26
-26
-27
-24
-25
-25
-22
-21
-17
-14
-12
-10
-8
-9
-7
-2
0
2
1
4
8
10
12
12
13
16
20
23
26
25
23
21
20
22
22
24
23
25
24
22
22
19
18
19
22
21
19
19
15
10
11
9
7
7
5
1
1
-1
-4
-3
-5
-6
-6
-9
-11
-14
-17
-17
-16
-19
-21
-19
-24
-26
-28
-26
-23
-25
-24
-22
-19
-20
-21
-22
-19
-19
-19
-13
-13
-10
-7
-8
-6
-2
-1
1
2
3
6
8
8
12
12
11
14
16
18
18
18
13
15
16
14
14
15
16
15
14
10
8
13
10
8
6
6
1
-2
-2
-3
-6
-6
-7
-11
-12
-11
-11
-11
-18
-21
-17
-19
-18
-19
-23
-23
-24
-23
-25
-24
-22
-23
-23
-20
-23
-25
-24
-22
-18
-19
-17
-18
-18
-19
-12
-10
-12
-4
-4
-5
-3
-3
-2
-2
2
1
2
4
7
7
8
11
12
13
13
14
11
9
9
10
12
11
14
13
12
16
12
6
9
9
5
6
7
7
1
0
3
1
1
-2
-2
-6
-9
-11
-9
-10
-9
-9
-8
-9
-13
-10
-14
-13
-14
-14
-11
-16
-12
-9
-17
-14
-15
-11
-10
-11
-9
-6
-8
-7
-9
-7
-7
-7
-3
-2
-1
-2
0
1
1
3
5
7
9
10
14
10
10
12
9
13
12
21
17
19
22
14
18
20
19
16
17
19
15
15
14
14
12
10
13
13
9
9
8
5
2
1
1
0
-1
-2
-4
-5
-8
-7
-7
-7
-9
-11
-12
-14
-15
-13
-15
-18
-18
-17
-18
-15
-13
-15
-15
-14
-13
-14
-11
-12
-14
-12
-12
-9
-4
-5
-4
1
-1
1
3
6
7
7
8
9
10
13
13
14
16
17
19
17
19
21
15
12
16
16
15
16
12
13
11
7
8
3
4
7
6
3
1
-3
-3
0
-5
-4
-8
-9
-10
-10
-11
-14
-10
-17
-13
-12
-16
-15
-19
-17
-16
-15
-16
-16
-16
-15
-18
-16
-15
-14
-16
-15
-9
-10
-10
-11
-7
-4
0
3
3
5
5
10
12
10
15
17
19
24
22
26
23
25
26
23
29
31
31
30
29
30
30
26
31
31
28
28
25
23
22
20
17
15
17
13
13
11
5
5
7
2
1
1
-3
-7
-11
-11
-12
-16
-14
-16
-16
-21
-25
-24
-25
-27
-26
-25
-24
-22
-24
-22
-25
-21
-22
-21
-23
-19
-15
-12
-9
-10
-6
-6
-1
0
-2
0
2
6
6
11
9
9
12
11
11
12
12
12
17
15
19
17
17
15
14
17
16
16
12
15
15
14
15
11
10
6
7
4
3
2
-1
2
-1
-2
1
-4
-6
-8
-8
-9
-12
-13
-14
-14
-15
-14
-19
-21
-23
-22
-22
-24
-20
-23
-25
-24
-24
-24
-23
-21
-23
-21
-19
-20
-18
-14
-16
-10
-12
-9
-7
-7
-4
-4
1
3
4
8
7
6
7
7
14
14
14
17
17
22
23
21
21
24
22
20
24
22
24
23
22
21
20
16
18
18
20
20
17
16
16
11
9
7
7
7
5
3
-2
0
-5
-3
-5
-5
-3
-4
-4
-8
-10
-11
-10
-13
-10
-8
-8
-13
-13
-10
-13
-14
-15
-13
-10
-8
-8
-8
-8
-9
-6
-5
-4
-7
-4
-2
0
4
1
3
6
4
6
5
5
9
5
6
8
12
12
13
13
11
11
12
13
9
11
12
12
12
13
9
9
13
13
13
9
11
7
6
7
4
6
3
1
-1
0
1
-1
