-5
-5
-4
-4
-3
-2
0
-1
-4
-3
2
4
2
-1
-2
-2
0
-1
1
1
0
0
-2
0
2
2
-3
0
2
-1
3
1
0
0
3
2
5
4
1
6
2
-2
1
0
0
3
-1
-2
-1
-1
2
2
2
3
3
-1
3
5
2
5
4
4
4
4
2
1
2
1
2
-1
1
4
-1
3
0
3
4
5
4
3
3
5
4
1
3
3
0
-1
1
1
2
2
1
2
4
0
-1
0
4
4
2
5
4
4
4
3
3
3
3
1
4
5
5
7
6
8
6
6
2
2
5
1
2
1
2
2
4
1
-2
4
1
2
1
2
3
-1
0
0
0
2
3
4
3
6
5
4
2
5
5
7
5
6
5
4
9
8
9
9
6
9
6
3
9
11
10
8
9
8
4
4
7
10
4
5
5
5
8
7
6
4
6
5
6
6
5
3
2
4
5
4
5
4
4
6
3
3
6
4
2
2
1
4
0
1
2
1
0
2
0
-1
-2
2
0
-1
0
-2
-1
-2
-3
-6
-5
1
0
-1
-1
0
-1
0
1
0
-1
4
3
3
1
-2
-2
-3
0
1
-2
-4
-3
-2
-3
1
-1
-1
0
-2
-2
-4
-4
-3
-4
-4
-5
-4
-2
-4
-5
-3
-4
-6
-4
-4
-8
-3
-7
-4
0
-7
-5
-5
-4
-4
-7
-6
-5
-2
-5
-3
-3
-4
0
0
-2
-1
0
-2
-2
1
-1
-2
-3
-3
-3
-2
-3
-7
-6
-6
-11
-6
-7
-9
-9
-6
-6
-10
-5
-5
-4
-3
-4
-4
-3
-3
-4
-2
0
-1
-4
-4
-2
-4
-3
-5
-5
-4
-4
-1
1
-4
-3
-2
-2
-3
-4
-2
-2
-5
-4
-3
-4
0
1
0
-2
0
-1
0
0
2
1
2
0
-3
-2
0
2
-3
-2
-1
-1
-1
0
2
4
2
2
1
-2
2
-1
-2
3
-1
-2
-1
0
-1
-2
-2
-1
0
-3
-2
-2
0
-3
-3
-2
-6
-4
-1
0
-2
0
-1
-4
-3
-3
-4
-3
-7
-4
0
-4
-5
-4
-3
-6
-3
-4
-3
-3
-3
-1
0
-1
-1
0
0
1
1
1
2
-1
-1
0
0
0
2
1
2
1
-1
-1
2
0
1
4
2
0
1
-1
0
-2
0
4
-1
0
1
3
5
0
3
4
0
1
3
2
3
3
6
5
7
8
7
9
6
6
7
8
5
4
7
3
4
3
2
1
0
2
3
2
1
0
1
1
0
0
-1
0
-1
2
7
2
0
1
4
6
4
1
3
4
2
4
5
3
2
1
1
1
0
5
2
3
3
4
3
2
1
2
5
5
3
3
2
2
4
2
1
1
4
1
-1
1
-3
-2
-1
-4
-3
-3
-2
-3
-4
-1
-1
-4
-5
-3
-4
-5
0
-2
-3
-2
-5
-5
-3
-1
-2
-4
-6
-3
-4
-5
0
-4
-7
-4
-9
-6
-4
-5
-5
-6
-7
-7
-8
-7
-5
-6
-5
-8
-5
-4
-5
-4
-6
-2
-5
-2
-4
-5
-6
-5
-2
-6
-4
-5
-4
-2
-2
-2
-3
-2
-6
-6
-4
-8
-6
-3
-2
-4
-3
-4
-7
-6
-6
-5
-2
-2
-4
-4
-3
-3
-3
-2
-3
-5
-1
-3
-3
-4
-7
-7
-6
-4
-5
-4
-4
-3
-3
-1
-1
0
-2
-5
-1
0
-2
-3
-3
0
2
-2
-1
1
1
0
-2
2
-1
-2
0
-1
4
0
4
3
-2
0
-3
1
1
-1
3
4
5
2
0
3
0
1
1
-2
2
1
1
1
2
4
-1
1
3
3
3
4
2
2
3
3
3
4
5
2
2
3
3
3
5
5
1
3
0
1
2
2
1
-2
0
3
3
4
1
3
1
0
4
5
1
4
6
4
6
4
5
2
4
2
2
2
2
3
4
3
6
5
0
2
2
3
2
4
4
1
0
1
1
2
3
6
3
-3
-1
2
3
2
5
6
5
2
4
6
5
4
4
4
6
6
5
5
6
9
10
6
7
6
3
6
6
6
8
7
6
5
3
5
5
4
6
6
4
7
3
4
7
4
7
3
4
5
3
2
2
4
3
0
2
-1
0
1
2
0
-3
2
-3
0
1
-3
1
0
1
0
1
2
3
0
1
5
1
2
1
-1
0
4
1
1
4
3
4
3
2
-3
-1
0
0
-5
-6
-1
-1
1
-2
-3
-3
0
-1
0
1
0
1
0
2
0
-3
5
3
3
3
2
3
4
3
1
1
1
-1
-1
3
0
0
0
-1
0
-2
-1
-1
1
1
-1
2
3
0
2
2
-1
-5
-2
-1
-2
-5
-5
-3
-3
-3
-6
-5
-6
-1
-3
-3
-3
-3
0
-2
1
-2
-1
-5
-6
-5
-5
-5
-3
-5
-5
-8
-11
-8
-7
-7
-6
-5
-5
-3
-2
-5
-3
-4
-4
-3
-5
-2
-4
-5
-6
-6
-3
-2
-2
-6
-1
0
-3
-1
-2
-2
0
1
1
0
0
2
1
0
1
2
3
2
-1
0
1
0
0
1
0
-2
0
2
3
3
3
0
3
4
2
4
4
1
1
-4
-1
1
-4
0
0
3
1
-1
-1
-3
-3
-3
-3
-2
-3
-2
-2
2
2
-2
0
0
-1
1
1
-2
-1
2
3
3
2
1
3
3
2
0
3
2
2
4
2
2
3
4
4
3
4
5
4
2
4
7
1
0
3
5
2
4
5
5
6
2
5
6
2
4
6
4
5
7
7
7
7
5
6
7
8
9
5
6
4
4
1
1
3
1
4
1
2
3
4
3
3
4
4
1
1
4
4
3
3
1
1
1
1
0
3
1
2
8
5
4
4
6
3
2
5
-1
2
0
1
5
3
4
3
2
4
3
1
4
5
5
3
2
5
4
1
1
4
3
4
1
0
2
3
2
0
2
-2
0
-1
-1
0
1
3
-1
0
1
2
1
2
1
-1
0
0
0
0
4
2
5
5
4
5
3
4
5
6
1
0
0
2
1
0
4
-3
1
3
-1
0
-1
2
4
0
-5
-3
1
-2
-2
0
-3
0
1
-4
-4
-4
-4
-2
-3
-3
-5
-8
-3
-5
-4
-3
-3
-4
-5
-2
-3
-4
-5
-2
-5
-2
-1
-2
-5
-5
-3
-5
-6
-8
-8
-7
-8
-10
-10
-8
-5
-4
-3
-6
-6
-6
-5
-5
-6
-7
-6
-6
-5
-2
-6
-4
-1
-1
0
-4
-3
0
1
0
-2
0
0
0
-3
-1
0
1
2
0
-1
1
1
0
1
-1
2
1
1
3
1
2
5
2
1
3
2
0
1
3
0
0
-2
1
0
-2
1
-1
-3
-1
4
1
1
0
-2
-2
-2
-2
0
1
-4
-2
0
-2
-5
-5
-4
-2
-2
-5
-5
-5
-7
-4
-2
-4
-1
0
-2
-4
-2
0
1
4
1
-1
0
1
4
4
2
2
-1
-3
-1
1
0
1
-1
-3
0
-1
2
1
-2
0
2
2
0
-1
3
2
-2
-3
-2
0
0
0
-2
-1
-2
-3
-2
-2
0
-2
0
0
-4
-1
-3
-2
-2
-1
-2
0
2
0
0
3
1
0
0
1
6
3
5
3
0
1
1
2
-2
2
-1
-1
2
-3
-2
-2
3
-3
1
2
-1
0
1
-1
-2
0
-1
-1
0
4
1
2
2
0
0
4
5
3
3
1
0
2
2
-1
3
0
-1
-2
-1
-2
-2
0
0
-1
-4
-1
2
2
2
0
0
-1
-2
-1
0
-1
0
-1
0
-3
-2
2
0
1
-1
1
2
1
1
1
-1
-4
-2
0
-1
0
2
0
-1
-1
-1
-2
2
-2
-1
-1
0
5
0
0
-1
-3
-3
-2
-2
-3
-2
-3
-1
1
0
-1
1
-1
0
3
2
2
3
3
1
0
0
-1
-4
-2
-2
-2
0
-2
-1
0
-1
0
1
2
1
2
-1
-2
1
-2
-2
3
-2
-1
-1
0
2
-2
3
1
-1
1
-3
-3
0
-2
1
-2
-3
-4
-2
-1
-3
-2
-4
-3
-2
-5
-2
-3
-4
-3
-2
-2
-4
-2
-4
0
-2
-2
-1
-5
-3
-2
-3
-5
-4
-4
-2
-1
2
1
-1
1
1
0
1
-1
0
-2
-1
-2
-1
1
-2
-2
-1
0
-3
0
-2
-2
0
0
3
2
1
-1
0
0
-4
-3
1
2
2
4
4
3
3
2
0
3
2
2
3
1
2
3
2
5
6
5
6
5
5
4
5
6
8
5
5
6
7
8
8
6
6
5
4
2
4
2
2
2
3
2
2
3
4
4
2
4
5
4
1
4
3
3
1
1
2
0
2
0
0
1
3
3
2
-1
-1
1
-1
-2
0
3
2
0
-3
-1
1
-2
-2
-2
0
2
-1
-5
-1
0
-1
-1
-4
-2
-2
-3
-1
-3
-3
-1
-3
-3
-4
-3
-2
-2
-1
-4
-2
-5
-4
-2
-4
-6
-2
-2
-5
-2
-1
0
2
4
3
5
4
5
9
7
6
8
9
7
9
11
16
13
13
14
12
15
15
14
15
17
16
19
18
15
16
17
19
20
15
17
18
18
16
13
16
19
21
15
11
16
19
18
9
4
11
12
7
0
-6
0
0
-12
-19
-20
-13
-17
-38
-46
-42
-35
-43
-66
-73
-65
-58
-76
-98
-98
-85
-82
-113
-139
-123
-99
-108
-147
-164
-135
-111
-119
-148
-155
-135
-118
-116
-121
-108
-100
-101
-83
-63
-45
-43
-33
-7
17
34
39
68
104
122
117
128
173
221
226
205
217
274
314
302
271
294
363
385
333
288
341
421
410
303
253
350
443
377
221
190
313
387
279
113
115
244
267
108
-23
33
139
98
-71
-162
-84
4
-76
-246
-296
-209
-161
-260
-394
-405
-320
-310
-417
-519
-492
-400
-413
-532
-600
-540
-455
-479
-581
-615
-543
-472
-503
-578
-568
-481
-430
-467
-503
-460
-367
-324
-351
-357
-295
-206
-165
-167
-144
-68
11
52
68
115
197
269
301
325
385
468
526
549
576
632
702
743
756
774
817
868
885
872
866
866
873
888
885
842
770
737
743
740
677
567
497
485
457
359
250
203
176
106
-14
-111
-139
-154
-224
-346
-431
-446
-448
-503
-581
-628
-630
-641
-679
-716
-710
-677
-677
-710
-729
-683
-614
-587
-599
-590
-534
-466
-424
-401
-354
-287
-235
-218
-188
-114
-27
19
23
28
84
155
197
208
205
231
249
259
263
269
275
262
238
204
183
173
172
145
75
-12
-64
-51
-38
-96
-226
-333
-340
-304
-334
-437
-518
-532
-531
-568
-616
-612
-582
-585
-633
-659
-592
-482
-428
-453
-467
-377
-227
-128
-94
-38
74
195
280
364
490
630
737
801
864
979
1112
1228
1329
1387
1363
1328
1426
1616
1691
1564
1398
1388
1494
1520
1375
1217
1184
1158
979
741
662
693
611
329
20
-119
-118
-167
-364
-616
-777
-861
-985
-1127
-1206
-1233
-1306
-1463
-1628
-1686
-1585
-1478
-1540
-1698
-1743
-1633
-1495
-1423
-1404
-1355
-1263
-1185
-1131
-1017
-804
-607
-554
-561
-480
-259
-27
93
138
180
266
406
530
616
694
743
729
716
759
800
753
681
691
678
532
325
238
275
252
56
-220
-385
-386
-405
-563
-721
-842
-981
-1071
-1043
-1019
-1086
-1150
-1165
-1149
-1061
-906
-803
-758
-660
-492
-310
-123
80
318
560
755
869
1001
1293
1598
1798
2121
2536
2367
1499
1321
2793
4296
3601
1363
546
2228
4004
3451
1465
783
1827
2312
1217
348
977
1683
865
-736
-1331
-532
389
86
-1313
-2338
-2110
-1429
-1395
-1975
-2324
-2224
-2263
-2749
-3139
-2691
-1724
-1556
-2600
-3518
-3040
-1755
-1170
-1612
-2155
-2093
-1594
-1221
-1105
-824
-314
-158
-586
-857
-284
715
1207
877
270
195
844
1544
1658
1351
1187
1255
1271
1217
1268
1485
1604
1253
601
310
682
1095
812
108
-296
-279
-247
-406
-564
-636
-837
-1247
-1549
-1460
-1120
-999
-1348
-1809
-1866
-1457
-1034
-950
-1109
-1255
-1085
-660
-302
-106
58
279
442
597
922
1375
1728
1859
1903
2125
2568
2902
2718
2245
2438
3551
4209
3265
1810
1788
3183
4004
3047
1509
1270
2159
2311
1253
544
943
1187
348
-743
-959
-406
-113
-737
-1820
-2322
-1943
-1516
-1772
-2375
-2629
-2478
-2399
-2641
-2857
-2576
-2038
-2040
-2700
-3034
-2380
-1519
-1390
-1800
-2002
-1664
-1130
-860
-859
-746
-383
-175
-324
-325
168
732
850
554
320
496
975
1345
1280
988
886
882
772
824
1116
1098
552
65
72
301
349
17
-561
-792
-594
-699
-1181
-1293
-1034
-1177
-1721
-1966
-1744
-1420
-1317
-1593
-1938
-1755
-1202
-956
-1041
-992
-677
-358
-144
68
403
911
1309
1316
1239
1653
2496
3059
2927
2617
2938
3757
4002
3272
2865
3942
5168
4463
2470
1962
3648
4887
3771
1759
1333
2423
2748
1539
484
743
1139
365
-911
-1355
-819
-407
-1011
-2257
-2946
-2559
-1964
-2125
-2921
-3439
-3222
-2872
-3085
-3535
-3349
-2673
-2558
-3213
-3625
-2992
-1951
-1688
-2263
-2633
-2149
-1366
-1009
-1054
-980
-567
-264
-348
-365
162
843
1000
681
445
706
1294
1660
1550
1222
1009
1007
1335
1679
1439
891
722
876
761
383
197
267
288
-135
-828
-1012
-574
-431
-1011
-1621
-1734
-1500
-1302
-1393
-1627
-1675
-1496
-1419
-1424
-1199
-837
-607
-573
-514
-201
322
826
1081
1083
1135
1520
2124
2581
2735
2780
3042
3412
3306
2693
2731
4086
5116
4062
2072
1763
3411
4552
3561
1749
1293
2123
2280
1167
368
778
1080
116
-1279
-1681
-982
-435
-1010
-2323
-3137
-2812
-2159
-2186
-2776
-3177
-3091
-2967
-3177
-3347
-2972
-2291
-2208
-2980
-3476
-2782
-1637
-1307
-1807
-2160
-1845
-1239
-854
-710
-554
-206
-23
-246
-283
321
1111
1314
899
471
573
1244
1791
1678
1242
1040
882
715
1078
1572
1343
456
-204
-211
148
500
167
-772
-1296
-1114
-943
-1093
-1239
-1437
-1812
-2084
-2050
-1809
-1511
-1385
-1685
-2028
-1799
-1188
-763
-649
-583
-422
-128
288
731
1124
1521
1795
1776
1930
2562
3290
3586
3589
3735
3700
3309
3258
4262
5414
4994
3226
2143
3009
4474
4457
2944
1714
1856
2181
1547
777
869
1119
309
-1105
-1851
-1541
-861
-913
-2010
-3273
-3547
-2979
-2643
-2920
-3387
-3645
-3769
-3918
-4023
-3755
-3075
-2774
-3391
-4153
-3896
-2790
-2001
-2053
-2457
-2547
-2176
-1580
-1106
-773
-454
-299
-396
-453
26
901
1455
1324
850
729
1192
1868
2177
1944
1493
1159
1203
1494
1788
1725
1125
456
172
394
627
434
-91
-682
-954
-940
-891
-1008
-1253
-1505
-1830
-2004
-1843
-1488
-1333
-1518
-1718
-1696
-1298
-757
-452
-382
-266
65
450
877
1340
1735
1947
2087
2398
2835
3330
3723
4036
4113
3670
3168
3544
4966
5695
4464
2648
2432
3883
4701
3775
2335
1922
2333
2062
1066
589
1077
1219
-26
-1551
-1979
-1265
-689
-1212
-2475
-3430
-3339
-2809
-2736
-3121
-3414
-3466
-3666
-3998
-3992
-3390
-2692
-2729
-3493
-3983
-3368
-2241
-1751
-2018
-2274
-2047
-1616
-1281
-922
-426
-9
-2
-287
-232
484
1398
1748
1371
912
1008
1620
2141
2217
1982
1617
1294
1200
1508
1853
1689
972
179
-21
321
569
228
-523
-1079
-1251
-1198
-1182
-1321
-1599
-1949
-2210
-2304
-2092
-1730
-1601
-1810
-2111
-1949
-1359
-810
-606
-598
-392
-49
376
849
1355
1756
1918
2088
2354
2937
3609
3997
4090
3805
3459
3396
4252
5484
5343
3773
2524
3119
4442
4558
3361
2212
2166
2359
1829
983
886
1341
834
-647
-1766
-1630
-879
-807
-1678
-2906
-3483
-3180
-2783
-2932
-3382
-3586
-3679
-3973
-4275
-4045
-3338
-2931
-3326
-4113
-4189
-3270
-2327
-2140
-2499
-2653
-2344
-1848
-1373
-969
-634
-417
-436
-480
-122
694
1400
1434
990
794
1250
1969
2346
2193
1840
1541
1306
1471
2040
2274
1651
587
174
591
1009
815
17
-664
-812
-800
-946
-1160
-1241
-1440
-1921
-2312
-2229
-1791
-1540
-1684
-2132
-2286
-1716
-1034
-781
-892
-741
-259
44
425
952
1461
1802
1899
2102
2560
3342
3924
3979
3878
3671
3465
3720
4884
5636
4584
2898
2538
3814
4711
3986
2575
1871
2117
2072
1231
650
919
1008
-115
-1578
-2018
-1461
-983
-1361
-2474
-3546
-3677
-3106
-2876
-3241
-3675
-3843
-3996
-4243
-4189
-3697
-3127
-3102
-3794
-4289
-3770
-2648
-2046
-2323
-2678
-2563
-2093
-1556
-1110
-726
-487
-405
-449
-354
299
1160
1582
1271
832
1024
1622
2285
2455
2039
1480
1155
1536
2123
2222
1647
712
301
546
855
659
63
-421
-772
-1091
-1252
-1141
-1168
-1558
-2074
-2410
-2290
-1947
-1731
-1857
-2140
-2145
-1816
-1349
-954
-746
-605
-339
4
474
1060
1540
1837
2014
2327
2813
3409
3915
4205
4364
4102
3638
3754
4960
6028
5271
3488
2741
3796
4970
4552
3108
2178
2362
2423
1650
899
1016
1313
421
-1095
-1888
-1517
-849
-1046
-2113
-3371
-3745
-3163
-2804
-3134
-3659
-3875
-3990
-4262
-4347
-3994
-3406
-3149
-3694
-4438
-4197
-3100
-2285
-2343
-2732
-2735
-2341
-1785
-1288
-882
-532
-374
-442
-408
142
1013
1620
1522
1042
1015
1544
2252
2615
2411
1727
1078
1554
2584
2618
1572
552
548
1124
1343
709
-332
-519
-169
-561
-1417
-1486
-1044
-1336
-2109
-2530
-2414
-1983
-1652
-1947
-2573
-2401
-1642
-1308
-1357
-1177
-707
-332
-55
236
639
1268
1873
2058
2028
2420
3235
3856
4093
4184
3979
3557
3687
4852
5945
5326
3628
2846
3698
4862
4729
3494
2468
2432
2544
1850
1153
1322
1588
658
-887
-1612
-1295
-700
-836
-1865
-3152
-3645
-3104
-2757
-3087
-3540
-3785
-3978
-4305
-4400
-4105
-3546
-3208
-3728
-4538
-4432
-3298
-2393
-2489
-2899
-2914
-2562
-2060
-1490
-984
-678
-557
-606
-572
-86
840
1526
1405
978
911
1373
2123
2544
2145
1298
1302
2188
2420
1705
1082
1077
1325
1297
725
-51
-92
436
106
-1071
-1496
-963
-809
-1401
-2009
-2183
-1961
-1708
-1851
-2217
-2053
-1501
-1446
-1677
-1430
-801
-286
-33
79
266
806
1596
1969
1933
2187
2873
3459
3698
3999
4291
4054
3548
3723
4920
5814
4976
3226
2660
3839
4914
4307
2742
1990
2394
2446
1542
801
957
1094
219
-1110
-1792
-1447
-861
-1154
-2373
-3432
-3449
-2932
-2844
-3321
-3748
-3834
-3865
-4057
-4256
-3981
-3373
-3212
-3795
-4349
-3905
-2853
-2293
-2519
-2859
-2705
-2182
-1627
-1278
-974
-577
-381
-432
-353
229
1064
1547
1397
1017
1075
1688
2407
2578
1981
1251
1454
2390
2578
1752
963
948
1355
1388
712
-127
-174
262
-62
-1158
-1551
-1043
-1006
-1687
-2317
-2337
-2009
-1845
-2086
-2507
-2298
-1709
-1550
-1742
-1585
-997
-545
-205
38
287
741
1398
1920
1967
2269
2946
3492
3798
4084
4504
4316
3827
3942
4911
5955
5487
3931
2963
3688
5090
4933
3385
2214
2390
2725
2037
1148
936
1124
591
-714
-1688
-1634
-954
-963
-2066
-3341
-3666
-3128
-2858
-3247
-3805
-4054
-4041
-4111
-4303
-4206
-3721
-3366
-3710
-4412
-4283
-3282
-2442
-2446
-2904
-2957
-2485
-1774
-1341
-1113
-728
-390
-368
-419
75
906
1574
1585
1135
1116
1576
2408
2737
2240
1615
1362
2129
2730
2251
1365
807
1095
1396
1166
408
-301
-126
58
-618
-1473
-1400
-1024
-1391
-2075
-2475
-2278
-1918
-1888
-2256
-2547
-2076
-1503
-1430
-1537
-1311
-667
-120
148
317
605
1187
1863
2290
2496
2743
3312
3935
4304
4574
4362
3889
3943
4947
6085
5516
3963
3211
3825
4931
4807
3599
2485
2376
2667
2064
1137
942
1186
546
-812
-1692
-1680
-1155
-1188
-2031
-3306
-3898
-3409
-3122
-3445
-4003
-4199
-4201
-4478
-4568
-4335
-3891
-3605
-3935
-4522
-4455
-3445
-2566
-2588
-2998
-2978
-2492
-1916
-1387
-1021
-722
-483
-372
-259
147
1008
1663
1549
1241
1318
1758
2432
2866
2576
1688
1479
2491
2911
2207
1454
1269
1486
1476
1195
416
-67
367
230
-831
-1432
-1020
-952
-1576
-2063
-2358
-2262
-1990
-2003
-2548
-2730
-2008
-1700
-1827
-1794
-1476
-986
-579
-193
-77
153
820
1449
1767
1977
2479
2986
3303
3600
4108
4502
4171
3705
3856
4951
5863
5179
3565
2810
3947
5163
4534
2881
2106
2565
2672
1831
968
894
1070
426
-895
-1839
-1541
-762
-1038
-2421
-3594
-3596
-3002
-2893
-3427
-3968
-4101
-3990
-4127
-4453
-4263
-3571
-3282
-3866
-4424
-4052
-3030
-2318
-2425
-2830
-2799
-2106
-1426
-1205
-953
-520
-194
-194
-174
369
1186
1689
1542
1171
1229
1849
2575
2717
2055
1207
1649
2764
2578
1447
846
1235
1560
1329
619
-258
-112
538
-56
-1501
-1629
-830
-1076
-1944
-2394
-2319
-2103
-1966
-2250
-2803
-2377
-1503
-1584
-2088
-1844
-1031
-515
-266
-141
-56
499
1415
1936
1909
2140
2919
3481
3655
3864
4353
4652
4298
3866
4135
5276
5957
4966
3200
2826
4317
5215
4047
2278
1901
2505
2353
1368
581
582
675
-101
-1474
-2216
-1713
-1141
-1786
-3203
-4054
-3818
-3278
-3295
-3925
-4445
-4376
-4192
-4441
-4738
-4327
-3591
-3559
-4245
-4557
-3857
-2799
-2351
-2656
-2972
-2657
-1872
-1346
-1216
-912
-403
-143
-232
-97
652
1411
1686
1478
1227
1471
2152
2732
2564
1900
1590
2080
2508
2097
1524
1252
1364
1330
873
331
-90
80
68
-736
-1498
-1532
-1220
-1442
-2032
-2515
-2564
-2304
-2216
-2402
-2607
-2192
-1802
-1940
-1915
-1602
-907
-389
-282
-174
117
883
1579
1881
2032
2381
3018
3598
3908
3946
4326
4736
4559
4089
4002
5141
6063
5215
3408
2719
4085
5207
4343
2489
1725
2324
2534
1629
510
459
764
69
-1336
-2298
-1888
-1163
-1539
-2936
-4124
-3947
-3202
-3113
-3792
-4355
-4289
-4171
-4360
-4592
-4238
-3558
-3404
-3919
-4439
-3970
-2765
-2053
-2302
-2821
-2603
-1756
-1156
-933
-710
-313
66
71
90
675
1553
1965
1694
1393
1529
2166
2836
2831
1887
1222
2159
2953
2206
1127
907
1349
1389
980
130
-612
-158
216
-848
-2049
-1679
-1071
-1674
-2424
-2778
-2681
-2365
-2244
-2677
-3149
-2332
-1621
-2119
-2375
-1690
-861
-630
-487
-266
55
801
1529
1748
1724
2406
3240
3475
3740
4043
4434
4713
4638
4321
4019
4912
6154
5584
3586
2680
3990
5271
4523
2680
1854
2349
2612
1805
585
392
901
357
-1196
-2230
-1781
-1006
-1449
-2759
-3834
-3856
-3127
-2961
-3714
-4368
-4214
-3909
-4179
-4511
-4222
-3592
-3366
-3792
-4286
-4038
-2922
-2081
-2309
-2820
-2647
-1773
-1146
-1011
-782
-416
-63
53
104
562
1350
1847
1627
1360
1558
2124
2664
2741
2314
1552
1685
2572
2575
1831
1141
963
1060
1062
780
-62
-500
-179
-379
-1358
-1713
-1263
-1358
-1996
-2527
-2657
-2329
-2033
-2144
-2679
-2642
-1833
-1605
-1752
-1487
-1019
-599
-295
35
331
724
1419
1977
2171
2388
2944
3497
3942
4280
4358
4648
4915
4761
4283
4234
5481
6190
4838
2961
2852
4468
5095
3749
2022
1573
2146
2124
1107
104
178
329
-651
-1957
-2434
-1834
-1483
-2220
-3526
-4373
-3958
-3247
-3423
-4210
-4541
-4267
-4177
-4414
-4502
-4048
-3458
-3427
-3972
-4295
-3581
-2399
-1950
-2410
-2712
-2135
-1220
-780
-768
-484
-23
215
259
407
1000
1726
1981
1651
1453
1786
2361
2770
2719
2208
1417
1561
2446
2423
1706
1012
661
558
643
585
-200
-719
-626
-1024
-1892
-1904
-1376
-1814
-2635
-3007
-2951
-2605
-2304
-2394
-3011
-2965
-2144
-1868
-1856
-1508
-1102
-867
-531
-15
408
900
1558
1896
1871
2288
3126
3667
3981
4294
4422
4456
4757
5017
4645
4285
5124
6002
5067
3317
2950
4210
4978
3996
2329
1455
1855
2302
1566
305
-35
226
-443
-1704
-2274
-1898
-1614
-2195
-3230
-4183
-4153
-3341
-3193
-3974
-4646
-4438
-4144
-4256
-4245
-4027
-3722
-3519
-3660
-3961
-3668
-2596
-1885
-2201
-2600
-2186
-1403
-894
-696
-510
-245
11
191
328
747
1412
1771
1540
1264
1474
1995
2483
2555
2070
1291
1296
2220
2372
1521
686
476
663
678
399
-364
-857
-641
-801
-1699
-2123
-1586
-1549
-2320
-2982
-2970
-2443
-2222
-2402
-2891
-2879
-2055
-1645
-1720
-1629
-1150
-682
-426
-79
341
858
1370
1777
1908
2150
2900
3506
3743
3923
4251
4560
4648
4718
4677
4392
4350
5052
5389
4497
3336
3108
3905
4230
3466
2261
1461
1651
1780
1023
109
-42
-45
-908
-1950
-2232
-1936
-1950
-2462
-3290
-4044
-3907
-3405
-3466
-4034
-4348
-4158
-4097
-4146
-4026
-3696
-3371
-3300
-3505
-3666
-3088
-2121
-1652
-1907
-2198
-1755
-1041
-529
-258
-110
155
415
561
723
1220
1823
1963
1712
1571
1836
2226
2533
2593
2308
2007
1637
1362
1693
2132
1809
725
-149
-88
365
461
-189
-1248
-1686
-1449
-1492
-1851
-1955
-2097
-2520
-2913
-2914
-2537
-2231
-2154
-2454
-2710
-2192
-1361
-1006
-1007
-933
-660
-123
509
983
1210
1369
1863
2329
2589
3012
3462
3799
3978
4216
4486
4612
4626
4478
4219
4155
4864
5346
4403
3021
2705
3716
4298
3375
1976
1293
1568
1687
927
-31
-272
-158
-737
-1759
-2328
-2121
-1874
-2293
-3134
-3880
-3832
-3305
-3260
-3784
-4169
-4012
-3778
-3816
-3847
-3562
-3169
-2960
-3083
-3341
-3053
-2145
-1503
-1693
-2021
-1695
-945
-484
-372
-169
76
329
463
510
893
1433
1708
1506
1293
1460
1798
2131
2207
2014
1718
1460
1076
960
1588
1813
913
-329
-761
-193
327
75
-1088
-2117
-1974
-1482
-1645
-2120
-2298
-2548
-2890
-2893
-2656
-2379
-2203
-2242
-2577
-2550
-1729
-952
-805
-958
-868
-402
307
946
1225
1298
1580
2115
2537
2878
3316
3665
3779
3851
4254
4698
4839
4681
4380
4170
4246
4817
5090
4409
3371
2929
3332
3682
3364
2407
1529
1351
1332
848
87
-187
-222
-806
-1727
-2333
-2311
-2148
-2317
-2952
-3698
-3843
-3584
-3520
-3790
-3910
-3804
-3823
-3933
-3895
-3508
-3092
-2917
-3015
-3167
-2893
-2231
-1603
-1462
-1575
-1478
-1083
-612
-284
26
249
447
517
497
809
1330
1716
1629
1400
1405
1558
1871
2056
2022
1774
1472
1027
725
1210
1612
1188
105
-642
-465
-51
78
-668
-1626
-1815
-1594
-1605
-1922
-2017
-2180
-2525
-2683
-2594
-2227
-1933
-1852
-2183
-2315
-1666
-988
-665
-715
-643
-286
201
802
1140
1343
1624
1995
2260
2519
3061
3491
3606
3493
3701
4243
4559
4515
4071
3868
4031
4289
4549
4423
3868
3041
2709
3083
3323
2870
1939
1309
1107
1007
604
6
-279
-536
-1104
-1828
-2160
-2076
-2109
-2447
-3062
-3536
-3577
-3360
-3293
-3428
-3460
-3529
-3659
-3641
-3354
-2980
-2747
-2644
-2721
-2741
-2428
-1783
-1277
-1227
-1315
-1253
-868
-405
-75
150
237
321
371
521
893
1332
1534
1327
1158
1197
1424
1759
1912
1756
1402
1279
1111
739
904
1439
1282
195
-651
-557
-105
99
-410
-1463
-2004
-1613
-1312
-1750
-2164
-2182
-2277
-2513
-2539
-2344
-2122
-1974
-2050
-2277
-2066
-1310
-816
-832
-884
-661
-172
350
823
1103
1194
1494
1918
2284
2712
3076
3192
3213
3482
3925
4243
4408
4453
4193
3911
4043
4189
4317
4483
4200
3281
2394
2556
3249
3173
2194
1105
653
722
597
41
-378
-601
-1156
-1979
-2593
-2471
-2092
-2210
-2811
-3729
-4066
-3576
-3110
-3123
-3582
-3844
-3749
-3669
-3433
-3039
-2703
-2559
-2719
-2904
-2632
-1850
-1140
-1019
-1402
-1555
-1128
-480
0
37
1
133
209
362
721
1181
1441
1277
927
889
1189
1571
1896
1755
1290
1076
1300
1362
678
624
1398
1221
75
-749
-491
115
278
-397
-1810
-2229
-1262
-809
-1712
-2437
-2229
-2170
-2287
-2330
-2302
-2050
-1832
-1972
-2438
-2065
-925
-618
-1023
-1153
-732
0
630
861
737
859
1581
2147
2158
2355
2829
3066
3101
3261
3567
3878
4234
4431
4018
3446
3663
4110
4042
3901
3831
3493
2628
2084
2481
2810
2498
1597
648
333
435
419
-63
-623
-1033
-1529
-2058
-2220
-1955
-1957
-2314
-2893
-3452
-3515
-3117
-2622
-2774
-3363
-3569
-3428
-3071
-2675
-2397
-2361
-2444
-2386
-2309
-2030
-1425
-887
-991
-1403
-1344
-885
-353
-35
15
-89
-145
-15
229
616
988
999
662
480
717
1113
1424
1426
1199
934
864
1128
1356
1236
615
131
361
780
667
-157
-850
-836
-436
-432
-1190
-1791
-1679
-1392
-1629
-2149
-2191
-1957
-1877
-2095
-2273
-1998
-1537
-1260
-1424
-1544
-1116
-537
-242
-243
-61
418
873
1173
1306
1514
1989
2466
2594
2559
2820
3233
3451
3504
3513
3640
3986
4305
4042
3393
3318
3671
3789
3703
3538
3077
2273
1939
2279
2468
2074
1240
535
325
419
267
-289
-659
-884
-1325
-1853
-2010
-1798
-1787
-2018
-2448
-2919
-2986
-2642
-2309
-2452
-2766
-2878
-2857
-2666
-2378
-2084
-2006
-2063
-2114
-2158
-1905
-1407
-1030
-1107
-1425
-1427
-1100
-688
-440
-378
-376
-391
-349
-201
171
552
597
393
281
453
718
1006
1181
1019
745
699
951
1151
972
618
489
648
638
238
-117
-130
6
-142
-668
-1170
-1141
-760
-924
-1624
-1932
-1610
-1378
-1608
-1847
-1809
-1570
-1380
-1456
-1533
-1221
-747
-659
-797
-614
-152
257
416
436
538
898
1382
1547
1535
1684
1972
2202
2285
2394
2566
2748
2853
2881
3061
3287
3228
2890
2693
2778
2990
3285
3240
2615
1879
1752
2222
2440
2065
1313
741
762
845
483
21
-44
-104
-701
-1330
-1415
-1150
-1049
-1364
-1991
-2478
-2383
-2057
-2033
-2308
-2546
-2621
-2711
-2711
-2518
-2260
-2131
-2288
-2540
-2594
-2302
-1804
-1598
-1838
-2062
-1931
-1605
-1294
-1048
-915
-917
-898
-805
-651
-230
253
287
11
-12
284
618
921
1121
1096
938
971
1247
1449
1336
1022
1057
1338
1132
621
500
741
770
369
-229
-596
-290
114
-415
-1375
-1451
-915
-924
-1366
-1608
-1560
-1398
-1353
-1511
-1607
-1272
-939
-1157
-1403
-1118
-621
-374
-345
-398
-358
-8
491
678
565
753
1161
1290
1359
1652
1947
2107
2233
2349
2539
3020
3417
3098
2577
2715
3153
3447
3641
3427
2710
2097
2312
2919
2980
2407
1671
1313
1282
1079
701
566
555
54
-813
-1333
-1205
-896
-1026
-1586
-2308
-2696
-2551
-2326
-2407
-2780
-3055
-3201
-3366
-3308
-2980
-2693
-2716
-3006
-3284
-3205
-2656
-2070
-1975
-2293
-2457
-2203
-1728
-1297
-1049
-900
-815
-783
-654
-267
306
681
660
513
584
923
1368
1748
1869
1730
1607
1734
2010
2142
2019
1782
1706
1728
1461
1044
994
1186
1020
390
-266
-491
-260
-154
-763
-1608
-1744
-1448
-1555
-1952
-2148
-2146
-2133
-2160
-2256
-2222
-1889
-1649
-1842
-2033
-1701
-1148
-798
-721
-804
-678
-164
423
683
699
919
1320
1603
1843
2170
2512
2736
2848
2942
3131
3541
4060
4123
3650
3408
3627
3859
3969
4131
3979
3114
2311
2446
3037
3078
2375
1453
893
830
759
411
89
-146
-701
-1566
-2015
-1865
-1689
-1835
-2371
-3112
-3508
-3234
-2838
-2975
-3390
-3584
-3638
-3684
-3493
-3098
-2874
-2862
-2947
-3047
-2911
-2336
-1654
-1469
-1707
-1793
-1493
-991
-529
-184
33
133
160
280
681
1256
1641
1605
1374
1325
1574
2005
2361
2344
2000
1773
1902
2084
2102
1969
1663
1322
1154
1008
639
401
475
264
-426
-990
-1076
-943
-947
-1370
-2133
-2502
-2196
-1974
-2248
-2502
-2488
-2493
-2477
-2294
-2083
-1861
-1641
-1629
-1708
-1420
-786
-382
-345
-306
-48
396
904
1265
1404
1515
1767
2055
2310
2600
2913
3082
3045
3016
3165
3441
3691
3833
3804
3555
3233
3088
3117
3206
3381
3346
2628
1621
1322
1936
2397
1849
757
18
21
259
-27
-603
-851
-999
-1567
-2231
-2339
-2023
-1889
-2190
-2879
-3486
-3297
-2619
-2458
-2864
-3165
-3124
-2979
-2797
-2492
-2224
-2068
-2030
-2170
-2192
-1706
-972
-662
-901
-1180
-1022
-525
-80
90
72
107
179
193
337
723
1079
1089
812
631
768
1126
1414
1404
1142
901
888
1055
1200
1164
957
679
453
349
341
237
11
-187
-373
-675
-999
-1022
-852
-969
-1443
-1870
-1900
-1646
-1510
-1666
-1933
-2007
-1847
-1645
-1508
-1387
-1264
-1195
-1137
-1009
-747
-438
-213
-120
-121
28
413
796
950
912
975
1233
1502
1679
1770
1883
2066
2170
2154
2204
2401
2660
2875
2958
2833
2563
2499
2664
2734
2857
3016
2694
1885
1456
1941
2513
2293
1488
787
644
876
847
420
69
-69
-396
-971
-1240
-1046
-912
-1117
-1599
-2168
-2338
-1964
-1636
-1862
-2349
-2537
-2471
-2404
-2260
-2066
-1991
-2035
-2176
-2285
-2107
-1624
-1237
-1325
-1638
-1669
-1382
-1007
-714
-610
-629
-626
-546
-338
10
393
592
495
388
489
775
1178
1472
1453
1220
1161
1450
1752
1802
1804
1796
1485
1076
1155
1615
1628
970
422
320
362
373
152
-293
-621
-697
-905
-1343
-1430
-1207
-1380
-1918
-2227
-2144
-1884
-1711
-1901
-2265
-2253
-1860
-1633
-1692
-1664
-1541
-1441
-1248
-1029
-831
-513
-190
-154
-239
85
685
1011
1061
1143
1373
1728
2079
2236
2293
2527
2874
3100
3278
3455
3417
3288
3391
3587
3663
3769
3799
3398
2766
2637
3047
3246
2839
2039
1448
1372
1412
1080
529
206
-30
-555
-1159
-1435
-1453
-1521
-1830
-2442
-3014
-3047
-2747
-2723
-3095
-3399
-3447
-3470
-3404
-3172
-2983
-2873
-2832
-2922
-2941
-2582
-1963
-1626
-1721
-1812
-1626
-1252
-770
-451
-381
-249
-42
156
382
746
1151
1251
1194
1276
1430
1694
2039
2189
2088
1928
1941
2085
2148
2161
2101
1897
1617
1250
1021
1149
1187
797
137
-372
-468
-432
-556
-1007
-1605
-1874
-1952
-2169
-2374
-2442
-2540
-2804
-3050
-3009
-2768
-2560
-2529
-2698
-2751
-2476
-2082
-1790
-1670
-1594
-1416
-1127
-743
-383
-117
147
372
570
821
1164
1552
1773
1865
2027
2285
2608
2884
2970
2974
3113
3350
3515
3597
3695
3631
3344
3237
3321
3236
3154
3281
3113
2320
1596
1705
2177
2118
1398
498
29
140
213
-215
-731
-982
-1252
-1700
-2022
-2036
-1958
-1994
-2255
-2796
-3109
-2763
-2298
-2322
-2660
-2833
-2745
-2557
-2287
-2034
-1944
-1844
-1734
-1792
-1717
-1232
-700
-560
-790
-905
-663
-246
152
232
142
228
346
415
617
924
1098
1014
863
806
866
1174
1496
1346
946
843
1019
1107
1010
977
939
714
502
357
234
218
237
77
-357
-751
-752
-575
-615
-956
-1333
-1436
-1371
-1398
-1516
-1581
-1599
-1677
-1777
-1738
-1549
-1384
-1335
-1405
-1468
-1316
-965
-701
-704
-770
-672
-459
-220
-20
73
136
287
458
570
746
964
1047
1050
1157
1366
1547
1701
1821
1844
1890
2056
2231
2330
2477
2735
2781
2467
2291
2583
2858
2764
2646
2711
2572
2085
1822
2084
2426
2256
1478
801
851
1144
954
408
16
-186
-442
-700
-893
-1032
-1052
-1185
-1704
-2225
-2226
-1891
-1818
-2153
-2496
-2641
-2624
-2459
-2311
-2341
-2419
-2361
-2305
-2390
-2336
-1934
-1596
-1656
-1869
-1892
-1579
-1100
-826
-866
-898
-716
-518
-348
-46
259
340
343
408
508
771
1183
1408
1267
1097
1251
1577
1730
1671
1628
1657
1563
1410
1454
1562
1401
1102
884
693
605
665
499
-69
-527
-562
-579
-784
-1032
-1344
-1646
-1752
-1806
-1994
-2118
-2093
-2189
-2420
-2463
-2316
-2214
-2141
-2111
-2161
-2079
-1767
-1462
-1355
-1270
-1085
-901
-671
-337
-63
154
410
606
745
1037
1465
1739
1862
2101
2355
2510
2714
2879
3000
3243
3476
3555
3678
3831
3684
3485
3666
3807
3527
3417
3617
3381
2683
2250
2373
2602
2375
1589
821
703
826
431
-238
-607
-812
-1164
-1575
-1924
-2152
-2176
-2219
-2623
-3178
-3275
-2951
-2813
-3054
-3332
-3371
-3213
-2971
-2817
-2814
-2721
-2423
-2255
-2343
-2230
-1721
-1278
-1234
-1368
-1287
-866
-399
-215
-225
-65
227
370
469
743
1022
1153
1222
1245
1224
1341
1675
1876
1701
1480
1503
1612
1603
1511
1443
1345
1139
925
804
774
743
506
54
-280
-292
-204
-437
-904
-1140
-1157
-1231
-1461
-1684
-1732
-1718
-1825
-2066
-2183
-2005
-1833
-1978
-2205
-2162
-1890
-1627
-1542
-1570
-1545
-1356
-1082
-940
-863
-645
-401
-288
-243
-78
233
505
635
664
753
1021
1335
1462
1479
1591
1778
1930
2040
2158
2259
2343
2434
2474
2462
2563
2825
2974
2709
2330
2411
2757
2699
2350
2336
2449
2110
1566
1454
1746
1866
1441
701
295
449
574
244
-187
-467
-742
-1002
-1170
-1338
-1447
-1415
-1568
-2109
-2487
-2274
-1949
-2006
-2339
-2629
-2666
-2425
-2160
-2168
-2304
-2227
-2055
-2062
-2058
-1803
-1425
-1236
-1351
-1489
-1316
-851
-503
-491
-547
-418
-206
7
201
343
471
592
654
641
702
993
1309
1304
1077
1014
1220
1412
1444
1443
1380
1250
1196
1192
1159
1197
1244
1031
630
445
503
515
401
127
-254
-464
-502
-655
-874
-961
-1107
-1455
-1678
-1700
-1767
-1855
-1919
-2136
-2380
-2292
-2065
-2043
-2117
-2141
-2140
-2034
-1777
-1611
-1558
-1405
-1238
-1183
-1025
-666
-402
-287
-118
86
298
607
921
1073
1177
1394
1616
1807
2080
2330
2440
2520
2666
2819
2981
3196
3396
3426
3217
3021
3205
3630
3534
2872
2665
3095
3130
2353
1712
1920
2293
1938
990
357
483
672
217
-546
-979
-1073
-1131
-1375
-1836
-2215
-2185
-2054
-2395
-2907
-2908
-2538
-2387
-2629
-2950
-2949
-2575
-2221
-2234
-2382
-2213
-1821
-1611
-1621
-1544
-1181
-789
-726
-869
-775
-346
56
118
8
101
420
694
787
825
914
1067
1235
1293
1211
1287
1606
1724
1486
1313
1491
1703
1651
1469
1340
1302
1254
1120
932
783
705
595
368
24
-235
-227
-202
-496
-998
-1244
-1166
-1159
-1376
-1689
-1907
-1894
-1770
-1853
-2173
-2263
-1989
-1846
-2084
-2271
-2067
-1765
-1667
-1751
-1769
-1536
-1228
-1072
-1098
-1029
-765
-523
-401
-340
-200
54
277
348
394
607
906
1085
1104
1123
1256
1480
1660
1702
1746
1903
2061
2094
2083
2177
2403
2567
2589
2601
2563
2434
2472
2803
2829
2288
2090
2562
2699
1982
1402
1661
2064
1841
1077
490
526
796
567
-134
-552
-547
-604
-909
-1312
-1560
-1512
-1396
-1696
-2261
-2361
-1996
-1860
-2180
-2487
-2475
-2280
-2108
-2120
-2238
-2183
-1885
-1729
-1880
-1895
-1528
-1149
-1129
-1280
-1244
-939
-551
-370
-412
-374
-100
182
297
393
545
716
879
946
911
979
1296
1533
1399
1199
1288
1511
1566
1471
1390
1364
1321
1228
1100
999
972
908
718
490
341
233
88
-105
-303
-472
-675
-911
-1132
-1278
-1406
-1607
-1766
-1902
-2111
-2315
-2356
-2305
-2419
-2609
-2680
-2659
-2630
-2583
-2479
-2411
-2356
-2258
-2102
-1863
-1655
-1498
-1331
-1057
-748
-526
-295
-20
230
458
726
1003
1208
1421
1642
1791
1926
2117
2307
2394
2484
2596
2648
2718
2833
2867
2781
2786
2907
2927
2884
2833
2689
2640
2795
2670
2052
1840
2419
2619
1699
717
810
1414
1410
621
-183
-295
-33
-209
-872
-1276
-1204
-1223
-1590
-2067
-2329
-2169
-1834
-1963
-2592
-2857
-2418
-1990
-2096
-2348
-2307
-2053
-1815
-1747
-1760
-1528
-1014
-747
-957
-1076
-637
-32
197
90
-9
160
541
808
802
802
1025
1188
1091
1004
1147
1372
1472
1343
1050
921
1158
1373
1182
828
756
847
751
555
459
448
358
153
-97
-264
-233
-167
-298
-585
-800
-901
-1012
-1099
-1134
-1159
-1273
-1572
-1849
-1822
-1535
-1442
-1719
-2013
-2047
-1861
-1654
-1626
-1773
-1823
-1656
-1511
-1469
-1352
-1141
-1031
-1049
-981
-783
-524
-316
-251
-269
-198
47
297
432
518
640
781
882
978
1105
1257
1357
1356
1371
1476
1614
1671
1668
1643
1607
1646
1737
1756
1718
1729
1773
1752
1691
1641
1657
1780
1919
1898
1731
1534
1339
1372
1793
2085
1640
813
577
1078
1463
1170
534
172
207
215
-64
-354
-381
-355
-611
-1051
-1309
-1199
-907
-860
-1259
-1705
-1716
-1410
-1231
-1291
-1418
-1462
-1424
-1384
-1358
-1229
-941
-778
-946
-1181
-1108
-701
-356
-361
-576
-618
-383
-124
3
74
185
268
246
205
276
537
810
784
485
267
410
716
810
644
434
365
360
286
235
301
352
186
-101
-273
-250
-106
-52
-205
-478
-633
-632
-648
-672
-686
-752
-911
-1103
-1201
-1179
-1067
-1035
-1232
-1499
-1590
-1466
-1309
-1282
-1412
-1547
-1517
-1405
-1302
-1220
-1150
-1150
-1172
-1050
-859
-709
-592
-510
-475
-410
-186
84
246
334
401
474
614
835
1002
1047
1087
1147
1195
1276
1413
1516
1505
1470
1465
1508
1580
1615
1600
1562
1574
1610
1654
1679
1632
1580
1635
1787
1841
1756
1698
1744
1766
1653
1513
1537
1707
1722
1382
948
880
1150
1269
974
524
285
302
322
133
-136
-238
-240
-394
-711
-897
-825
-695
-759
-1045
-1287
-1253
-1047
-992
-1169
-1279
-1215
-1140
-1156
-1164
-1042
-908
-886
-999
-1070
-919
-659
-528
-614
-747
-726
-567
-404
-367
-361
-289
-239
-281
-304
-166
31
146
118
5
-24
134
357
438
375
325
355
444
516
521
511
541
573
506
409
403
453
460
372
185
-7
-5
125
28
-302
-494
-465
-517
-705
-847
-899
-927
-1026
-1252
-1451
-1377
-1186
-1258
-1528
-1635
-1510
-1349
-1330
-1418
-1423
-1277
-1131
-1105
-1073
-944
-778
-636
-547
-483
-341
-83
119
148
195
421
705
851
896
999
1162
1327
1445
1520
1615
1763
1873
1874
1885
2003
2140
2209
2221
2194
2173
2263
2373
2311
2188
2204
2278
2235
2092
1938
1824
1837
1878
1702
1337
1082
1040
979
804
580
331
55
-183
-296
-383
-546
-774
-1008
-1189
-1320
-1422
-1500
-1577
-1710
-1876
-1974
-1976
-1954
-1940
-1928
-1942
-1980
-1936
-1810
-1705
-1610
-1500
-1419
-1365
-1261
-1102
-951
-783
-616
-555
-538
-427
-227
-52
35
60
63
110
219
312
357
403
426
367
321
383
479
491
411
321
236
194
216
243
199
75
-59
-149
-175
-158
-171
-242
-361
-494
-600
-597
-508
-543
-757
-878
-770
-709
-885
-1040
-951
-795
-845
-1096
-1252
-1095
-809
-829
-1138
-1223
-955
-749
-826
-933
-849
-672
-571
-596
-609
-457
-235
-154
-207
-179
18
254
369
328
286
439
701
777
679
689
835
932
939
958
1009
1076
1136
1086
985
1033
1183
1203
1087
1027
1064
1119
1152
1116
1046
1077
1183
1203
1125
1057
1066
1113
1162
1127
1021
972
1022
1041
962
874
824
802
754
639
503
440
425
316
110
-47
-107
-133
-223
-389
-559
-661
-728
-825
-915
-964
-1010
-1096
-1179
-1254
-1306
-1261
-1164
-1162
-1263
-1305
-1217
-1100
-1050
-1051
-1043
-961
-869
-833
-800
-702
-607
-587
-574
-521
-442
-350
-271
-260
-266
-214
-134
-104
-81
-21
32
35
26
53
91
136
158
138
91
74
116
163
154
51
-73
-79
27
64
-74
-271
-325
-252
-215
-305
-447
-510
-500
-507
-570
-599
-552
-536
-610
-673
-598
-457
-401
-443
-472
-391
-235
-104
-44
10
97
169
236
343
463
548
615
674
698
716
798
900
952
965
989
1037
1060
1056
1046
1094
1176
1213
1204
1190
1184
1189
1241
1270
1273
1357
1445
1314
1109
1138
1225
1099
1068
1327
1308
695
189
460
1002
960
301
-232
-190
39
-73
-411
-555
-542
-675
-963
-1187
-1208
-1026
-879
-1102
-1568
-1711
-1375
-1048
-1082
-1323
-1435
-1332
-1164
-1092
-1077
-938
-754
-765
-963
-1017
-756
-394
-271
-478
-717
-653
-376
-221
-259
-318
-321
-312
-285
-263
-226
-87
41
-71
-302
-287
-12
194
177
37
-67
-39
96
197
235
287
296
195
99
162
324
446
442
298
149
193
398
490
420
366
360
322
315
394
485
491
434
349
276
306
419
481
434
329
232
215
273
307
263
195
146
94
43
13
-12
19
51
-59
-249
-282
-145
-92
-238
-390
-402
-372
-416
-483
-468
-424
-497
-687
-796
-706
-559
-570
-764
-898
-859
-755
-724
-752
-767
-769
-745
-703
-625
-531
-462
-453
-453
-387
-254
-106
10
56
45
96
232
372
439
484
551
596
607
640
729
819
866
849
810
814
890
965
948
888
863
873
913
947
933
892
863
844
822
820
858
867
808
725
677
667
668
680
651
552
445
414
443
427
313
174
97
95
104
21
-123
-219
-255
-307
-383
-445
-489
-555
-625
-693
-777
-825
-809
-804
-888
-964
-951
-913
-940
-986
-972
-920
-886
-890
-896
-850
-758
-694
-702
-710
-629
-511
-443
-426
-408
-366
-304
-250
-197
-147
-98
-66
-66
-46
7
50
71
96
120
123
141
200
245
242
250
304
362
389
403
426
468
503
495
507
572
620
603
575
597
629
610
579
577
559
512
488
488
453
377
335
354
345
305
277
279
282
260
256
285
314
339
367
406
433
465
555
637
647
642
683
747
789
822
795
632
503
677
952
810
283
10
295
608
384
-159
-405
-243
-156
-414
-715
-752
-671
-738
-981
-1197
-1180
-985
-913
-1142
-1419
-1421
-1190
-1032
-1106
-1257
-1253
-1066
-941
-1023
-1065
-860
-628
-651
-825
-841
-591
-302
-244
-363
-401
-238
-45
31
58
105
171
234
259
246
320
526
638
517
386
492
709
770
682
605
615
658
665
636
604
613
626
582
486
422
459
519
478
325
209
211
241
218
176
142
97
43
21
42
49
31
7
-45
-109
-130
-98
-67
-84
-101
-100
-165
-250
-204
-61
-38
-201
-359
-347
-230
-179
-248
-353
-400
-372
-339
-364
-398
-397
-396
-461
-545
-562
-498
-456
-521
-635
-697
-632
-536
-537
-629
-695
-678
-621
-600
-627
-632
-600
-584
-600
-588
-509
-420
-390
-396
-368
-302
-227
-150
-96
-56
6
72
132
199
285
374
444
490
538
597
678
750
787
832
884
902
910
965
1035
1049
1033
1034
1032
1029
1046
1042
984
924
890
849
823
799
719
604
538
520
442
310
211
148
65
-57
-176
-261
-308
-397
-540
-653
-707
-756
-837
-918
-993
-1073
-1123
-1133
-1154
-1193
-1206
-1193
-1193
-1181
-1130
-1082
-1062
-1023
-953
-882
-820
-756
-655
-548
-472
-406
-313
-182
-67
-9
47
148
255
350
430
499
561
627
710
790
854
888
914
962
1014
1037
1034
1039
1053
1059
1045
1021
989
967
952
906
832
776
736
676
600
530
480
428
357
277
218
181
129
53
-6
-29
-69
-135
-180
-183
-186
-220
-248
-259
-266
-258
-250
-238
-227
-220
-217
-185
-127
-91
-92
-57
24
77
80
90
134
190
216
200
210
250
254
207
193
236
229
112
10
32
82
1
-197
-310
-262
-216
-324
-517
-615
-588
-572
-659
-785
-852
-859
-862
-908
-975
-1000
-966
-937
-966
-997
-968
-889
-832
-837
-854
-791
-668
-584
-573
-552
-466
-353
-278
-251
-211
-141
-63
-14
11
39
93
165
203
220
252
293
334
383
422
442
462
490
512
543
591
626
639
650
674
696
716
736
744
735
724
730
732
732
727
720
712
699
674
651
656
666
634
562
528
540
552
517
455
417
404
411
409
379
341
316
313
327
340
323
306
331
328
283
288
395
465
336
128
120
344
460
222
-115
-151
83
146
-152
-458
-457
-312
-386
-690
-900
-842
-726
-830
-1108
-1274
-1195
-1031
-1035
-1231
-1376
-1302
-1122
-1074
-1188
-1233
-1087
-923
-928
-1013
-957
-725
-554
-594
-684
-614
-406
-249
-236
-270
-222
-95
3
19
25
105
224
253
179
140
244
389
411
293
199
262
380
390
309
268
308
338
296
246
264
337
370
311
226
221
308
378
343
250
201
230
273
248
184
157
151
93
-8
-62
-20
6
-118
-305
-379
-313
-249
-339
-519
-612
-563
-505
-568
-674
-693
-647
-638
-701
-749
-708
-617
-567
-602
-641
-587
-472
-385
-355
-346
-291
-185
-92
-44
8
109
219
283
308
378
499
593
624
643
715
813
862
865
902
978
1031
1038
1036
1057
1103
1124
1111
1100
1096
1099
1096
1069
1026
991
972
943
870
791
749
728
655
527
436
421
414
327
184
87
76
67
-5
-95
-155
-188
-236
-287
-321
-333
-350
-390
-445
-495
-502
-470
-448
-489
-586
-646
-575
-452
-443
-574
-671
-590
-430
-401
-503
-549
-461
-344
-334
-399
-379
-250
-151
-156
-209
-199
-94
25
65
30
9
61
152
186
169
183
231
248
215
185
209
260
259
188
136
161
179
109
13
20
98
71
-108
-251
-207
-77
-86
-293
-471
-431
-303
-317
-471
-580
-555
-497
-529
-617
-642
-580
-531
-573
-624
-575
-471
-413
-434
-455
-389
-262
-181
-188
-200
-112
34
105
73
63
172
320
357
291
267
366
496
526
469
458
529
611
649
643
651
706
774
811
815
858
947
994
974
1013
1140
1208
1132
1045
1129
1284
1232
1008
948
1092
1107
825
549
584
714
562
180
-75
-92
-86
-251
-530
-741
-821
-879
-1022
-1206
-1322
-1348
-1341
-1403
-1563
-1692
-1618
-1431
-1405
-1525
-1562
-1440
-1296
-1235
-1183
-1074
-947
-870
-835
-765
-604
-408
-301
-275
-249
-167
-6
156
231
231
263
364
451
479
504
584
652
650
618
625
680
744
734
660
617
628
631
605
572
523
473
434
396
348
297
257
217
150
70
18
-5
-33
-85
-169
-239
-247
-246
-295
-347
-357
-373
-435
-480
-467
-441
-439
-460
-498
-522
-494
-455
-453
-451
-436
-436
-446
-432
-418
-417
-399
-367
-313
-245
-279
-533
-696
-320
261
180
-626
-1085
-506
403
509
-276
-888
-559
190
361
-93
-369
-117
175
73
-182
-137
227
480
284
-138
-217
219
633
494
70
-29
253
467
371
187
232
446
460
172
-20
199
529
489
111
-151
-22
276
341
106
-130
-106
48
55
-84
-127
-21
11
-125
-259
-200
4
115
-18
-205
-187
12
143
97
-7
-5
87
136
126
121
182
256
250
163
136
243
359
350
240
185
252
348
368
330
309
324
363
379
366
378
421
433
388
362
408
496
528
474
412
427
511
573
539
461
437
479
518
511
501
503
500
485
473
484
512
530
505
453
428
446
489
500
468
435
431
433
413
411
425
401
334
271
252
258
244
185
111
58
21
-22
-87
-164
-217
-263
-339
-441
-537
-588
-603
-642
-744
-846
-891
-901
-925
-974
-1031
-1071
-1081
-1080
-1074
-1093
-1107
-1087
-1058
-1022
-988
-967
-951
-917
-858
-785
-716
-679
-652
-588
-495
-412
-361
-323
-254
-171
-129
-94
-32
29
79
124
157
195
237
259
276
319
367
384
381
385
422
466
489
506
529
540
564
604
605
617
666
707
697
665
662
722
781
765
714
701
730
766
773
753
741
738
746
776
797
786
773
785
812
848
856
817
744
696
777
903
821
501
271
423
726
642
94
-309
-163
153
63
-433
-799
-743
-582
-718
-1030
-1170
-1110
-1085
-1234
-1435
-1462
-1312
-1202
-1272
-1440
-1473
-1273
-1053
-1044
-1136
-1094
-888
-715
-732
-761
-596
-338
-249
-336
-370
-198
62
157
73
-2
65
225
324
266
184
220
302
295
198
134
190
265
193
27
-41
24
84
27
-106
-165
-114
-72
-106
-174
-182
-119
-69
-105
-158
-116
-15
36
12
-9
52
146
170
147
165
229
282
274
242
258
310
343
332
291
255
263
295
290
249
200
166
162
156
120
75
39
18
-6
-39
-78
-103
-119
-139
-174
-215
-226
-217
-230
-263
-280
-268
-256
-267
-294
-298
-274
-265
-270
-271
-248
-227
-229
-238
-215
-180
-162
-156
-146
-125
-87
-62
-51
-34
-6
33
68
84
91
129
182
207
205
206
256
308
303
272
287
345
371
333
294
312
349
332
275
255
276
273
230
187
182
196
160
106
87
102
101
61
26
21
32
37
13
-14
-28
-16
17
20
-15
-54
-51
-14
9
-25
-71
-69
-50
-52
-56
-63
-72
-104
-119
-85
-51
-77
-124
-116
-54
-23
-58
-89
-45
16
13
-16
-4
42
68
58
48
56
74
86
91
88
69
52
67
84
61
21
5
17
18
-8
-22
-28
-45
-80
-88
-61
-61
-100
-137
-125
-91
-96
-129
-126
-105
-94
-103
-95
-69
-48
-54
-54
-30
-1
22
26
24
41
72
103
106
87
87
128
172
155
116
123
170
206
191
162
158
186
207
210
203
189
185
192
206
200
175
162
158
151
130
110
107
94
60
27
13
-2
-25
-54
-72
-93
-123
-157
-167
-171
-191
-241
-271
-277
-276
-302
-339
-361
-366
-370
-389
-417
-436
-440
-424
-421
-439
-467
-463
-421
-380
-380
-402
-391
-343
-285
-238
-218
-211
-187
-121
-42
10
20
36
97
171
230
252
275
315
361
394
434
467
482
486
508
541
569
566
550
543
555
567
566
545
512
489
483
478
452
401
358
343
325
281
224
185
157
113
50
-8
-37
-60
-113
-186
-245
-264
-273
-314
-385
-438
-443
-429
-440
-488
-524
-512
-485
-480
-494
-496
-480
-454
-449
-431
-404
-376
-363
-356
-331
-295
-263
-249
-237
-216
-191
-166
-139
-109
-95
-94
-77
-33
9
16
5
16
50
82
93
90
91
99
118
139
143
124
110
118
149
159
133
110
117
135
134
123
115
107
104
99
96
101
91
69
57
54
52
44
25
15
7
-4
-15
-16
-16
-24
-38
-39
-25
-10
-9
-12
8
35
51
66
88
118
137
148
174
214
240
241
245
278
315
329
314
318
341
353
353
343
335
328
324
319
309
294
275
254
240
230
213
182
156
139
121
104
83
57
32
16
7
-7
-32
-54
-57
-57
-71
-85
-89
-81
-78
-90
-85
-71
-61
-62
-68
-52
-30
-27
-25
-20
-8
6
12
14
10
11
10
12
13
5
-14
-21
-27
-39
-51
-66
-83
-105
-119
-134
-145
-161
-187
-205
-214
-216
-229
-252
-266
-269
-266
-277
-291
-304
-308
-299
-296
-306
-316
-313
-302
-295
-293
-294
-289
-269
-258
-252
-238
-220
-198
-181
-164
-139
-117
-88
-62
-39
-19
1
33
62
81
86
104
133
159
169
166
167
181
194
197
184
167
169
169
164
150
128
113
106
95
72
52
36
22
11
2
-10
-24
-41
-49
-35
-35
-51
-55
-45
-26
-11
-14
-15
14
51
64
71
86
125
164
179
184
198
241
280
293
290
301
338
373
378
371
374
388
405
405
393
382
379
372
358
340
318
289
254
229
203
164
117
69
26
-12
-60
-117
-176
-217
-255
-304
-358
-410
-449
-479
-508
-548
-588
-608
-615
-621
-641
-650
-652
-640
-628
-627
-619
-597
-570
-544
-530
-516
-486
-448
-412
-388
-367
-335
-293
-256
-225
-199
-173
-133
-94
-59
-32
2
40
75
110
131
157
185
211
238
254
268
291
310
318
328
335
340
345
349
349
345
344
340
340
329
324
323
320
317
322
321
322
327
335
333
336
341
346
351
359
357
355
361
366
364
349
337
328
325
317
299
275
249
238
223
200
172
147
128
107
91
66
45
24
4
-17
-35
-54
-65
-79
-101
-118
-129
-138
-150
-168
-183
-195
-193
-197
-200
-210
-222
-218
-215
-214
-215
-221
-218
-209
-196
-191
-191
-191
-180
-171
-160
-158
-162
-163
-155
-148
-150
-160
-170
-172
-175
-172
-173
-188
-197
-201
-201
-204
-208
-210
-220
-217
-212
-204
-195
-189
-187
-180
-172
-159
-142
-138
-133
-122
-111
-96
-82
-78
-78
-64
-48
-34
-26
-27
-25
-10
5
19
26
26
33
54
75
81
93
101
115
138
155
169
180
189
207
219
231
239
249
252
254
258
262
268
266
262
251
244
242
241
228
215
199
190
190
185
175
157
148
141
141
137
126
125
118
118
123
117
110
111
112
110
105
99
95
94
89
83
74
59
56
48
37
20
10
-3
-21
-36
-51
-75
-88
-103
-123
-142
-166
-184
-202
-222
-247
-270
-291
-308
-321
-337
-354
-369
-379
-391
-397
-403
-410
-417
-416
-415
-412
-402
-398
-385
-377
-360
-343
-319
-301
-274
-253
-236
-207
-179
-153
-128
-93
-67
-35
-4
27
54
77
102
126
150
166
185
203
217
227
240
246
250
256
257
251
252
245
241
234
228
220
211
207
195
187
174
167
158
152
144
139
129
121
120
114
105
102
99
91
86
78
76
73
72
66
62
61
59
59
58
53
50
58
54
63
65
65
70
76
84
82
92
96
103
111
117
120
123
127
133
132
127
128
122
123
114
106
92
82
64
47
29
10
-7
-27
-48
-72
-88
-112
-130
-151
-173
-200
-220
-240
-255
-277
-292
-307
-324
-332
-347
-355
-366
-376
-383
-383
-391
-395
-392
-391
-387
-381
-370
-366
-348
-336
-326
-312
-294
-273
-247
-221
-199
-163
-134
-101
-66
-39
-9
28
63
94
125
159
186
221
255
285
312
338
367
385
411
425
443
451
463
474
479
481
489
493
487
485
476
469
454
440
420
402
378
354
333
308
276
248
221
188
163
131
99
68
43
12
-19
-47
-70
-95
-113
-132
-154
-165
-187
-196
-211
-224
-238
-244
-251
-260
-260
-265
-264
-266
-261
-264
-256
-251
-245
-237
-227
-212
-200
-179
-163
-139
-121
-98
-75
-48
-23
0
27
51
80
101
130
148
174
195
213
225
236
246
251
252
246
243
233
226
212
197
172
161
136
113
86
57
30
4
-21
-52
-76
-107
-123
-148
-167
-192
-207
-225
-240
-251
-272
-271
-284
-286
-293
-295
-297
-292
-290
-288
-278
-276
-269
-259
-245
-237
-219
-211
-188
-174
-158
-137
-121
-96
-73
-50
-34
-8
13
39
56
80
93
114
136
155
166
173
186
190
204
197
205
199
200
194
187
178
165
158
141
132
111
101
84
72
57
45
29
20
14
2
-5
-19
-21
-30
-32
-38
-42
-45
-43
-43
-42
-44
-43
-37
-40
-33
-38
-35
-35
-31
-31
-29
-32
-32
-28
-27
-27
-32
-30
-36
-30
-35
-35
-37
-37
-34
-36
-38
-42
-40
-41
-40
-44
-45
-48
-48
-50
-54
-59
-57
-60
-59
-60
-69
-67
-72
-71
-74
-74
-75
-74
-73
-70
-68
-65
-60
-55
-48
-42
-35
-30
-17
-11
-1
5
15
29
38
48
57
65
72
83
84
90
92
95
95
97
98
90
88
85
81
75
66
56
49
41
32
23
14
5
2
-7
-12
-20
-21
-23
-26
-25
-32
-30
-27
-23
-21
-17
-10
1
12
18
33
38
50
66
77
90
107
115
129
138
150
160
169
177
178
189
190
199
197
196
196
192
188
180
176
165
157
147
136
123
112
96
87
70
62
54
37
24
12
2
-12
-17
-31
-40
-49
-58
-64
-69
-78
-86
-91
-99
-99
-102
-104
-109
-109
-112
-111
-113
-115
-112
-116
-111
-108
-104
-103
-97
-95
-90
-87
-83
-78
-76
-70
-67
-61
-58
-52
-47
-42
-37
-33
-29
-22
-19
-16
-15
-12
-7
-9
-10
-9
-6
-5
-7
-8
-11
-13
-14
-10
-14
-19
-18
-18
-19
-19
-24
-29
-33
-30
-33
-37
-38
-41
-43
-44
-42
-46
-47
-49
-50
-51
-57
-58
-58
-57
-60
-62
-64
-64
-64
-63
-67
-70
-65
-63
-67
-69
-65
-63
-60
-61
-61
-62
-58
-50
-45
-46
-41
-32
-24
-19
-14
-4
-2
10
18
26
38
43
52
60
71
75
82
90
99
107
111
117
121
127
129
130
129
133
134
135
130
128
123
122
116
110
103
99
97
92
87
75
63
55
47
39
35
23
15
3
0
-9
-25
-32
-45
-48
-56
-70
-74
-82
-87
-93
-103
-106
-109
-114
-117
-117
-119
-118
-119
-117
-113
-109
-106
-98
-89
-82
-77
-71
-61
-54
-49
-45
-38
-25
-16
-9
-5
3
8
18
22
25
32
32
38
42
46
46
50
52
51
50
51
51
51
50
49
49
45
44
43
37
34
29
26
19
17
16
5
-1
-3
-8
-13
-20
-27
-34
-37
-45
-48
-50
-54
-55
-57
-59
-58
-57
-55
-52
-52
-48
-45
-40
-32
-28
-22
-15
-10
0
8
14
23
34
41
48
60
67
73
79
85
91
96
101
111
117
119
119
123
130
129
131
130
128
126
125
123
114
111
107
106
98
91
84
75
65
58
46
36
31
19
10
-4
-15
-25
-35
-46
-57
-63
-74
-81
-88
-96
-100
-106
-111
-114
-121
-121
-124
-125
-123
-126
-123
-121
-119
-116
-111
-105
-100
-96
-88
-78
-73
-64
-58
-48
-38
-32
-22
-17
-9
-2
3
16
17
23
28
35
39
43
49
52
58
53
56
56
60
60
62
64
61
62
59
57
53
47
41
40
36
34
30
23
17
7
3
-6
-10
-16
-21
-24
-29
-34
-42
-46
-53
-60
-59
-66
-63
-64
-68
-69
-70
-72
-77
-72
-74
-67
-61
-60
-53
-50
-49
-41
-39
-36
-25
-23
-15
-7
0
3
4
12
15
22
27
30
36
42
44
46
44
47
45
47
48
51
54
48
49
50
40
39
40
34
34
35
32
30
27
23
17
16
15
12
14
16
13
15
12
8
9
7
10
16
14
19
18
19
22
20
23
23
25
26
29
30
29
29
25
23
23
21
17
14
14
9
3
0
-7
-16
-18
-25
-30
-36
-41
-49
-54
-61
-70
-74
-79
-85
-94
-94
-98
-103
-102
-105
-103
-104
-104
-101
-100
-94
-89
-84
-74
-67
-61
-52
-45
-36
-25
-15
-2
7
17
30
42
51
62
73
81
90
100
107
112
120
120
122
124
124
125
122
121
122
113
107
100
88
79
73
63
50
43
29
17
9
-5
-21
-30
-38
-50
-56
-69
-78
-82
-93
-94
-94
-99
-96
-97
-94
-92
-91
-86
-86
-81
-71
-66
-56
-45
-39
-26
-15
-5
7
11
27
34
45
57
68
78
83
93
98
106
109
110
114
116
120
120
120
117
114
114
107
106
99
90
85
79
73
56
50
42
29
23
13
4
-9
-16
-28
-37
-46
-56
-62
-71
-77
-85
-88
-97
-99
-102
-106
-106
-107
-108
-106
-107
-104
-99
-98
-94
-92
-87
-80
-76
-68
-63
-56
-50
-42
-37
-32
-26
-16
-8
-2
4
14
15
21
25
31
37
38
43
50
54
54
58
58
62
66
67
68
69
70
71
69
66
70
66
64
62
62
58
53
55
49
41
35
30
27
21
15
15
8
0
-4
-10
-16
-24
-25
-29
-36
-35
-40
-47
-44
-49
-51
-49
-50
-49
-52
-51
-52
-52
-53
-54
-45
-45
-42
-33
-33
-30
-27
-25
-21
-16
-13
-9
-3
-1
3
6
7
5
9
10
10
16
12
14
13
13
10
9
11
10
8
5
4
2
-1
-4
-2
-7
-14
-16
-22
-23
-27
-29
-28
-33
-33
-34
-37
-39
-38
-41
-40
-36
-35
-35
-30
-27
-22
-19
-14
-7
-6
-1
6
11
15
24
29
31
38
40
40
48
47
51
53
54
56
55
57
55
59
58
59
57
54
54
50
49
44
46
44
41
37
35
29
24
21
17
13
9
6
5
0
-4
-2
-7
-6
-5
-9
-2
-4
-4
-1
-2
0
0
5
9
9
12
14
15
17
19
20
25
24
26
26
29
30
26
28
26
24
22
19
15
12
12
4
-1
-3
-9
-12
-17
-23
-26
-30
-35
-40
-45
-51
-54
-57
-64
-65
-70
-73
-76
-84
-83
-87
-91
-92
-96
-95
-102
-100
-101
-105
-100
-103
-100
-102
-100
-96
-94
-91
-89
-81
-76
-71
-64
-56
-51
-46
-37
-33
-27
-16
-12
-4
3
11
17
23
29
34
42
46
50
56
59
67
71
73
79
81
86
87
90
91
94
97
96
100
98
101
98
101
99
96
98
92
93
86
81
79
75
69
66
62
58
54
47
41
38
36
30
28
25
22
18
14
13
13
13
16
11
10
12
8
11
11
14
11
14
17
15
19
18
21
20
19
21
22
19
24
23
25
24
21
20
16
19
17
15
16
13
8
5
3
-1
-7
-11
-16
-21
-26
-35
-38
-47
-56
-58
-69
-74
-80
-86
-93
-100
-101
-107
-110
-114
-116
-118
-116
-122
-119
-120
-121
-115
-116
-112
-110
-109
-103
-104
-102
-99
-95
-95
-87
-84
-78
-69
-74
-65
-61
-59
-53
-45
-44
-40
-29
-25
-19
-13
-7
1
8
12
20
26
31
42
45
55
61
66
74
81
85
89
94
98
102
104
107
109
111
112
109
108
103
102
98
94
97
87
86
83
75
74
68
63
57
52
47
44
37
30
23
21
16
10
5
-1
-2
-7
-9
-15
-16
-18
-21
-23
-28
-27
-28
-27
-30
-27
-26
-25
-22
-20
-17
-13
-10
-8
-2
4
8
11
15
19
21
26
28
34
37
39
39
37
40
39
39
41
38
33
32
30
23
17
16
9
1
-3
-8
-15
-23
-30
-35
-41
-50
-54
-59
-62
-69
-71
-78
-80
-83
-90
-93
-95
-94
-100
-97
-96
-95
-93
-95
-94
-96
-93
-90
-85
-83
-82
-77
-78
-73
-70
-65
-62
-60
-54
-51
-44
-40
-35
-32
-26
-22
-19
-15
-11
-6
-2
4
7
15
17
24
27
31
41
41
48
52
57
59
66
70
76
78
84
91
92
95
96
99
100
105
106
106
105
108
108
108
104
100
104
99
95
94
86
84
77
72
67
59
53
44
35
24
16
8
-1
-8
-18
-27
-34
-39
-46
-53
-57
-66
-72
-75
-80
-82
-84
-83
-82
-80
-77
-74
-71
-68
-63
-54
-50
-47
-37
-30
-23
-12
-3
4
12
22
30
37
46
55
61
66
75
79
84
90
94
99
97
101
96
92
90
86
81
78
73
65
58
46
39
29
16
5
-8
-18
-27
-40
-48
-59
-70
-78
-92
-95
-104
-114
-120
-128
-133
-135
-139
-143
-142
-139
-141
-135
-132
-130
-126
-123
-116
-113
-102
-92
-83
-75
-68
-58
-46
-36
-27
-17
-8
5
15
26
34
43
48
58
66
69
79
82
87
91
94
97
96
98
102
100
96
92
86
84
79
71
69
63
53
49
41
31
22
14
3
-2
-8
-15
-19
-28
-33
-36
-41
-47
-49
-55
-58
-58
-60
-60
-59
-58
-57
-53
-52
-48
-43
-40
-36
-29
-28
-21
-15
-8
-2
5
16
17
24
33
34
40
45
50
54
56
61
65
67
64
65
66
59
60
66
62
62
62
59
55
52
50
47
42
37
32
26
24
13
8
1
-5
-9
-13
-19
-24
-26
-36
-40
-46
-52
-53
-56
-61
-62
-63
-61
-61
-61
-62
-60
-60
-57
-55
-54
-54
-49
-45
-41
-37
-30
-25
-22
-15
-11
-8
-5
1
5
9
11
19
23
24
33
33
35
39
43
45
42
42
44
42
38
38
37
36
37
32
30
30
28
26
26
25
21
18
14
10
10
8
5
6
8
4
0
0
-5
-8
-8
-13
-11
-11
-16
-10
-14
-18
-16
-14
-15
-18
-17
-16
-19
-18
-15
-14
-15
-12
-12
-14
-11
-11
-9
-8
-3
-6
-5
-5
-3
-4
-2
-3
-1
3
-1
4
3
0
1
1
-1
0
-2
-3
0
-1
-3
-1
-2
-2
-1
2
5
4
2
2
6
4
1
7
6
4
5
6
9
9
9
11
10
13
12
13
11
9
14
13
14
14
14
13
14
14
12
11
12
11
10
8
8
8
9
8
9
10
7
8
5
3
6
5
5
2
4
2
4
1
-3
2
-3
-3
-1
-5
-3
-4
-8
-7
-11
-11
-10
-13
-12
-15
-14
-16
-15
-14
-15
-17
-18
-22
-19
-19
-18
-16
-20
-14
-18
-15
-14
-15
-13
-10
-12
-9
-6
-5
-5
-5
-2
-5
-1
-1
3
3
5
6
6
7
7
4
3
6
3
6
9
6
6
6
3
3
3
2
1
2
0
-3
-4
-6
-6
-8
-11
-9
-10
-11
-13
-16
-16
-23
-25
-22
-24
-26
-20
-21
-23
-20
-19
-20
-17
-15
-15
-14
-15
-11
-7
-9
-7
-3
-4
-2
3
7
8
6
9
15
12
17
22
21
25
28
27
31
31
31
33
30
32
30
30
30
31
28
28
26
24
26
25
26
26
24
21
22
15
15
13
10
12
12
14
13
14
10
9
9
9
12
8
6
8
3
2
2
2
3
-1
3
0
1
0
1
2
1
-3
-3
-5
-3
-2
-5
-2
-7
-9
-7
-6
-9
-7
-8
-13
-13
-15
-14
-17
-14
-15
-18
-18
-19
-20
-21
-22
-22
-20
-23
-23
-23
-26
-26
-26
-28
-29
-30
-30
-27
-32
-29
-28
-24
-26
-27
-26
-28
-27
-29
-26
-26
-25
-26
-23
-24
-25
-21
-19
-22
-20
-19
-21
-20
-16
-14
-13
-10
-10
-5
-3
0
2
5
8
10
12
18
20
21
28
30
29
32
38
38
38
40
42
42
47
48
51
51
50
49
51
50
47
48
44
43
39
37
38
34
30
30
27
22
16
17
12
13
11
9
8
3
5
1
1
5
0
1
-1
-3
-2
-2
0
-1
-2
-2
0
0
4
6
7
9
9
12
14
13
16
16
18
17
17
19
20
19
20
19
20
20
16
18
13
9
12
5
3
-1
-1
-6
-7
-11
-17
-19
-24
-27
-32
-32
-36
-39
-40
-41
-45
-46
-49
-48
-50
-56
-49
-51
-53
-52
-52
-50
-51
-46
-43
-44
-37
-38
-37
-37
-34
-31
-28
-22
-21
-17
-15
-12
-12
-10
-4
-3
0
4
7
8
9
12
10
10
12
14
13
14
12
13
15
14
14
15
15
13
16
15
15
12
15
15
13
10
13
12
9
13
12
15
11
12
11
14
14
12
16
16
16
18
21
17
20
18
19
19
19
22
20
24
21
23
22
23
27
25
28
26
23
26
25
23
26
22
20
18
20
15
16
18
11
13
11
7
4
5
6
1
1
-1
-3
-5
-11
-12
-16
-16
-21
-24
-23
-27
-28
-34
-33
-36
-35
-35
-40
-37
-36
-41
-40
-40
-40
-40
-41
-40
-40
-38
-40
-40
-38
-36
-38
-35
-35
-34
-32
-31
-27
-24
-24
-22
-18
-19
-13
-14
-12
-11
-9
-7
-9
-4
-2
-4
2
-2
-1
3
3
5
1
2
3
3
5
3
5
5
6
5
5
6
6
4
5
7
5
8
8
7
5
8
7
9
12
12
14
13
13
11
11
9
12
12
14
17
14
16
16
14
13
12
15
15
17
18
20
20
22
21
21
22
23
25
26
27
28
29
29
28
31
28
29
27
29
31
28
28
27
27
24
22
23
24
21
23
20
14
17
15
13
8
8
8
3
2
-1
-4
-5
-10
-10
-12
-13
-14
-19
-20
-20
-22
-22
-25
-27
-30
-31
-33
-33
-34
-35
-32
-34
-33
-33
-34
-32
-32
-29
-34
-28
-26
-29
-23
-24
-21
-21
-19
-13
-14
-10
-8
-6
-5
-3
-1
1
2
6
8
7
8
13
10
14
15
14
16
14
17
15
13
13
15
13
12
11
11
10
7
7
10
8
6
7
4
3
4
3
-1
-2
-2
-5
-4
-4
-3
-4
-1
-2
-4
-3
-1
-1
-1
-2
0
1
2
3
3
6
2
4
6
8
9
12
11
9
12
11
13
14
16
16
15
16
17
16
15
13
10
13
13
11
10
10
11
11
8
6
5
2
1
2
1
-4
-5
-8
-9
-12
-13
-15
-15
-16
-16
-18
-22
-20
-19
-18
-21
-21
-23
-24
-24
-24
-20
-26
-21
-19
-22
-15
-17
-16
-14
-15
-14
-13
-13
-10
-11
-10
-9
-7
-8
-8
-3
-3
-4
-1
-1
1
4
1
2
5
4
1
5
4
3
5
9
8
7
9
8
10
5
6
7
9
8
9
8
7
9
6
8
5
5
5
4
4
3
4
1
1
2
1
0
2
2
1
1
-2
0
-1
0
-1
-1
2
-1
-2
3
-1
-2
2
-2
0
4
3
1
3
4
3
4
3
5
2
3
5
5
6
4
6
6
6
6
3
4
6
5
4
5
1
2
3
2
7
4
5
6
5
5
5
5
2
4
2
-2
2
1
-1
2
0
-2
1
2
-1
0
-4
-6
-1
-3
-3
-2
-4
-3
-3
-7
-5
-4
-4
-3
-5
-3
-2
0
1
-2
3
3
2
3
-1
-2
-1
-1
-1
-1
1
4
5
5
1
4
2
0
0
