-4
-3
2
-2
1
1
0
1
0
-2
0
3
1
-2
-5
-2
0
-2
1
-1
-2
1
1
0
-2
0
1
-1
0
-2
-1
3
4
5
1
2
0
0
1
1
4
2
0
2
-1
2
4
3
3
4
3
4
3
2
2
0
2
3
2
3
5
2
2
5
6
5
3
3
5
3
-2
2
4
1
2
5
2
2
0
0
0
2
-1
1
1
-1
-1
1
-1
-3
-2
-2
-1
-1
-1
-1
1
-1
2
3
1
3
2
3
3
4
4
5
5
5
6
5
5
5
7
6
7
6
5
3
2
2
1
2
3
6
3
2
4
2
3
2
4
3
2
4
-1
3
2
5
5
3
3
4
4
5
6
8
7
5
8
5
5
3
-1
4
2
3
4
0
3
6
7
2
2
1
2
2
3
4
3
3
0
2
1
0
1
3
3
2
1
0
0
-2
-1
0
0
-2
-3
-4
-3
-3
-3
1
-1
-2
-1
1
-4
-3
-3
-5
-1
-5
-4
-4
-2
-1
-1
-3
-2
0
-2
-3
-2
-1
-4
-3
-3
0
-5
-3
-4
-3
-3
-5
-3
-4
-3
-3
-3
-7
-4
-4
-1
1
0
1
2
0
2
-2
-6
-2
-2
-4
-2
0
2
2
0
-1
-2
-2
-5
-1
-3
-3
-5
-5
-5
-2
-3
-6
-7
-8
-6
-9
-5
-7
-10
-6
-5
-4
-3
-2
-6
-2
0
-2
0
0
1
-2
-2
-2
-4
-4
-3
-5
-8
-3
-6
-2
-3
-2
-1
-3
2
-1
-1
-1
-2
-2
-1
0
-1
0
2
2
0
2
3
1
0
-2
3
0
-3
0
0
-1
1
3
1
-2
2
4
0
2
2
0
-1
1
1
2
5
5
3
2
1
5
6
4
4
4
2
3
7
5
6
3
7
6
5
7
5
7
6
6
6
6
6
4
2
3
2
1
3
2
0
2
3
5
5
3
2
4
4
4
4
4
6
3
3
4
2
6
5
5
4
2
4
0
3
3
3
4
3
0
1
1
-2
2
1
-3
3
3
3
3
0
-1
1
5
5
5
5
4
3
3
2
1
2
6
5
4
7
6
5
4
5
6
5
5
3
7
7
2
4
5
4
1
-1
1
3
4
3
4
4
5
3
3
3
3
6
5
0
-1
4
3
2
4
2
2
2
2
0
3
3
1
3
2
3
5
2
1
1
2
3
-1
2
0
0
-1
0
0
-1
1
0
-1
-4
0
-3
-4
1
-1
-3
-2
2
0
0
3
1
1
1
2
1
1
4
2
-1
1
1
-4
-3
-1
1
0
0
0
0
0
2
2
0
2
0
1
1
4
1
0
3
1
1
2
1
-2
-3
-7
-4
-4
-2
-4
-4
-2
-3
0
-4
-2
2
-1
1
1
1
-2
0
1
0
-3
-2
-2
-4
-4
-2
-7
-7
-7
-6
-6
-8
-9
-7
-6
-4
-3
-8
-7
-7
-6
-8
-7
-7
-9
-8
-7
-8
-9
-11
-6
-6
-5
-7
-7
-7
-9
-5
-6
-6
-4
-3
-5
-5
-5
-6
-5
-6
-1
-5
-6
-2
-6
-5
-3
-2
-3
0
-3
-2
-1
-2
-4
-5
-2
-1
-3
-1
0
-2
-1
-4
1
1
-1
0
-4
-4
-5
-6
-5
-5
-4
-3
-2
-1
-5
-5
-5
-6
-4
-5
-5
-4
-7
-6
-6
-5
-3
-2
-5
-5
-7
-6
-4
-3
-1
-5
-5
-3
-5
-4
-2
-5
-4
-2
0
0
0
0
2
4
4
2
4
2
2
4
3
3
0
0
2
3
3
6
6
3
5
0
1
5
4
4
5
6
5
8
7
7
5
5
8
6
7
5
3
8
6
4
6
8
5
5
7
9
6
4
6
3
6
5
6
5
5
5
6
10
6
6
5
5
7
7
9
6
7
7
7
4
3
3
2
-1
1
2
-1
3
-1
2
3
2
2
2
3
2
3
2
0
3
2
4
5
3
5
5
3
5
5
3
3
1
1
1
0
3
2
1
3
2
0
1
3
3
6
5
6
8
6
6
5
4
2
5
4
4
2
1
2
1
-2
-5
0
-1
-1
-1
-2
-4
-2
-1
0
1
0
1
-1
2
-2
-2
1
1
0
0
-2
-3
-3
-4
-2
0
-2
-5
-3
-3
-3
-1
1
1
-1
-3
-3
-3
0
0
-3
-4
-3
-1
-3
-3
-2
-7
-7
-5
-5
-4
-5
-5
-3
-3
-4
-2
-2
-4
0
0
-4
-2
-3
-3
-3
-4
-6
-1
-4
-4
-2
-2
2
-3
-1
-1
-1
-2
-1
1
-2
-1
-1
-3
-6
-6
-3
-9
-6
-6
-5
-3
-3
-4
-6
-4
-7
-6
-3
2
0
-1
0
0
0
4
1
-1
1
-3
-1
-2
-2
-3
-4
-2
-4
-1
-2
-1
-1
-2
-4
-3
-1
0
1
2
-1
2
1
0
-3
-3
-4
-9
-5
-3
-6
-5
-5
-6
-6
-2
-4
-6
-4
-4
-4
-2
-3
-1
-1
0
-1
0
1
1
1
-3
0
-1
1
0
0
0
0
3
-1
1
4
2
2
4
3
0
0
-1
-1
0
-1
-3
1
1
-1
2
-1
2
3
0
2
1
0
3
5
5
5
7
6
4
5
3
6
6
3
6
3
4
6
4
6
2
5
6
4
2
3
6
4
4
4
4
2
1
3
1
4
1
0
5
-1
0
2
-1
-2
1
0
0
0
1
1
0
-2
3
2
-2
-1
-1
-1
2
3
1
0
1
0
1
2
1
1
0
0
2
1
-1
0
-2
0
0
3
1
1
3
2
3
-1
-2
0
0
0
-2
-1
-2
-4
-3
-3
0
-1
-3
-4
-4
-2
-2
-3
-3
-2
-5
-4
-1
1
3
-3
-2
1
-2
-2
-2
-2
-4
-1
0
-1
-1
-1
-3
-1
0
2
2
-3
2
0
0
-1
-4
-4
-5
0
-2
-4
-3
-4
-3
-4
-4
-5
-4
-4
-4
-1
-5
-4
-5
-4
-2
-3
-4
-3
-1
0
0
-4
-5
-3
-2
1
0
-4
-5
-2
-5
-5
1
0
-1
-1
-4
-2
2
-2
-2
-3
-1
0
-6
-1
1
-3
-2
0
-1
-4
-3
-5
0
1
0
-1
-2
-3
0
-2
-1
1
-1
-1
-2
-2
-1
0
-2
-4
-6
-3
0
-2
-1
-4
-5
-4
-1
-5
-3
-2
-5
-1
0
1
2
1
0
-2
2
0
1
3
3
5
3
1
-2
-2
0
2
2
0
-1
0
-1
-3
-3
1
-2
-1
0
-2
-1
1
2
-2
0
0
1
1
-4
1
1
1
0
1
1
3
3
5
2
1
3
2
5
7
7
2
4
5
1
2
2
1
-1
4
6
4
4
3
1
2
-2
1
3
0
1
1
2
0
3
3
3
6
3
3
3
2
5
2
2
4
4
7
4
8
7
5
6
4
2
1
-2
-1
0
-2
-3
-2
-3
-1
0
-1
3
0
-1
0
2
3
3
6
3
5
5
5
2
3
3
-2
-2
1
2
-2
-1
-3
1
-1
-1
-2
-2
1
-2
0
-1
-1
3
2
4
1
-2
2
-1
-2
0
-1
-4
-6
-5
-4
-7
-4
-3
-3
-5
-5
-4
-2
-2
-5
-5
-3
0
-4
-2
2
0
-1
-4
-3
-3
3
1
-3
-2
0
1
1
-3
-3
1
2
-1
-3
-2
-1
-1
-3
-3
-1
1
-1
-5
-5
-2
1
-3
-4
-6
-1
0
-5
-5
-5
-1
-2
-2
-2
-1
0
0
-3
-5
-4
0
-3
-5
-3
-3
2
1
-4
-2
-3
-3
-4
-6
-3
-1
-2
0
-1
-1
2
2
1
1
1
6
2
0
-1
1
4
1
-1
-4
0
3
5
-2
-2
0
2
3
-3
-2
3
2
1
0
0
2
3
0
-3
-4
0
1
1
-2
-3
-1
1
0
-1
-3
-2
2
-2
-3
-3
-2
-1
0
1
-1
2
3
3
1
2
0
1
1
-3
2
2
1
0
-2
1
0
0
-1
-3
1
0
-3
-3
1
2
0
-4
-3
-3
-2
-5
-6
-4
-3
-2
-3
-6
-2
-1
-3
-2
-4
1
0
-4
-4
-1
0
0
-5
-4
2
4
0
0
0
3
4
1
-1
-1
6
2
2
2
1
3
3
1
5
0
-1
7
6
6
1
-3
0
5
1
-2
-5
0
3
-3
-6
-3
2
-1
-5
-7
-2
-3
-7
-4
1
3
-6
-9
-1
9
6
-7
-10
2
12
7
-2
-2
13
16
10
7
9
21
25
23
17
17
29
39
41
32
24
29
47
57
46
34
30
41
51
49
40
34
33
36
32
23
26
29
23
-2
-23
-12
17
9
-47
-86
-53
-8
-31
-100
-114
-66
-56
-132
-175
-98
-23
-118
-295
-278
-63
43
-146
-384
-338
-84
22
-152
-328
-257
-93
-86
-192
-203
-95
-32
-100
-181
-145
-18
76
72
-8
-85
-43
144
304
237
32
10
252
440
350
184
256
460
461
271
292
611
739
373
39
339
900
886
259
-78
356
891
728
110
-19
443
662
259
-136
73
488
403
-149
-410
-39
359
167
-363
-512
-202
28
-144
-446
-464
-255
-212
-444
-603
-427
-178
-251
-556
-689
-458
-166
-186
-460
-584
-386
-174
-216
-360
-330
-161
-99
-229
-322
-165
74
80
-132
-243
-93
125
163
30
-78
-37
76
106
58
40
58
48
-7
-47
-16
62
74
-60
-225
-210
-30
54
-102
-326
-353
-176
-59
-170
-350
-332
-193
-194
-306
-298
-139
-70
-205
-335
-203
93
170
-54
-200
-5
303
370
211
125
271
468
510
477
551
648
584
456
573
905
1023
734
402
501
915
1095
811
464
495
712
704
515
469
562
502
220
-3
113
383
345
-59
-384
-327
-107
-64
-232
-455
-558
-547
-549
-572
-556
-538
-636
-808
-875
-769
-603
-552
-699
-887
-882
-702
-565
-572
-626
-650
-631
-590
-539
-433
-310
-286
-390
-468
-328
-103
-18
-62
-139
-125
-44
44
125
177
215
137
59
125
246
254
125
118
174
118
-18
-115
-10
117
20
-316
-504
-262
-47
-207
-484
-542
-436
-370
-382
-443
-371
-232
-281
-389
-226
130
289
238
217
334
579
876
1049
1144
1263
1212
1064
1222
1881
2323
1969
1342
1155
1724
2368
2292
1635
1241
1468
1563
1331
1241
1346
1208
665
186
90
418
664
235
-503
-852
-689
-547
-620
-803
-1113
-1369
-1547
-1623
-1534
-1318
-1281
-1711
-2127
-2103
-1703
-1342
-1412
-1750
-1966
-1785
-1492
-1353
-1183
-1070
-1140
-1275
-1216
-894
-470
-170
-311
-599
-528
-121
290
419
434
328
272
463
668
932
1043
971
816
702
807
850
962
756
429
576
489
134
-215
-172
-61
-252
-478
-1101
-1162
-675
-802
-1270
-1421
-1196
-1285
-1309
-1134
-1150
-924
-737
-786
-655
-114
369
341
531
933
1117
1402
1830
2266
2433
2343
2101
2113
3251
4209
3502
2174
2109
3243
3782
3395
2570
2096
2408
2402
1733
1341
1781
1750
645
-199
-270
102
236
-244
-1158
-1762
-1479
-1292
-1597
-1837
-1948
-2198
-2555
-2608
-2520
-2307
-2015
-2364
-3011
-3003
-2377
-1996
-2088
-2246
-2408
-2322
-1994
-1812
-1572
-1259
-1189
-1409
-1418
-921
-366
-57
-80
-302
-237
208
631
817
822
812
805
795
1081
1339
1408
1369
1159
909
683
1043
1103
630
647
528
78
-465
-373
-62
-226
-500
-1499
-1878
-1101
-703
-1289
-2066
-1964
-1804
-1622
-1453
-1652
-1530
-1263
-1178
-1217
-691
67
202
134
314
833
1359
1837
2061
2227
2698
2770
2239
2257
3794
4791
3635
2167
2224
3576
4329
3644
2359
1962
2705
2593
1605
1417
1943
1746
526
-336
-297
237
528
-285
-1512
-1886
-1402
-1160
-1573
-1948
-2178
-2364
-2518
-2730
-2719
-2301
-2023
-2651
-3407
-3149
-2365
-2009
-2215
-2553
-2730
-2462
-1998
-1820
-1660
-1396
-1333
-1591
-1501
-896
-359
-82
-262
-515
-377
210
739
763
796
782
718
876
1184
1564
1646
1481
921
680
1142
1190
1046
1026
674
-67
-425
-18
195
167
-497
-1680
-1682
-779
-626
-1384
-1761
-1760
-1813
-1455
-1277
-1317
-1017
-814
-1019
-940
-81
616
742
784
885
1271
1905
2418
2607
2900
3335
3103
2423
2809
4492
5224
3858
2267
2455
3985
4750
3753
2325
2240
2879
2436
1508
1588
2120
1649
333
-608
-511
251
464
-571
-1844
-2143
-1746
-1585
-1843
-2174
-2487
-2796
-3056
-3229
-2976
-2355
-2293
-3169
-3859
-3394
-2531
-2188
-2381
-2829
-3007
-2663
-2209
-1984
-1707
-1408
-1557
-1810
-1566
-914
-289
-40
-246
-525
-253
374
848
1043
1060
987
891
1036
1475
1839
1654
1176
1099
1072
986
980
772
633
595
128
-791
-748
170
-56
-1062
-1603
-1603
-1321
-1085
-1314
-1920
-1777
-1471
-1720
-1529
-905
-647
-916
-861
-364
242
953
1107
951
1116
1873
2620
2757
3004
3243
2998
2691
3376
4639
4614
3624
2775
2954
4019
4398
3519
2484
2660
2816
1991
1551
1800
1969
1279
190
-472
-396
231
63
-1004
-1793
-1816
-1623
-1859
-2032
-2158
-2471
-2746
-3016
-3184
-2960
-2422
-2547
-3394
-3663
-3201
-2713
-2511
-2612
-2865
-2879
-2574
-2361
-2177
-1769
-1512
-1658
-1788
-1506
-952
-399
-168
-277
-381
-149
455
859
982
1102
1063
929
1131
1535
1375
1258
1676
1332
514
598
1186
1171
760
175
-644
-343
539
-8
-1063
-1052
-790
-1185
-1298
-1109
-1309
-1303
-1259
-1642
-1506
-682
-358
-760
-804
-239
300
856
1208
1138
1251
1811
2466
2628
2922
3575
3303
2505
2755
4231
5003
4075
2825
2454
3536
4579
3848
2559
2433
2936
2355
1442
1573
1967
1703
621
-447
-610
21
369
-535
-1701
-1953
-1679
-1703
-2057
-2275
-2443
-2662
-2953
-3384
-3389
-2739
-2436
-3182
-3938
-3714
-3070
-2686
-2714
-2994
-3106
-2865
-2598
-2497
-2134
-1616
-1620
-1981
-1945
-1349
-700
-332
-325
-587
-508
94
585
736
925
1065
947
979
1059
1000
1492
2065
1507
417
284
1074
1594
1340
326
-578
-217
434
122
-486
-628
-772
-1165
-1266
-1069
-785
-615
-1026
-1663
-1424
-402
130
-108
-419
-178
523
1183
1456
1414
1691
2163
2434
2627
3096
3792
3582
2721
2626
3822
5092
4553
3007
2363
3322
4446
3887
2757
2444
2802
2580
1544
1212
1627
1875
1037
-422
-878
-284
244
-394
-1574
-2047
-1929
-1797
-2103
-2458
-2533
-2597
-2940
-3521
-3530
-2914
-2588
-3054
-3754
-3787
-3274
-2797
-2806
-3038
-2985
-2843
-2738
-2657
-2300
-1762
-1610
-1819
-2015
-1610
-876
-416
-363
-577
-415
-33
346
641
816
1037
945
796
717
1143
1802
1405
773
642
876
1049
915
664
178
222
195
-464
-459
-13
-248
-1063
-1273
-1048
-959
-664
-837
-1298
-1193
-777
-575
-483
-81
33
-30
416
996
1362
1452
1645
1909
2136
2655
3157
3372
3155
2688
2504
3345
4767
4554
2847
2056
3115
4220
3801
2834
2317
2524
2565
1741
1195
1566
1974
1054
-408
-725
-150
231
-334
-1329
-1963
-1994
-1707
-1903
-2374
-2557
-2577
-2886
-3410
-3457
-3020
-2666
-2902
-3643
-4006
-3462
-2714
-2700
-3159
-3253
-2972
-2761
-2642
-2382
-1965
-1747
-1895
-2052
-1732
-1020
-484
-457
-649
-582
-230
316
684
757
813
899
990
757
912
1552
1670
1374
796
471
757
1375
1426
403
-104
78
89
56
-11
-256
-718
-830
-899
-1016
-564
-392
-842
-1193
-1030
-536
-114
160
-13
-187
322
1026
1396
1456
1610
1939
2099
2316
2830
3337
3546
3083
2330
2570
4067
5007
3834
2231
2347
3626
4191
3364
2396
2323
2743
2379
1279
1072
1794
1881
603
-745
-799
-122
138
-562
-1687
-2156
-1919
-1772
-2193
-2536
-2393
-2532
-3115
-3603
-3429
-2737
-2458
-2987
-3872
-3899
-3077
-2606
-2764
-3052
-2969
-2803
-2767
-2592
-2145
-1602
-1495
-1869
-2060
-1471
-551
-173
-353
-500
-370
27
606
867
956
1090
1070
745
711
1561
1780
1338
1140
839
680
856
1297
968
397
377
-122
-288
204
309
-378
-896
-753
-890
-708
-357
-649
-972
-900
-670
-599
-145
325
101
-48
347
1003
1423
1643
1719
1719
2087
2583
2783
2967
3607
3596
2480
2211
3691
5120
4386
2602
2008
3002
4311
3944
2492
2008
2613
2538
1356
1060
1799
1864
701
-589
-844
-298
207
-320
-1591
-2184
-1938
-1810
-2194
-2447
-2424
-2604
-3055
-3545
-3601
-2994
-2428
-2895
-3943
-4120
-3313
-2663
-2693
-2988
-3099
-2919
-2694
-2527
-2199
-1624
-1303
-1729
-2011
-1459
-582
-84
-120
-287
-414
31
686
965
1138
1195
1195
806
856
1382
1584
1948
1591
679
249
857
1798
1392
542
-205
-398
250
504
39
-693
-798
-863
-1133
-864
-589
-617
-1032
-1366
-1267
-669
113
78
-425
-493
149
856
1189
1388
1402
1551
1930
2307
2442
2731
3550
3706
2725
1863
2782
4836
5247
3433
1622
2278
4333
4627
3078
1994
2593
3047
2006
1070
1417
2209
1749
126
-1041
-796
286
300
-982
-2091
-2259
-1952
-2045
-2352
-2566
-2664
-2811
-3500
-3982
-3495
-2656
-2599
-3651
-4393
-4018
-3141
-2671
-2957
-3227
-3154
-2977
-2809
-2532
-1905
-1393
-1547
-2012
-1929
-1083
-196
110
-83
-355
-193
451
1049
1366
1420
1386
1153
1022
1328
1571
2029
2167
1448
524
328
1399
1940
1318
203
-680
-243
436
397
-358
-994
-1015
-1220
-1215
-934
-759
-877
-1416
-1764
-1417
-427
71
-448
-860
-530
244
947
1192
1089
1153
1684
2170
2237
2394
2854
3584
3854
2831
1741
2652
5064
5663
3458
1498
2210
4339
4909
3320
1900
2322
3053
2219
929
1163
2246
1818
-49
-1290
-893
222
316
-938
-2339
-2586
-2010
-1994
-2472
-2687
-2699
-3041
-3684
-4009
-3615
-2770
-2637
-3714
-4724
-4279
-3072
-2700
-3082
-3409
-3292
-2997
-2843
-2534
-1990
-1382
-1410
-2016
-1990
-1059
61
360
-43
-319
-94
643
1275
1511
1480
1445
1323
976
1168
2014
2583
2013
851
303
797
1946
2139
785
-551
-440
369
389
-64
-513
-872
-1171
-1397
-1271
-905
-578
-1127
-2061
-1959
-1063
-326
-434
-829
-909
-572
265
859
999
983
1136
1504
1818
2439
2981
2927
2849
3335
3823
3155
2494
3555
5187
5131
3088
1702
2904
4960
4979
2744
1432
2430
3149
2107
930
1217
1790
1029
-481
-1338
-808
141
-189
-1845
-3056
-2798
-2174
-2266
-2848
-3356
-3561
-3590
-3870
-4210
-3869
-3121
-3272
-4432
-4910
-4069
-3013
-2836
-3421
-3787
-3515
-2871
-2474
-2357
-1968
-1578
-1693
-1926
-1470
-430
196
163
-127
-236
354
1203
1653
1579
1426
1548
1406
1426
1741
2077
2264
1683
882
472
1017
1779
1407
257
-738
-557
80
31
-647
-1351
-1520
-1601
-1675
-1636
-1549
-1497
-1880
-2342
-2172
-1375
-765
-894
-1250
-1226
-569
290
702
783
889
1288
1676
2029
2594
3068
3338
3264
3519
4123
3939
3251
3517
5196
5792
4062
2383
2919
4944
5405
3650
1982
2266
3271
2621
1290
1145
1743
1324
-182
-1162
-982
-192
-167
-1543
-3025
-3133
-2347
-2183
-2879
-3539
-3734
-3700
-3798
-4144
-4077
-3437
-3254
-4111
-4868
-4232
-3049
-2697
-3248
-3687
-3358
-2668
-2193
-2081
-1832
-1351
-1214
-1393
-1142
-295
445
616
442
276
565
1419
2045
2054
1800
1750
1730
1714
2040
2244
2274
1917
1239
786
877
1478
1405
590
-447
-888
-351
-33
-500
-1489
-1861
-1804
-1908
-1868
-1905
-1852
-2098
-2431
-2413
-1915
-1121
-1075
-1341
-1313
-844
-106
439
792
880
1111
1595
2073
2545
2993
3406
3615
3650
3904
4374
4326
3850
4097
5278
5658
4280
2983
3452
4959
5136
3458
2125
2478
3171
2374
1135
1076
1523
1050
-397
-1368
-1143
-406
-592
-1995
-3148
-3083
-2480
-2557
-3211
-3701
-3737
-3686
-3971
-4276
-4132
-3522
-3376
-4071
-4593
-4135
-3123
-2744
-3105
-3382
-3063
-2372
-1990
-1894
-1563
-1099
-951
-1076
-791
14
664
828
676
637
1001
1651
2138
2084
1949
2007
2009
1949
2170
2440
2022
1575
1477
1308
1017
868
859
433
-43
-520
-1045
-926
-681
-1114
-2019
-2375
-2188
-2180
-2106
-2188
-2523
-2570
-2308
-1997
-1818
-1515
-1232
-1168
-763
-294
41
533
962
1369
1593
2045
2603
2820
3252
3578
3841
4054
4344
4753
4248
3677
4188
5496
5864
4215
2813
3178
4618
5001
3426
1978
2007
2703
2204
920
674
980
589
-730
-1686
-1538
-1015
-1095
-2250
-3403
-3522
-2981
-2854
-3432
-3928
-3998
-3951
-4087
-4277
-4177
-3699
-3421
-3929
-4490
-4050
-2955
-2495
-2825
-3029
-2749
-2173
-1716
-1454
-1153
-776
-584
-691
-492
249
952
1170
1004
880
1069
1590
2092
2101
1921
1915
1955
1909
1779
1668
1459
1507
1716
1062
27
-218
426
638
-283
-1372
-1866
-1428
-966
-1487
-2366
-2676
-2431
-2510
-2723
-2573
-2373
-2350
-2497
-2491
-2097
-1347
-840
-1039
-1145
-514
406
903
1122
1310
1566
2222
2900
3059
3013
3492
4167
4354
4322
4304
4574
4888
4538
3897
4238
5536
5425
3537
2430
3225
4449
4052
2397
1439
1716
2005
1103
165
266
413
-345
-1608
-2077
-1682
-1373
-1805
-2913
-3627
-3497
-3089
-3164
-3668
-3860
-3830
-3894
-4013
-3966
-3567
-3138
-3122
-3622
-3776
-2976
-2083
-1926
-2216
-2197
-1756
-1298
-993
-751
-361
-4
-59
-213
147
903
1366
1295
1072
1007
1245
1689
1974
1905
1735
1691
1615
1456
1383
1313
1216
1200
971
220
-419
-204
319
5
-1055
-1872
-1837
-1333
-1281
-1880
-2485
-2561
-2478
-2552
-2451
-2195
-2074
-2278
-2400
-2038
-1351
-736
-689
-865
-655
77
812
1123
1337
1627
2032
2396
2768
3164
3447
3693
3737
3829
4128
4542
4777
4618
4157
3535
3718
4876
5468
4244
2452
2314
3478
3990
2999
1695
1357
1622
1365
396
-75
264
283
-768
-2015
-2279
-1752
-1386
-1926
-3005
-3618
-3350
-2892
-3050
-3394
-3388
-3249
-3445
-3779
-3603
-2918
-2330
-2539
-3233
-3296
-2427
-1526
-1454
-1758
-1736
-1419
-1122
-897
-558
-154
18
-173
-390
-59
656
1096
993
632
479
718
1176
1412
1265
1084
979
844
696
658
757
829
744
307
-411
-731
-340
127
-219
-1212
-1825
-1663
-1214
-1154
-1585
-2051
-2264
-2200
-2061
-1840
-1626
-1714
-1927
-1948
-1556
-972
-555
-434
-538
-377
162
784
1173
1272
1412
1711
2153
2485
2722
2880
2909
3024
3207
3410
3619
3876
3952
3684
3403
2990
2914
3728
4567
3854
1939
1292
2383
3412
2959
1464
694
989
1208
469
-243
124
382
-496
-1850
-2284
-1575
-965
-1285
-2426
-3267
-3098
-2525
-2320
-2641
-2894
-2907
-3062
-3254
-3103
-2463
-1860
-2009
-2760
-3120
-2360
-1314
-1126
-1571
-1858
-1712
-1352
-971
-631
-440
-371
-590
-883
-629
91
581
435
-21
-288
-93
489
862
824
601
370
276
396
524
433
599
936
531
-406
-698
68
807
539
-645
-1619
-1141
-137
-232
-1150
-1533
-1316
-1405
-1527
-1405
-1167
-950
-1210
-1703
-1666
-720
87
-174
-676
-718
-81
750
1169
1132
895
1188
1681
1989
2267
2545
2657
2306
2331
2899
3332
3473
3392
3400
3403
3431
3017
2476
3185
4437
4241
2417
1315
2169
3498
3609
2214
984
1099
1628
1245
382
432
836
239
-1125
-1844
-1237
-401
-519
-1744
-2948
-2868
-1996
-1663
-2235
-2733
-2690
-2743
-2924
-2922
-2507
-2005
-2044
-2722
-3338
-2822
-1726
-1396
-1928
-2452
-2353
-1966
-1573
-1314
-1176
-1019
-1104
-1398
-1358
-657
84
103
-336
-639
-406
276
794
788
561
497
569
693
854
843
920
1288
1187
370
-105
436
1149
1060
147
-828
-765
76
194
-665
-1251
-1131
-1155
-1387
-1414
-1303
-1229
-1405
-1835
-1978
-1326
-575
-693
-1209
-1262
-705
-54
344
417
309
540
1022
1415
1715
1967
2119
1967
2055
2523
2952
3142
3099
3202
3399
3592
3397
2681
2708
3844
4791
3833
1971
1694
3023
4040
3235
1743
1347
1873
1923
854
366
967
1143
6
-1470
-1652
-833
-254
-876
-2304
-2954
-2538
-1952
-2121
-2605
-2757
-2779
-2942
-3266
-3204
-2606
-2132
-2435
-3291
-3465
-2644
-1812
-1823
-2341
-2553
-2318
-1921
-1643
-1443
-1137
-960
-1146
-1336
-1000
-217
352
314
-64
-253
156
848
1267
1196
959
1036
1159
1229
1474
1786
1544
864
973
1281
1141
937
728
420
24
47
-209
-605
-378
-609
-1374
-1812
-1488
-1421
-1869
-1963
-2252
-2372
-2089
-1951
-2053
-2083
-1665
-1602
-1642
-1230
-899
-606
-362
-106
94
453
1090
1327
1447
1809
2127
2236
2255
2643
2980
3080
3165
3257
3627
3955
3833
3080
2552
3232
4229
4427
3367
2176
2010
2808
3510
2827
1640
1241
1500
1380
616
342
529
456
-460
-1596
-1753
-1128
-741
-1454
-2535
-2874
-2627
-2342
-2460
-2679
-2770
-2900
-3094
-3274
-3093
-2514
-2150
-2481
-3100
-3109
-2407
-1761
-1672
-1998
-2168
-1916
-1602
-1400
-1151
-788
-658
-903
-1003
-641
8
517
507
203
95
416
923
1175
1238
1173
1071
1099
1132
1374
1616
1595
957
61
539
1567
1425
161
-750
-375
183
355
-572
-1739
-1337
-714
-1259
-2249
-1948
-1249
-1708
-2257
-2540
-2135
-1318
-1293
-2013
-2333
-1341
-546
-675
-761
-573
-36
477
724
777
967
1638
2024
1884
1919
2326
2794
2825
2720
2737
2817
3204
3433
3306
3291
3486
3232
2349
2281
3244
4049
3563
2110
1349
1944
3043
2880
1687
1108
1265
1242
554
240
515
620
50
-1094
-1723
-1354
-559
-617
-1763
-2603
-2556
-2087
-1919
-2129
-2344
-2410
-2463
-2769
-2943
-2395
-1718
-1800
-2489
-2873
-2459
-1736
-1391
-1652
-2031
-1924
-1629
-1453
-1280
-964
-723
-892
-1107
-987
-502
161
421
126
-274
-129
415
789
960
881
788
772
777
999
1294
1553
1439
1020
400
38
1082
2068
1370
-307
-991
-115
796
975
-243
-1462
-996
-339
-652
-1329
-974
-749
-1501
-1936
-1911
-1130
-460
-844
-1823
-2120
-893
-36
-186
-598
-789
-343
190
517
530
642
1030
951
775
1196
1897
2095
1631
1284
1593
2227
2722
2502
1999
2304
3024
3311
2540
1751
2192
3197
3896
3117
1734
1448
2365
3358
2663
1579
1458
1714
1628
811
626
965
1040
454
-854
-1213
-630
-178
-600
-1717
-2169
-2087
-1834
-1818
-2251
-2438
-2521
-2704
-3036
-3148
-2599
-2200
-2464
-3101
-3429
-2937
-2263
-2068
-2387
-2724
-2571
-2292
-2100
-1786
-1480
-1308
-1415
-1553
-1340
-810
-153
40
-269
-406
-112
480
862
973
1032
992
1074
1218
1420
1795
1988
1859
1435
1127
1298
1646
1987
1677
777
207
322
850
876
282
-469
-888
-721
-655
-863
-1103
-1320
-1621
-2034
-2068
-1781
-1549
-1674
-2108
-2295
-1987
-1411
-1146
-1292
-1416
-1239
-846
-433
-132
54
252
400
582
910
1404
1685
1635
1730
1920
2217
2502
2601
2640
2760
3203
3402
3370
3186
2694
2718
3339
4040
3795
2750
2202
2424
3265
3326
2459
1910
1839
1869
1265
814
957
986
527
-630
-1274
-1020
-675
-797
-1680
-2428
-2655
-2501
-2351
-2608
-2809
-2962
-3163
-3332
-3405
-3066
-2639
-2634
-3064
-3406
-3101
-2458
-2034
-2100
-2344
-2249
-1939
-1670
-1369
-990
-668
-576
-656
-605
-135
528
864
748
571
685
1120
1636
1807
1726
1663
1590
1584
1686
1963
2141
2027
1711
1322
1172
1166
1287
1435
1072
267
-376
-321
75
174
-422
-1459
-1901
-1561
-1321
-1655
-2050
-2218
-2456
-2633
-2615
-2377
-2077
-2108
-2452
-2594
-2093
-1420
-1154
-1167
-1234
-1012
-503
53
441
633
774
850
954
1403
1989
2272
2112
1893
2097
2460
2809
2855
2552
2624
3003
3341
3381
3369
3315
2666
2527
3141
3637
3464
2620
2171
2081
2297
2392
1953
1790
1429
858
410
287
493
187
-262
-831
-1436
-1516
-1421
-1331
-1672
-2204
-2441
-2602
-2531
-2441
-2398
-2383
-2617
-2884
-3027
-2736
-2199
-2124
-2356
-2485
-2402
-2140
-1806
-1475
-1408
-1495
-1430
-1368
-1138
-659
-338
-344
-523
-509
-289
49
468
551
370
282
357
623
883
1090
1068
780
712
822
1012
1178
1194
1152
883
722
753
755
800
709
581
223
-292
-411
-139
108
-320
-1104
-1425
-1231
-951
-1059
-1480
-1799
-1894
-1856
-1783
-1720
-1658
-1716
-1873
-1913
-1705
-1207
-920
-1043
-1207
-1094
-575
-126
-3
-67
-34
268
508
702
895
1084
1221
1202
1203
1384
1717
1909
1850
1747
1972
2447
2649
2659
2784
2990
2521
1925
2413
3292
3531
2800
2126
2055
2291
2701
2572
2361
2149
1560
1156
1089
1430
1302
801
438
-243
-617
-534
-225
-274
-1014
-1632
-1986
-1894
-1615
-1699
-1911
-2254
-2541
-2757
-2726
-2190
-1955
-2275
-2667
-2818
-2613
-2248
-1850
-1743
-1992
-2071
-1985
-1759
-1311
-997
-982
-1151
-1154
-919
-554
4
304
175
68
222
585
949
1301
1517
1358
1209
1309
1531
1878
2120
2065
1761
1573
1733
1803
1816
1676
1212
895
787
817
620
283
36
-366
-549
-697
-989
-1128
-1206
-1410
-1971
-2294
-2075
-1961
-2089
-2396
-2612
-2506
-2290
-2156
-2235
-2167
-1926
-1892
-1785
-1460
-1088
-812
-681
-573
-412
79
583
681
706
856
1235
1629
1819
1877
2018
2329
2413
2468
2687
2981
3281
3300
3202
3331
3730
3416
2743
3157
3916
3905
3143
2717
2742
2745
2854
2500
2259
2153
1495
880
787
1144
761
-39
-421
-952
-1262
-1304
-1297
-1524
-2066
-2336
-2572
-2683
-2578
-2579
-2604
-2789
-2972
-3070
-2941
-2451
-2335
-2641
-2721
-2503
-2309
-2172
-1846
-1661
-1776
-1714
-1527
-1315
-895
-515
-455
-517
-381
-118
152
531
747
649
638
771
912
1088
1305
1416
1218
1034
1106
1209
1312
1270
1062
862
748
808
814
769
672
293
14
-54
-105
-164
-316
-529
-954
-1192
-1085
-1214
-1332
-1435
-1705
-1982
-2081
-1834
-1868
-2026
-2017
-2162
-2093
-1902
-1700
-1558
-1534
-1366
-1331
-1107
-661
-468
-336
-275
-127
110
315
603
744
875
1034
1066
1275
1529
1658
1694
1617
1762
1939
2026
2101
2002
2193
2399
2434
2594
2742
2848
2165
1759
2614
3224
2899
2058
2130
2511
2148
1968
1893
2174
2085
1205
667
741
1248
923
206
33
-363
-689
-759
-655
-803
-1317
-1572
-1883
-2090
-2013
-1939
-1959
-2278
-2653
-2792
-2554
-2139
-2144
-2460
-2530
-2413
-2411
-2358
-2090
-1860
-1952
-2094
-2096
-1990
-1566
-1207
-1262
-1367
-1272
-1023
-810
-485
-226
-258
-156
5
117
381
770
1045
941
833
996
1251
1541
1681
1642
1539
1465
1556
1631
1671
1718
1515
1115
775
839
1127
998
472
-99
-240
-91
-258
-577
-846
-1045
-1315
-1610
-1635
-1666
-1748
-1967
-2363
-2528
-2401
-2139
-2120
-2258
-2286
-2312
-2093
-1723
-1526
-1481
-1410
-1114
-884
-646
-296
-86
152
319
456
698
992
1299
1413
1575
1748
1847
2138
2378
2549
2686
2719
2895
3170
3450
3589
3810
3852
3146
2913
3722
4188
3668
3072
3134
3080
2668
2455
2427
2657
2331
1214
529
758
1042
466
-187
-463
-947
-1355
-1496
-1517
-1649
-2014
-2352
-2750
-2968
-2843
-2720
-2756
-3088
-3438
-3496
-3220
-2816
-2813
-2999
-2898
-2809
-2818
-2554
-2008
-1726
-1808
-1791
-1692
-1444
-872
-472
-461
-473
-344
-137
151
587
822
770
792
830
925
1195
1482
1528
1313
1219
1283
1359
1531
1622
1490
1242
1075
997
939
1067
1152
885
509
227
-14
-109
73
136
-307
-914
-1264
-1240
-916
-772
-1311
-2009
-2053
-1748
-1753
-1913
-1866
-1953
-2268
-2360
-2185
-1883
-1684
-1792
-2072
-2080
-1585
-1161
-1048
-1020
-1000
-831
-486
-74
192
334
459
543
744
1101
1412
1573
1644
1595
1563
1807
2152
2265
2094
2039
2136
2212
2498
2658
2609
2670
2889
2690
1970
2257
3203
3221
2416
1977
2429
2517
2106
1847
1970
2379
1770
645
441
1111
1322
320
-336
-408
-595
-836
-1070
-1043
-1197
-1551
-1936
-2315
-2218
-2021
-1970
-2149
-2573
-2842
-2741
-2223
-2005
-2374
-2595
-2409
-2280
-2339
-2117
-1747
-1695
-1849
-1918
-1822
-1414
-837
-731
-1022
-1058
-774
-457
-162
133
183
126
250
380
578
897
1158
1154
1016
1089
1292
1570
1803
1761
1615
1567
1668
1745
1760
1830
1788
1539
1269
1201
1232
1026
650
472
463
243
-320
-821
-804
-592
-898
-1649
-2055
-1830
-1711
-2072
-2423
-2484
-2399
-2480
-2660
-2643
-2437
-2285
-2447
-2573
-2344
-1998
-1774
-1749
-1742
-1559
-1195
-834
-692
-581
-341
-58
204
447
717
994
1205
1301
1404
1659
2037
2307
2335
2293
2385
2664
2853
2914
3030
3072
3162
3413
3499
3065
2730
3285
3703
3143
2575
2803
3152
2670
1954
1902
2401
2512
1472
420
593
1187
836
-169
-548
-520
-787
-1196
-1507
-1623
-1694
-1883
-2270
-2662
-2666
-2439
-2333
-2530
-2914
-3024
-2647
-2242
-2374
-2639
-2374
-1983
-2077
-2212
-1831
-1384
-1275
-1341
-1350
-1156
-689
-237
-215
-281
-76
180
374
565
780
941
1052
1125
1112
1252
1529
1651
1541
1424
1476
1536
1553
1571
1501
1336
1218
1148
1036
1010
1079
943
604
377
298
256
238
-81
-624
-646
-271
-471
-1247
-1542
-1318
-1265
-1444
-1767
-2060
-2029
-1804
-1935
-2341
-2308
-2033
-2055
-2231
-2266
-2123
-1940
-1841
-1951
-2018
-1690
-1304
-1259
-1326
-1148
-832
-576
-391
-281
-106
264
564
598
700
1044
1324
1426
1517
1661
1835
2083
2230
2165
2183
2404
2585
2576
2583
2720
2846
3018
3196
3013
2467
2464
3268
3509
2638
2057
2611
3087
2445
1601
1649
2351
2394
1220
271
671
1310
730
-365
-608
-446
-622
-1074
-1503
-1669
-1637
-1666
-2102
-2583
-2551
-2264
-2141
-2443
-2884
-2902
-2474
-2171
-2447
-2664
-2301
-1963
-2116
-2328
-2010
-1524
-1414
-1533
-1543
-1267
-828
-558
-609
-627
-334
34
200
284
479
695
905
976
921
1061
1400
1622
1457
1272
1370
1481
1545
1486
1380
1297
1242
1240
1037
939
992
871
644
394
278
153
83
-95
-728
-993
-678
-635
-1232
-1837
-1904
-1884
-1797
-1873
-2454
-2746
-2439
-2281
-2663
-2786
-2401
-2320
-2511
-2561
-2386
-2026
-1739
-1743
-1891
-1674
-1159
-879
-810
-696
-427
-81
141
281
516
876
1162
1180
1247
1535
1845
2040
2053
2075
2127
2351
2592
2502
2499
2650
2729
2609
2552
2728
2708
2748
2775
2659
2629
2415
2204
2226
2570
2511
1814
1737
2076
2033
1395
907
1319
1702
1318
263
-146
482
591
-63
-747
-809
-641
-869
-1191
-1533
-1543
-1382
-1531
-1859
-2097
-1850
-1528
-1533
-1765
-1956
-1716
-1319
-1197
-1403
-1423
-1025
-837
-1018
-1059
-707
-423
-449
-541
-571
-378
-106
-18
-151
-165
98
179
131
182
335
479
456
399
351
524
793
734
540
454
536
607
574
537
439
402
369
236
158
168
209
129
-102
-243
-234
-170
-164
-246
-484
-896
-916
-471
-318
-743
-1314
-1442
-1131
-817
-1027
-1642
-1711
-1350
-1403
-1791
-1802
-1462
-1487
-1788
-1971
-1826
-1386
-1220
-1454
-1672
-1451
-1034
-875
-815
-794
-644
-370
-203
-75
75
314
448
443
575
764
1022
1191
1100
995
1124
1466
1560
1432
1501
1651
1717
1708
1715
1847
1976
2087
2049
1964
2213
2496
2355
1886
1960
2768
2851
1944
1584
2378
2941
2085
1178
1484
2296
2229
966
279
905
1436
810
-271
-349
7
-188
-712
-1164
-1152
-1051
-1155
-1505
-2018
-2032
-1716
-1587
-1924
-2411
-2266
-1827
-1740
-2104
-2305
-1829
-1494
-1751
-2003
-1743
-1260
-1170
-1289
-1352
-1225
-842
-644
-703
-693
-502
-308
-271
-226
-137
41
260
211
45
135
421
565
448
371
433
513
560
517
473
501
570
547
396
364
483
504
386
233
152
178
230
154
-76
-212
-318
-476
-421
-321
-538
-955
-1087
-939
-977
-1148
-1297
-1366
-1414
-1588
-1673
-1581
-1462
-1551
-1780
-1768
-1609
-1434
-1342
-1390
-1365
-1263
-1099
-932
-776
-553
-441
-343
-173
7
230
428
610
664
707
938
1135
1201
1252
1330
1429
1507
1605
1637
1643
1752
1839
1849
1850
1888
1989
2095
2149
2163
2164
2344
2620
2619
2218
2052
2686
3101
2389
1620
2086
3066
2740
1346
859
1808
2534
1526
102
181
1053
899
-283
-844
-454
-276
-797
-1488
-1675
-1455
-1363
-1633
-2122
-2370
-2168
-1830
-1904
-2412
-2617
-2145
-1717
-2000
-2404
-2140
-1561
-1546
-1930
-1910
-1455
-1055
-1107
-1340
-1263
-880
-504
-494
-579
-426
-149
50
-14
-32
227
549
614
383
373
704
972
941
786
829
967
1038
1026
964
957
1008
991
800
643
690
792
688
413
215
137
137
74
-52
-218
-441
-604
-734
-722
-679
-843
-1070
-1232
-1266
-1365
-1413
-1293
-1389
-1640
-1802
-1698
-1501
-1502
-1608
-1741
-1636
-1423
-1368
-1319
-1203
-1011
-924
-888
-725
-459
-152
-43
0
185
466
718
854
997
1127
1270
1440
1549
1626
1721
1877
1941
1884
1906
2040
2140
2061
2008
2026
2052
2119
2086
2013
1995
2077
2083
1955
1995
2185
2245
1884
1503
1809
2318
1975
1016
983
1893
1986
807
-54
580
1475
955
-436
-833
-2
278
-613
-1374
-1198
-808
-1050
-1652
-1959
-1797
-1522
-1601
-2027
-2405
-2321
-1862
-1681
-2096
-2475
-2176
-1640
-1676
-2130
-2091
-1519
-1257
-1592
-1843
-1475
-1008
-933
-1135
-1218
-949
-620
-494
-607
-626
-377
-166
-150
-289
-256
41
234
120
-98
12
298
379
265
146
192
297
354
273
176
282
399
308
75
79
288
372
254
14
-24
102
161
79
-22
41
-64
-217
-202
-205
-157
-191
-243
-422
-629
-575
-482
-329
-485
-860
-880
-669
-501
-695
-845
-745
-710
-665
-690
-588
-410
-407
-451
-472
-270
-32
18
-14
-3
163
313
400
476
530
579
634
680
725
853
890
876
887
895
957
1017
1117
1064
1018
1149
1163
1242
1336
1349
1342
1375
1575
1594
1659
1865
1889
1861
1705
1819
2183
2178
1749
1408
1938
2449
1859
985
954
1769
1938
993
237
392
904
640
-168
-473
-265
-183
-638
-1159
-1212
-1027
-989
-1293
-1725
-1869
-1645
-1412
-1604
-2012
-2025
-1677
-1540
-1817
-2057
-1794
-1414
-1504
-1841
-1855
-1464
-1213
-1299
-1425
-1393
-1133
-878
-865
-948
-836
-510
-369
-483
-489
-233
86
135
-2
22
273
501
548
497
503
634
760
764
701
760
908
921
822
718
776
978
1006
839
678
721
825
769
719
665
654
567
309
323
495
432
108
-68
61
-27
-239
-352
-387
-295
-387
-707
-939
-791
-542
-727
-1011
-1060
-979
-879
-964
-1091
-1075
-973
-926
-1048
-1048
-899
-785
-714
-783
-767
-585
-385
-319
-392
-300
-120
6
91
160
269
357
463
520
561
760
949
979
916
1020
1255
1390
1462
1456
1562
1737
1823
1890
2037
2257
2106
1912
2207
2482
2280
1933
2243
2673
2241
1489
1348
2071
2367
1469
554
608
1175
899
52
-215
-89
-143
-698
-1226
-1237
-1044
-1093
-1611
-2019
-2077
-2045
-1897
-1942
-2273
-2563
-2409
-2112
-2281
-2489
-2341
-2058
-2071
-2345
-2327
-1954
-1562
-1559
-1769
-1699
-1359
-1040
-958
-909
-743
-520
-334
-297
-193
85
387
492
386
442
673
937
1071
1009
969
1026
1149
1161
1127
1210
1264
1223
1085
985
1028
1141
1186
998
766
709
786
799
645
520
448
343
190
116
125
1
-134
-205
-302
-530
-739
-622
-473
-605
-986
-1256
-1123
-912
-924
-1264
-1499
-1348
-1281
-1406
-1490
-1372
-1317
-1469
-1520
-1467
-1302
-1114
-1117
-1190
-1184
-995
-756
-622
-576
-577
-437
-235
-158
-72
109
290
346
306
334
480
731
859
769
726
826
990
1096
1099
1095
1136
1277
1408
1397
1422
1522
1616
1643
1729
1934
1909
1759
1804
2037
2119
1876
1825
2002
2012
1658
1327
1582
1902
1651
971
625
909
1042
699
226
76
138
-112
-467
-656
-651
-693
-995
-1274
-1472
-1529
-1467
-1489
-1653
-1945
-2012
-1842
-1785
-1870
-1936
-1819
-1743
-1803
-1825
-1713
-1456
-1330
-1379
-1415
-1298
-1030
-863
-805
-762
-663
-513
-405
-284
-156
-6
127
150
164
259
484
645
672
679
677
753
864
955
981
979
1034
1026
1013
1051
1104
1165
1120
1013
929
935
996
950
874
795
708
649
615
582
431
314
293
215
46
-122
-165
-246
-413
-596
-763
-797
-840
-1035
-1293
-1392
-1336
-1459
-1679
-1780
-1743
-1737
-1871
-1934
-1889
-1763
-1702
-1766
-1747
-1667
-1556
-1448
-1333
-1186
-1107
-981
-833
-716
-582
-425
-219
-96
-2
112
238
416
524
597
708
882
1027
1071
1168
1316
1481
1591
1611
1704
1892
2081
2098
2068
2250
2522
2638
2460
2390
2614
2758
2582
2294
2495
2881
2723
2028
1599
2029
2451
2054
1235
877
1154
1194
705
163
15
114
-175
-719
-1075
-1070
-948
-1162
-1626
-2021
-2024
-1813
-1863
-2137
-2350
-2303
-2182
-2241
-2355
-2320
-2110
-1984
-2083
-2190
-2071
-1775
-1558
-1539
-1570
-1443
-1194
-1005
-933
-862
-636
-418
-356
-343
-179
152
367
404
385
464
709
904
974
978
1037
1178
1246
1281
1337
1422
1481
1424
1360
1341
1382
1439
1379
1260
1160
1118
1101
1006
920
832
708
593
427
276
175
94
-46
-341
-608
-712
-663
-708
-1056
-1437
-1599
-1541
-1554
-1797
-2025
-2162
-2223
-2284
-2316
-2283
-2315
-2386
-2482
-2483
-2336
-2186
-2124
-2157
-2081
-1901
-1713
-1568
-1497
-1332
-1100
-881
-737
-613
-387
-178
10
140
267
489
707
889
989
1150
1340
1440
1550
1669
1836
1952
2023
2131
2204
2305
2420
2538
2575
2544
2619
2697
2777
2829
2830
2722
2592
2786
3029
2789
2059
1835
2599
3073
2254
981
913
1865
2088
1066
7
144
725
392
-577
-1001
-582
-417
-1074
-1851
-1981
-1515
-1358
-1790
-2320
-2471
-2179
-1953
-2086
-2375
-2345
-1960
-1838
-2097
-2203
-1802
-1301
-1313
-1632
-1641
-1191
-778
-757
-869
-753
-425
-197
-219
-230
28
341
429
302
266
529
832
902
785
757
907
1043
1120
1072
1006
1071
1122
1046
904
916
1007
989
850
652
597
654
631
486
315
213
116
16
-68
-150
-218
-347
-518
-661
-711
-728
-864
-1085
-1258
-1267
-1273
-1412
-1571
-1679
-1692
-1704
-1790
-1912
-1960
-1899
-1913
-1995
-2052
-2015
-1857
-1802
-1873
-1905
-1744
-1529
-1469
-1425
-1322
-1121
-913
-847
-778
-605
-360
-191
-94
43
196
407
562
640
761
929
1060
1095
1174
1329
1449
1507
1519
1581
1658
1742
1821
1841
1858
1894
1993
2056
2075
2098
2095
2165
2214
2234
2304
2375
2315
2114
2165
2455
2555
2205
1591
1541
2172
2524
1834
819
794
1454
1625
901
146
249
583
289
-438
-695
-358
-277
-766
-1432
-1595
-1214
-1004
-1317
-1860
-2027
-1766
-1594
-1787
-2091
-2034
-1720
-1654
-1920
-2104
-1831
-1407
-1369
-1667
-1768
-1475
-1136
-1054
-1147
-1126
-893
-672
-656
-680
-513
-263
-115
-115
-172
-73
172
331
308
284
378
490
568
572
582
660
705
638
566
618
719
731
630
521
496
537
530
448
367
300
215
121
65
69
23
-120
-280
-388
-442
-523
-600
-684
-802
-962
-1146
-1207
-1172
-1204
-1357
-1542
-1633
-1630
-1575
-1579
-1687
-1754
-1739
-1682
-1623
-1551
-1496
-1476
-1419
-1331
-1213
-1050
-886
-785
-728
-612
-419
-203
-33
83
184
326
520
674
796
936
1069
1176
1267
1398
1541
1665
1746
1777
1855
1961
2046
2099
2120
2156
2202
2254
2291
2311
2341
2332
2326
2318
2281
2265
2322
2369
2297
2166
2035
1982
2050
2099
1991
1751
1472
1255
1290
1494
1392
856
346
280
473
431
12
-404
-467
-484
-811
-1202
-1262
-1114
-1219
-1654
-2023
-1998
-1760
-1755
-2003
-2214
-2224
-2112
-2055
-2081
-2068
-1935
-1806
-1812
-1851
-1752
-1501
-1273
-1230
-1280
-1208
-966
-739
-641
-602
-510
-363
-240
-145
-36
112
229
245
233
299
447
569
597
585
601
664
713
727
725
748
773
739
669
645
705
754
689
553
455
439
456
413
291
167
102
32
-75
-159
-187
-233
-390
-620
-756
-686
-591
-729
-1038
-1236
-1185
-1053
-1067
-1246
-1406
-1394
-1324
-1328
-1368
-1353
-1284
-1249
-1280
-1293
-1177
-990
-904
-917
-896
-758
-580
-457
-418
-359
-204
-39
46
103
223
399
538
590
630
749
918
1019
1046
1082
1171
1273
1334
1359
1402
1467
1499
1479
1451
1476
1551
1560
1493
1429
1411
1414
1393
1353
1316
1287
1256
1201
1145
1141
1163
1135
1057
1001
989
987
929
849
828
856
816
663
478
396
423
423
298
61
-145
-226
-248
-347
-521
-683
-797
-901
-1043
-1178
-1225
-1207
-1270
-1442
-1592
-1588
-1492
-1451
-1505
-1559
-1507
-1429
-1408
-1398
-1308
-1173
-1094
-1094
-1076
-956
-783
-683
-666
-622
-506
-374
-282
-222
-141
-25
65
94
129
219
340
432
455
440
463
537
619
653
639
616
619
622
601
584
591
602
556
460
376
348
358
326
225
97
11
-32
-80
-159
-253
-331
-413
-515
-602
-621
-626
-708
-877
-1000
-968
-866
-883
-1047
-1170
-1116
-969
-931
-1031
-1090
-1001
-878
-857
-908
-869
-710
-585
-597
-625
-520
-321
-196
-211
-207
-69
123
215
213
256
399
558
621
637
698
824
919
922
903
951
1054
1113
1087
1036
1042
1087
1095
1060
1037
1035
1029
977
905
880
894
893
831
751
705
699
696
664
614
582
556
527
494
461
451
443
426
398
373
366
366
358
343
336
341
340
309
276
277
306
313
267
206
198
233
219
147
95
82
78
17
-78
-124
-106
-110
-196
-288
-321
-297
-298
-363
-430
-447
-427
-426
-451
-478
-487
-468
-450
-445
-435
-416
-387
-358
-356
-360
-314
-240
-207
-227
-243
-190
-104
-73
-88
-92
-50
-17
-34
-55
-42
-14
-23
-71
-107
-98
-87
-115
-175
-223
-249
-261
-293
-357
-425
-478
-505
-527
-561
-618
-660
-671
-688
-732
-783
-794
-775
-786
-843
-872
-835
-780
-784
-818
-800
-722
-672
-694
-700
-620
-518
-479
-495
-454
-336
-224
-184
-171
-92
27
102
124
165
257
356
395
401
453
566
647
654
642
679
771
823
801
777
814
865
867
828
810
852
887
858
803
790
818
822
770
717
704
712
692
640
611
611
602
568
520
483
474
474
437
384
345
329
335
321
283
252
252
244
223
206
208
207
166
114
105
135
141
94
36
37
63
48
-18
-62
-49
-48
-103
-178
-198
-186
-192
-249
-318
-332
-307
-307
-350
-395
-413
-397
-397
-428
-461
-450
-415
-405
-424
-437
-403
-360
-346
-367
-384
-362
-314
-298
-321
-331
-304
-261
-254
-277
-286
-258
-234
-254
-292
-301
-281
-281
-318
-344
-328
-317
-334
-366
-370
-355
-361
-391
-409
-412
-416
-422
-417
-415
-425
-439
-431
-400
-397
-416
-432
-419
-406
-408
-408
-400
-384
-375
-361
-330
-301
-284
-279
-260
-218
-179
-155
-133
-95
-50
-1
42
93
139
181
232
277
324
366
405
452
509
560
592
622
671
719
768
803
830
870
908
935
948
978
1011
1034
1042
1048
1069
1093
1106
1107
1089
1060
1051
1058
1050
992
906
866
876
868
792
670
597
594
554
442
321
248
207
122
-7
-113
-156
-193
-286
-417
-507
-533
-555
-640
-755
-818
-826
-831
-884
-962
-989
-951
-937
-979
-1019
-992
-929
-921
-956
-969
-915
-842
-828
-854
-822
-734
-669
-663
-658
-594
-513
-475
-474
-450
-369
-289
-251
-241
-194
-111
-57
-35
-12
33
84
114
123
134
160
199
208
201
203
210
217
208
189
165
152
131
101
64
30
10
-13
-51
-104
-140
-168
-198
-235
-286
-319
-344
-366
-401
-429
-438
-448
-461
-478
-489
-480
-468
-469
-475
-473
-453
-429
-407
-386
-368
-338
-300
-266
-228
-193
-148
-104
-71
-32
20
81
135
193
247
293
351
416
479
540
588
626
673
730
783
814
851
894
923
942
948
967
993
1001
970
933
921
925
907
851
792
756
732
687
618
548
498
452
370
280
207
154
100
19
-59
-130
-177
-208
-274
-347
-395
-427
-463
-506
-542
-566
-578
-589
-609
-610
-602
-585
-580
-583
-565
-538
-512
-491
-464
-427
-388
-345
-312
-270
-211
-163
-134
-96
-51
-5
30
62
95
134
172
194
213
236
262
265
265
266
267
255
244
234
217
202
174
158
145
121
93
52
22
13
-17
-64
-101
-124
-146
-171
-208
-240
-252
-263
-296
-336
-353
-355
-371
-397
-414
-411
-396
-387
-393
-390
-357
-333
-316
-302
-279
-242
-205
-186
-160
-118
-72
-23
10
39
90
142
179
209
241
281
322
344
368
401
445
476
483
502
530
560
573
564
570
584
597
604
592
599
612
617
610
601
604
604
588
563
552
548
540
513
479
463
458
427
392
365
335
305
256
211
171
134
81
24
-14
-41
-78
-134
-179
-200
-224
-269
-320
-349
-359
-382
-420
-450
-453
-453
-470
-493
-494
-478
-488
-514
-515
-495
-476
-479
-488
-473
-432
-408
-400
-376
-345
-319
-308
-292
-259
-224
-217
-219
-199
-160
-140
-137
-129
-107
-93
-96
-101
-89
-72
-78
-97
-94
-68
-52
-54
-59
-48
-23
-17
-31
-25
0
17
12
-2
4
29
41
33
21
22
32
25
13
-3
-6
-14
-35
-69
-87
-82
-86
-112
-151
-165
-163
-170
-201
-232
-246
-246
-258
-282
-288
-271
-257
-263
-267
-252
-217
-188
-183
-171
-137
-102
-82
-60
-19
24
54
72
93
130
169
189
196
206
226
243
256
273
290
302
302
312
331
351
363
363
368
383
398
413
425
441
452
448
460
475
488
492
479
470
471
469
449
430
413
406
379
340
309
285
265
229
175
124
92
55
13
-36
-83
-127
-174
-228
-270
-296
-324
-361
-413
-442
-452
-455
-472
-497
-506
-506
-497
-491
-485
-468
-446
-430
-414
-386
-350
-321
-298
-278
-257
-218
-182
-149
-130
-109
-75
-41
-12
9
35
70
96
112
127
151
184
203
211
217
234
250
262
266
266
274
275
259
244
244
239
228
203
176
169
158
143
114
85
60
40
18
-11
-41
-67
-88
-115
-139
-161
-171
-183
-204
-223
-230
-227
-224
-226
-228
-221
-211
-192
-177
-156
-132
-105
-82
-59
-31
1
28
53
72
97
123
145
172
188
212
226
242
262
281
300
309
315
319
327
334
334
336
344
345
342
337
334
329
323
304
287
276
264
250
232
215
195
188
171
152
131
121
107
87
67
44
30
15
-10
-37
-52
-65
-82
-98
-122
-155
-173
-192
-217
-245
-271
-290
-310
-324
-347
-367
-376
-389
-405
-419
-425
-429
-435
-438
-443
-438
-428
-424
-414
-398
-383
-362
-340
-321
-304
-284
-254
-225
-204
-172
-144
-115
-86
-56
-31
-4
23
45
65
85
106
123
141
152
163
174
192
200
203
207
218
223
223
217
217
220
215
214
207
196
191
187
167
152
142
123
101
86
60
34
15
-10
-38
-61
-79
-102
-125
-145
-168
-178
-188
-210
-221
-228
-233
-240
-240
-238
-231
-223
-219
-214
-203
-190
-178
-161
-153
-143
-122
-108
-98
-80
-62
-52
-35
-17
-8
8
26
38
48
64
73
87
103
115
124
138
148
163
176
180
191
199
210
218
225
231
238
241
237
240
243
239
231
227
218
205
194
182
167
149
139
120
103
85
68
49
35
14
-9
-25
-44
-61
-77
-95
-110
-124
-144
-150
-163
-178
-186
-196
-210
-220
-221
-229
-235
-239
-247
-244
-239
-236
-234
-229
-222
-219
-207
-194
-183
-168
-154
-136
-119
-97
-77
-51
-23
2
29
57
82
105
134
158
185
215
238
265
294
315
331
353
371
384
395
408
415
420
427
427
430
430
425
414
402
391
372
357
336
309
284
253
228
192
159
127
84
46
9
-33
-75
-116
-162
-199
-237
-274
-309
-342
-376
-399
-426
-450
-465
-479
-493
-502
-505
-505
-499
-492
-479
-466
-444
-418
-397
-366
-340
-303
-272
-238
-198
-161
-121
-81
-39
0
41
78
115
152
187
218
243
273
304
327
350
373
390
403
415
425
435
436
434
431
423
415
407
393
371
356
334
316
288
255
227
197
159
123
86
49
12
-28
-61
-97
-134
-164
-196
-233
-258
-284
-309
-331
-350
-361
-370
-381
-382
-379
-377
-372
-360
-346
-336
-325
-307
-286
-264
-242
-215
-189
-158
-125
-93
-61
-34
-4
29
61
82
116
145
169
198
225
251
275
300
314
333
347
357
367
369
370
375
374
368
365
360
355
340
323
307
282
259
228
200
165
133
101
66
30
-6
-40
-78
-119
-154
-190
-234
-275
-316
-346
-378
-410
-428
-447
-469
-489
-505
-513
-526
-532
-541
-544
-547
-543
-534
-522
-506
-489
-466
-447
-424
-398
-372
-346
-317
-284
-249
-209
-172
-129
-91
-50
-10
29
69
105
135
167
198
223
259
290
313
337
360
380
398
412
426
428
425
427
426
420
414
411
406
392
378
370
347
323
296
269
238
207
181
151
125
93
65
39
12
-15
-40
-65
-94
-118
-138
-154
-172
-185
-193
-201
-207
-209
-207
-209
-212
-210
-205
-202
-191
-181
-168
-155
-136
-116
-95
-71
-52
-28
-10
8
30
54
75
94
117
134
153
172
192
206
219
229
242
250
254
259
263
263
259
264
261
259
255
248
239
229
221
211
197
181
160
142
121
102
80
59
39
13
-6
-27
-54
-76
-98
-121
-148
-169
-186
-207
-223
-239
-253
-271
-283
-290
-305
-317
-326
-335
-342
-351
-356
-355
-358
-358
-353
-346
-338
-330
-319
-308
-298
-286
-270
-248
-224
-202
-175
-152
-134
-105
-81
-58
-33
-12
16
39
60
90
117
139
163
187
209
233
257
276
297
314
329
345
358
369
380
390
394
396
400
396
388
376
363
347
330
319
303
284
262
236
213
190
164
138
110
75
48
25
-3
-31
-55
-88
-116
-138
-165
-186
-207
-234
-247
-262
-278
-287
-293
-302
-303
-304
-301
-291
-285
-272
-261
-248
-230
-214
-194
-177
-156
-132
-114
-94
-71
-43
-26
-5
13
34
50
72
89
106
119
130
146
155
170
178
178
176
177
177
176
170
159
146
132
117
106
90
70
52
35
21
0
-18
-35
-53
-73
-88
-107
-121
-138
-153
-163
-175
-190
-202
-214
-223
-235
-244
-249
-262
-269
-270
-270
-268
-270
-268
-262
-252
-243
-231
-224
-215
-204
-190
-175
-159
-139
-125
-107
-88
-67
-50
-33
-18
1
21
41
63
83
101
122
141
163
182
203
227
245
260
279
291
304
320
333
341
344
350
355
362
362
364
362
354
348
339
336
325
315
299
284
275
260
242
223
200
178
155
133
108
75
47
18
-9
-35
-61
-85
-111
-136
-156
-177
-197
-214
-237
-249
-262
-276
-283
-287
-287
-288
-287
-290
-289
-286
-278
-270
-264
-256
-248
-235
-217
-201
-179
-159
-144
-123
-103
-80
-58
-41
-25
-3
18
39
57
74
88
103
115
128
139
144
147
149
150
152
155
152
153
148
147
141
132
128
117
107
94
76
63
50
37
26
12
-6
-20
-35
-48
-60
-75
-91
-107
-120
-134
-139
-148
-155
-164
-168
-171
-179
-176
-182
-187
-187
-187
-185
-180
-178
-171
-162
-153
-142
-130
-113
-101
-88
-73
-54
-36
-17
6
27
50
75
94
120
144
169
190
210
228
248
265
278
296
307
317
325
338
345
345
348
345
337
334
324
314
298
280
268
250
229
210
192
170
144
122
98
75
49
21
-2
-21
-43
-62
-77
-96
-113
-127
-143
-158
-168
-181
-188
-194
-204
-208
-214
-213
-213
-215
-216
-215
-215
-214
-209
-207
-202
-203
-198
-196
-190
-183
-181
-173
-172
-166
-163
-157
-155
-154
-149
-144
-137
-131
-122
-112
-105
-97
-84
-78
-65
-53
-41
-28
-21
-8
6
16
25
33
41
51
58
63
68
71
77
79
78
82
80
85
82
80
76
73
70
63
58
49
39
33
29
17
9
1
-12
-18
-28
-35
-41
-51
-56
-63
-69
-76
-81
-78
-83
-84
-83
-83
-82
-82
-81
-77
-73
-72
-66
-60
-57
-51
-44
-37
-28
-17
-4
9
19
34
48
61
79
92
109
123
139
154
165
177
186
198
202
210
218
221
224
224
225
225
222
218
218
213
204
197
190
180
168
159
145
131
118
102
86
71
56
38
20
1
-17
-31
-46
-61
-73
-90
-101
-111
-121
-132
-142
-150
-159
-164
-170
-172
-177
-184
-188
-190
-197
-199
-201
-204
-204
-206
-204
-200
-197
-192
-188
-181
-176
-164
-153
-139
-125
-114
-100
-84
-71
-52
-35
-17
-2
17
33
55
74
85
103
115
128
147
160
175
186
195
204
213
224
228
230
232
228
226
224
220
215
206
196
181
171
157
142
130
113
94
75
62
44
27
13
-6
-23
-39
-53
-63
-78
-93
-110
-120
-133
-142
-143
-153
-154
-159
-160
-157
-156
-152
-151
-146
-141
-129
-115
-104
-91
-79
-67
-50
-34
-19
-3
13
25
40
56
72
87
101
115
125
139
153
160
175
180
184
187
191
194
191
192
185
178
174
162
154
143
127
110
94
77
55
39
16
-4
-27
-48
-66
-83
-105
-125
-141
-163
-179
-198
-212
-225
-242
-253
-262
-269
-276
-279
-283
-286
-293
-289
-284
-280
-274
-267
-254
-248
-232
-217
-204
-186
-172
-153
-136
-121
-99
-82
-67
-47
-30
-12
4
25
46
60
77
94
108
121
135
149
157
162
173
181
188
196
201
201
202
202
204
207
203
196
192
185
176
170
163
156
152
139
130
123
113
101
93
82
71
60
47
39
26
13
4
-4
-15
-23
-32
-44
-53
-58
-62
-68
-71
-75
-79
-80
-85
-83
-83
-81
-78
-79
-78
-76
-70
-64
-61
-56
-53
-49
-45
-40
-34
-30
-25
-22
-17
-8
-4
-1
8
9
15
17
19
23
25
25
25
28
25
25
28
25
25
19
16
15
7
11
8
5
6
3
2
-1
0
-2
-4
-2
-11
-6
-9
-15
-12
-14
-18
-18
-19
-25
-23
-26
-30
-30
-30
-30
-30
-29
-31
-32
-29
-32
-31
-32
-36
-35
-34
-33
-32
-30
-32
-34
-31
-33
-29
-27
-23
-19
-17
-14
-12
-3
2
4
11
18
26
31
40
51
54
62
74
82
89
100
107
115
121
126
134
142
145
154
160
163
165
171
172
175
177
173
176
170
167
163
156
147
142
137
125
112
103
88
74
63
46
36
20
5
-11
-26
-37
-53
-65
-79
-94
-107
-119
-128
-143
-152
-159
-171
-178
-185
-189
-197
-200
-203
-206
-205
-207
-200
-198
-198
-193
-188
-181
-174
-160
-153
-136
-130
-122
-103
-100
-86
-73
-60
-48
-34
-21
-13
3
11
23
41
48
60
70
79
86
94
101
107
117
121
126
127
129
130
130
136
132
135
129
126
121
112
107
97
91
84
73
70
58
48
40
24
17
6
-3
-17
-25
-36
-46
-56
-68
-74
-82
-92
-96
-106
-112
-117
-119
-120
-125
-121
-122
-118
-115
-110
-103
-99
-92
-80
-74
-62
-49
-36
-25
-14
-3
12
23
32
49
58
70
83
96
104
114
129
130
142
149
147
154
151
154
149
147
146
139
130
120
117
109
89
80
67
52
37
17
5
-15
-30
-49
-65
-81
-106
-116
-133
-148
-167
-182
-195
-211
-221
-235
-244
-251
-261
-261
-268
-270
-271
-273
-266
-266
-261
-255
-248
-234
-229
-212
-198
-184
-166
-156
-133
-119
-100
-83
-63
-42
-24
-5
14
36
54
73
93
110
122
141
156
171
184
192
205
216
222
228
235
240
241
242
243
244
243
239
237
236
225
221
214
208
202
189
189
179
168
161
148
141
125
116
107
101
92
79
75
69
62
54
48
42
35
26
19
18
14
7
4
3
1
-2
2
1
-3
-2
-5
0
-2
-4
-3
2
1
1
8
8
10
6
12
15
12
19
17
19
17
14
16
19
22
17
16
12
5
3
-3
-7
-12
-17
-20
-28
-29
-34
-42
-47
-56
-61
-72
-80
-81
-95
-100
-105
-112
-120
-128
-134
-142
-154
-162
-167
-174
-180
-188
-190
-195
-205
-201
-205
-203
-206
-210
-205
-209
-204
-205
-200
-197
-195
-191
-182
-175
-164
-160
-148
-134
-128
-116
-107
-88
-77
-66
-53
-34
-21
-5
14
30
46
59
79
96
111
122
137
154
160
176
190
199
209
216
229
237
246
252
254
263
262
263
266
263
269
258
259
254
248
244
230
226
214
200
193
179
167
151
138
126
111
94
75
66
47
30
14
-4
-18
-36
-53
-63
-78
-96
-108
-117
-128
-142
-151
-161
-170
-179
-184
-185
-192
-196
-197
-191
-190
-188
-184
-177
-171
-164
-155
-146
-137
-125
-116
-104
-89
-83
-67
-56
-44
-31
-21
-5
7
15
28
36
45
53
58
67
73
76
77
78
74
73
72
69
63
57
53
47
41
26
13
6
-9
-24
-37
-45
-61
-74
-85
-97
-105
-117
-127
-133
-146
-156
-161
-170
-176
-181
-184
-185
-181
-184
-180
-174
-170
-163
-157
-145
-135
-127
-118
-103
-88
-73
-60
-40
-23
-5
17
31
53
72
88
103
120
135
151
165
182
190
203
219
229
235
242
251
256
259
257
259
261
256
249
246
240
233
220
208
195
182
174
160
143
130
114
99
80
61
44
29
15
-6
-24
-37
-47
-61
-74
-84
-94
-105
-113
-125
-130
-138
-142
-143
-146
-147
-147
-146
-146
-142
-138
-132
-127
-120
-112
-105
-96
-87
-74
-62
-50
-39
-30
-16
-5
5
15
22
34
47
56
60
72
77
81
83
87
93
100
100
97
94
94
93
89
85
80
77
69
64
54
52
48
33
23
10
2
-5
-20
-32
-41
-49
-60
-69
-75
-81
-87
-97
-105
-108
-114
-116
-119
-121
-124
-126
-124
-121
-118
-114
-112
-109
-102
-96
-90
-82
-76
-68
-59
-47
-35
-25
-14
-2
8
19
30
42
53
62
67
78
87
95
104
111
120
125
128
134
142
144
145
146
142
141
143
142
142
142
137
130
123
121
112
108
99
85
81
74
65
58
49
39
27
18
11
3
-5
-20
-32
-40
-44
-53
-59
-62
-71
-80
-86
-95
-102
-106
-114
-120
-129
-129
-128
-131
-136
-137
-140
-139
-137
-139
-138
-139
-137
-135
-133
-122
-113
-110
-103
-99
-94
-86
-80
-68
-60
-54
-47
-40
-27
-19
-10
0
8
19
26
35
47
57
61
70
75
79
89
93
96
96
105
109
113
120
115
118
117
112
110
107
100
100
90
79
78
73
68
63
54
47
36
28
22
11
5
-5
-17
-25
-34
-42
-50
-56
-64
-70
-72
-75
-80
-85
-88
-97
-98
-97
-97
-93
-94
-91
-88
-85
-79
-75
-66
-61
-59
-48
-45
-36
-25
-19
-14
-10
0
7
17
25
29
38
43
54
66
72
77
83
83
84
85
92
92
89
90
86
87
91
91
90
85
79
75
68
67
58
53
41
28
24
13
11
7
-4
-14
-20
-26
-36
-42
-52
-59
-67
-78
-80
-86
-90
-93
-100
-104
-103
-100
-102
-102
-100
-104
-102
-97
-94
-89
-86
-82
-78
-75
-64
-53
-46
-39
-35
-26
-16
-10
5
14
20
26
39
49
57
65
73
75
84
93
100
112
117
122
125
127
131
135
133
133
131
127
128
128
126
122
120
114
108
104
99
91
84
78
60
56
44
37
30
17
9
-3
-14
-21
-30
-37
-51
-57
-60
-72
-77
-84
-96
-102
-105
-112
-113
-118
-120
-122
-123
-122
-118
-117
-117
-117
-120
-117
-114
-107
-104
-99
-92
-86
-79
-73
-63
-53
-52
-43
-39
-32
-21
-15
-7
-1
7
12
19
25
30
36
41
44
47
52
56
58
59
60
62
64
65
61
60
56
57
55
52
50
48
43
38
38
32
28
21
18
13
8
4
-1
-7
-14
-14
-17
-22
-21
-27
-29
-30
-31
-31
-34
-34
-37
-40
-41
-44
-46
-44
-41
-37
-37
-35
-30
-24
-20
-16
-9
-6
-2
2
3
5
6
15
18
26
30
38
45
48
53
60
63
66
69
72
70
74
79
77
81
79
79
79
79
81
80
81
77
72
73
70
71
69
63
54
47
42
36
32
22
15
9
7
-4
-7
-10
-20
-28
-37
-47
-57
-61
-70
-77
-83
-93
-100
-100
-102
-109
-111
-112
-123
-121
-123
-129
-127
-130
-132
-128
-126
-127
-119
-118
-114
-108
-109
-106
-96
-94
-92
-83
-78
-73
-63
-57
-54
-44
-38
-29
-17
-14
-6
-2
4
9
19
26
30
38
41
44
53
58
61
65
64
65
67
71
75
74
72
68
69
67
65
67
63
59
54
53
48
49
47
39
37
32
29
29
29
23
16
11
10
13
8
5
3
1
0
-2
1
5
7
3
4
6
6
12
14
20
23
29
36
43
49
58
65
66
72
80
87
93
97
101
110
114
122
134
138
139
142
144
146
150
146
148
143
140
140
138
133
129
123
115
106
102
94
82
73
61
48
37
26
13
0
-14
-32
-47
-56
-69
-82
-91
-111
-125
-133
-142
-152
-158
-171
-181
-193
-200
-204
-209
-213
-224
-223
-222
-226
-225
-221
-220
-220
-215
-208
-201
-195
-189
-181
-174
-162
-148
-137
-127
-114
-106
-95
-78
-66
-52
-41
-32
-22
-10
1
16
28
34
43
53
58
74
80
83
93
93
94
98
100
100
102
99
96
97
94
92
92
82
77
72
66
61
57
52
46
36
31
27
22
15
10
6
-1
-4
-11
-9
-13
-15
-12
-14
-9
-6
-11
-5
-4
-2
4
13
18
23
26
30
37
50
61
67
77
78
85
91
97
105
112
116
116
126
129
135
145
148
148
148
149
144
144
142
135
133
128
120
116
110
97
91
81
67
57
47
29
18
8
-4
-17
-31
-46
-61
-73
-92
-97
-105
-118
-130
-140
-151
-160
-166
-174
-181
-186
-194
-201
-203
-206
-202
-201
-202
-203
-203
-200
-196
-185
-182
-178
-171
-163
-157
-151
-137
-131
-122
-114
-109
-96
-83
-70
-55
-49
-38
-32
-22
-12
-3
11
16
23
31
41
44
53
59
64
70
74
79
84
88
87
90
91
92
92
89
89
95
90
88
91
87
87
83
77
74
73
74
69
62
60
56
51
52
48
43
43
36
31
39
34
31
29
25
21
22
25
23
24
19
22
21
18
22
25
21
20
20
21
24
21
20
22
22
20
24
25
21
24
23
20
22
22
26
26
22
21
22
17
16
18
14
7
3
2
-1
1
-3
-10
-8
-14
-13
-14
-20
-19
-24
-28
-35
-34
-34
-37
-37
-41
-47
-45
-47
-51
-52
-55
-55
-57
-60
-60
-58
-59
-61
-56
-56
-53
-50
-48
-50
-49
-42
-45
-39
-33
-31
-30
-26
-24
-22
-13
-12
-11
-8
-5
-3
7
8
8
16
13
13
20
21
26
26
26
31
34
34
37
34
37
40
38
41
42
45
44
43
40
42
45
45
44
43
41
45
48
43
41
44
37
37
36
34
37
32
31
30
28
27
29
27
24
19
22
17
17
18
11
13
8
6
3
5
2
1
4
-8
-7
-5
-11
-9
-18
-20
-20
-21
-21
-25
-22
-27
-27
-27
-31
-34
-29
-33
-33
-33
-37
-34
-35
-34
-35
-34
-31
-34
-33
-34
-36
-34
-30
-32
-26
-20
-23
-18
-21
-21
-16
-14
-9
-14
-7
-4
-4
0
-2
3
6
5
8
11
10
11
9
10
12
10
10
13
15
14
11
9
11
7
7
4
-2
-1
-2
-4
-5
-8
-9
-8
-16
-15
-12
-18
-20
-23
-27
-30
-31
-31
-32
-31
-31
-31
-29
-31
-31
-28
-26
-29
-29
-26
-24
-22
-22
-20
-18
-18
-12
-8
-4
0
3
7
7
11
17
16
22
26
27
30
33
34
37
39
38
45
44
44
46
47
47
47
46
46
44
44
45
40
40
38
35
35
30
26
22
22
19
16
18
11
9
5
2
0
-3
-7
-8
-12
-14
-13
-18
-17
-20
-21
-25
-27
-25
-28
-25
-28
-28
-21
-26
-24
-19
-19
-17
-15
-11
-8
-6
-2
1
2
4
11
13
18
22
22
29
30
33
35
39
43
45
45
48
53
51
51
53
49
51
53
49
51
50
44
44
41
38
37
33
33
28
26
25
19
14
11
5
1
-1
-6
-11
-17
-20
-21
-26
-32
-35
-39
-45
-47
-52
-53
-51
-55
-54
-58
-59
-63
-61
-61
-62
-60
-60
-61
-58
-57
-54
-54
-54
-49
-49
-45
-40
-40
-39
-31
-31
-24
-19
-18
-14
-12
-5
0
3
7
10
11
11
15
19
19
21
25
26
27
29
28
27
25
26
25
24
24
24
21
22
16
13
12
5
9
6
2
2
-5
-6
-9
-11
-13
-15
-17
-24
-24
-27
-30
-29
-31
-32
-31
-32
-33
-33
-33
-30
-28
-27
-29
-28
-25
-26
-22
-20
-17
-20
-11
-9
-11
-4
1
5
4
8
16
17
21
25
27
30
33
38
39
40
44
50
49
53
53
55
59
59
63
65
66
70
67
62
65
63
62
66
62
64
63
57
53
53
49
48
44
38
39
39
28
27
24
13
14
11
7
3
-1
-3
-9
-13
-15
-23
-25
-28
-32
-36
-36
-38
-41
-39
-43
-44
-49
-47
-46
-50
-47
-48
-49
-49
-48
-46
-44
-43
-43
-41
-39
-38
-36
-33
-33
-29
-25
-24
-21
-19
-19
-13
-10
-6
-8
-6
-1
-2
-3
1
1
1
3
3
3
3
3
5
6
3
0
-2
-4
-5
-4
-5
-9
-12
-13
-16
-15
-16
-18
-22
-20
-22
-24
-23
-23
-25
-27
-27
-25
-25
-21
-24
-25
-22
-25
-19
-21
-15
-14
-13
-9
-7
-4
0
5
5
8
11
13
19
21
27
28
29
32
35
39
39
40
43
46
49
52
57
59
59
60
63
65
66
65
67
66
67
70
67
64
65
64
62
60
58
57
55
52
50
46
42
40
39
34
32
25
19
19
15
10
5
1
-4
-10
-11
-18
-20
-24
-26
-30
-34
-36
-39
-40
-45
-49
-44
-47
-50
-49
-49
-52
-51
-50
-52
-51
-52
-52
-52
-50
-48
-45
-46
-43
-43
-43
-40
-38
-36
-37
-30
-33
-27
-25
-23
-21
-18
-18
-17
-12
-12
-9
-13
-13
-14
-16
-14
-14
-15
-13
-15
-16
-14
-13
-11
-13
-15
-14
-12
-14
-15
-15
-17
-17
-18
-20
-17
-15
-18
-16
-18
-19
-19
-16
-17
-16
-12
-13
-12
-9
-9
-7
-6
-7
0
-2
1
5
7
7
10
12
17
20
22
24
22
25
27
35
37
38
42
42
45
45
47
50
49
53
56
54
57
54
57
55
53
57
57
54
55
55
51
50
47
47
45
42
41
39
31
29
31
24
19
17
14
12
10
8
1
-6
-8
-14
-16
-20
-23
-25
-28
-31
-35
-38
-39
-46
-46
-48
-50
-51
-50
-56
-55
-58
-62
-61
-64
-62
-62
-64
-62
-60
-62
-60
-59
-60
-54
-55
-55
-53
-52
-51
-48
-43
-45
-41
-38
-37
-32
-34
-31
-29
-26
-24
-21
-21
-19
-16
-14
-9
-7
-7
-2
-1
1
7
7
8
8
10
12
13
12
16
18
15
17
23
23
22
28
25
22
22
26
26
26
27
27
27
28
31
31
31
32
32
32
30
32
35
32
35
34
36
33
35
38
41
40
38
43
38
41
42
44
47
44
48
47
46
46
46
49
44
49
49
47
51
48
49
48
48
47
47
48
45
43
41
38
36
33
29
29
25
27
21
21
19
10
10
3
-4
-3
-8
-14
-16
-20
-24
-29
-33
-39
-43
-46
-49
-54
-56
-63
-65
-66
-72
-75
-77
-79
-83
-83
-85
-85
-85
-87
-89
-89
-90
-90
-88
-87
-88
-83
-81
-75
-71
-69
-64
-62
-59
-53
-45
-47
-44
-35
-32
-29
-21
-14
-10
-3
-1
8
11
17
20
26
31
33
41
42
46
48
53
52
51
58
58
56
61
60
58
59
57
57
55
53
54
53
49
47
42
42
40
35
29
26
27
21
18
16
15
11
10
7
5
3
-4
0
-2
-2
1
-3
-4
-5
-4
-1
-1
-1
2
2
1
4
2
6
10
12
14
17
21
24
24
26
32
33
36
41
40
45
45
45
50
46
47
51
47
47
45
45
44
42
43
40
38
33
31
31
27
20
16
12
5
5
0
-3
-10
-16
-22
-26
-28
-34
-41
-46
-48
-57
-60
-63
-69
-75
-77
-78
-83
-82
-81
-84
-82
-87
-89
-86
-85
-86
-85
-83
-82
-79
-78
-70
-66
-64
-60
-53
-52
-45
-44
-35
-30
-26
-17
-13
-6
2
6
14
19
25
33
37
44
45
50
52
56
63
64
66
72
72
74
77
78
76
77
76
75
75
71
74
69
66
63
56
56
52
48
42
38
35
31
24
22
14
11
5
0
-4
-8
-10
-20
-25
-29
-32
-34
-35
-38
-43
-41
-46
-50
-50
-49
-50
-51
-49
-50
-49
-48
-47
-43
-42
-36
-35
-35
-28
-27
-26
-21
-19
-17
-12
-7
-6
-4
2
5
10
13
16
19
23
26
30
32
35
33
33
33
35
38
35
35
36
38
35
37
37
32
30
27
25
25
21
19
16
10
6
7
2
-1
1
-4
-6
-12
-15
-15
-20
-21
-26
-27
-27
-31
-31
-31
-35
-38
-40
-36
-34
-35
-36
-36
-36
-33
-31
-30
-27
-26
-25
-19
-16
-15
-11
-7
-4
1
1
5
6
11
14
16
18
22
28
26
28
30
33
33
37
41
39
41
37
40
42
41
41
40
35
32
29
27
25
22
22
21
14
12
7
5
0
-3
-8
-9
-15
-19
-18
-26
-29
-32
-34
-36
-37
-41
-42
-46
-46
-46
-49
-48
-48
-48
-49
-49
-49
-47
-50
-47
-46
-43
-39
-35
-34
-33
-27
-27
-24
-18
-13
-7
-6
-4
1
4
7
10
15
17
18
22
22
25
29
33
37
38
37
45
45
47
47
45
49
45
47
47
40
38
39
39
37
35
34
32
30
29
28
26
23
21
17
12
7
4
5
1
-1
-2
-5
-7
-9
-11
-11
-15
-14
-17
-16
-15
-20
-19
-20
-20
-15
-17
-14
-15
-19
-17
-15
-13
-10
-10
-9
-7
-5
-3
-2
4
6
6
6
8
11
10
18
18
18
19
19
23
25
25
26
28
23
23
23
24
22
18
17
15
16
15
14
13
6
6
5
4
0
-3
-7
-6
-10
-14
-14
-17
-19
-21
-25
-25
-30
-33
-33
-37
-37
-41
-43
-41
-41
-44
-45
-44
-47
-45
-43
-42
-43
-40
-38
-36
-29
-28
-27
-22
-23
-22
-16
-14
-9
-5
-5
-1
4
6
9
12
16
18
21
26
25
28
31
33
34
32
37
37
37
37
37
41
40
37
39
40
37
34
35
36
34
32
30
26
23
21
18
20
19
13
11
7
4
3
2
-2
-8
-7
-9
-10
-11
-12
-12
-16
-14
-14
-15
-17
-16
-15
-16
-15
-17
-18
-17
-20
-16
-16
-17
-11
-11
-12
-9
-9
-5
-6
-4
-1
-7
-3
0
2
0
1
3
0
4
8
8
10
8
9
7
8
8
6
3
4
3
1
3
-2
1
1
1
2
0
-2
-1
-1
-7
-6
-7
-12
-12
-11
-15
-17
-14
-15
-17
-18
-18
-19
-21
-19
-22
-22
-25
-22
-20
-23
-18
-19
-20
-18
-18
-18
-19
-23
-17
-18
-17
-15
-18
-14
-13
-11
-9
-7
-6
-5
-4
-1
-1
2
3
5
9
11
14
14
15
18
18
20
22
21
27
29
30
29
29
27
29
31
33
30
31
34
30
33
32
33
33
30
31
33
32
28
28
27
24
22
22
19
19
16
15
11
9
8
5
5
1
0
-2
-3
-7
-10
-10
-12
-14
-16
-16
-19
-22
-22
-21
-23
-26
-26
-26
-28
-27
-25
-28
-25
-27
-26
-22
-28
-23
-20
-18
-17
-14
-14
-13
-10
-13
-8
-8
-5
-4
-2
1
3
1
4
4
4
7
6
11
8
8
13
9
12
8
12
13
8
8
10
6
4
5
3
4
2
0
-2
-3
-8
-10
-9
-11
-11
-12
-12
-14
-21
-19
-20
-23
-18
-18
-21
-16
-18
-21
-17
-18
-19
-19
-15
-12
-13
-7
-11
-6
-3
-5
-2
2
3
6
5
8
16
16
17
20
24
28
28
28
31
33
34
33
33
37
38
37
37
38
40
37
35
35
34
30
28
29
27
25
21
19
16
19
14
9
9
6
2
-5
-4
-5
-11
-12
-14
-19
-21
-24
-27
-28
-26
-30
-35
-33
-33
-37
-38
-37
-38
-41
-40
-41
-38
-35
-40
-39
-37
-36
-36
-34
-32
-29
-27
-27
-24
-23
-20
-17
-20
-13
-11
-10
-7
-5
0
-2
4
2
5
7
6
10
9
10
13
13
15
14
14
16
18
17
17
18
17
18
15
15
14
13
14
13
11
9
9
10
7
8
6
3
1
-2
-2
-1
-3
-10
-10
-8
-11
-10
-10
-10
-12
-11
-15
-13
-12
-12
-16
-15
-14
-16
-10
-11
-11
-14
-12
-9
-9
-9
-6
-5
-4
-1
-2
0
3
4
2
7
7
5
8
13
16
17
19
19
21
21
22
22
23
21
26
27
26
26
22
26
27
27
26
25
27
28
28
26
26
24
25
24
24
24
19
16
17
16
17
14
9
9
7
6
2
-2
0
-1
-3
-4
-5
-4
-5
-5
-10
-10
-11
-16
-18
-15
-16
-19
-18
-20
-20
-20
-20
-19
-19
-20
-19
-19
-19
-17
-15
-17
-13
-13
-14
-10
-7
-9
-3
1
0
1
2
2
4
5
5
9
8
12
14
16
20
16
19
18
16
21
19
18
18
17
15
15
15
15
16
14
15
12
13
10
7
7
4
4
4
-1
-3
-4
-7
-10
-9
-9
-13
-17
-15
-18
-21
-19
-21
-21
-26
-25
-26
-26
-25
-29
-26
-31
-27
-24
-29
-27
-23
-21
-21
-20
-19
-17
-14
-13
-9
-9
-7
-3
-2
0
4
4
6
8
10
14
13
16
16
13
20
20
22
22
22
28
27
30
27
27
27
26
28
28
28
22
23
16
15
19
15
15
11
12
10
7
8
4
4
-2
-2
-2
-7
-6
-10
-11
-16
-17
-15
-18
-16
-17
-18
-20
-19
-23
-21
-18
-23
-22
-21
-20
-22
-18
-15
-18
-16
-16
-15
-14
-12
-9
-11
-6
-5
-6
-2
0
4
3
7
10
9
13
11
16
16
14
17
19
19
17
20
22
19
20
22
20
19
19
20
19
17
14
13
15
14
12
13
11
9
6
5
4
5
3
-1
-6
-6
-5
-10
-11
-12
-14
-15
-15
-16
-13
-11
-13
-17
-18
-16
-18
-19
-16
-14
-18
-14
-14
-13
-12
-15
-13
-14
-13
-9
-7
-7
-10
-6
-9
-6
-4
-1
4
4
5
4
9
9
8
10
11
9
14
14
12
11
11
12
14
13
13
11
10
9
10
10
8
11
10
11
9
6
5
6
6
5
3
1
2
0
4
-1
-1
1
-2
-2
-3
-5
-9
-8
-6
-6
-5
-6
-8
-7
-7
-7
-6
-6
-7
-8
-11
-9
-9
-10
-6
-5
-7
-6
-6
-5
-1
2
-1
0
1
1
5
4
3
3
0
4
4
6
4
4
5
1
4
4
1
2
4
7
6
7
8
6
6
5
6
6
5
3
8
4
1
0
0
-1
0
-1
-6
-7
-7
-8
-6
-8
-9
-10
-11
-12
-13
-13
-14
-13
-12
-14
-16
-15
-15
-16
-14
-15
-14
-13
-15
-13
-14
-16
-14
-15
-15
-13
-12
-14
-13
-13
-15
-12
-13
-10
-8
-9
-9
-9
-7
-7
-4
-7
-3
-2
-1
-1
-1
1
-1
2
4
3
3
3
6
6
5
8
6
6
5
9
9
7
11
9
9
11
11
9
14
11
13
11
9
12
9
8
8
5
5
4
3
5
1
1
0
-2
3
0
0
3
0
0
1
2
2
0
1
0
-1
-4
-1
0
-1
-1
1
5
3
6
5
3
8
7
8
7
5
9
9
9
12
14
14
14
13
15
17
15
14
16
14
13
15
17
17
17
17
18
18
18
16
14
8
12
9
6
8
4
4
1
-1
-3
-2
-5
-7
-8
-10
-13
-17
-17
-22
-22
-23
-26
-24
-26
-29
-26
-28
-29
-31
-32
-31
-34
-34
-35
-31
-30
-32
-28
-30
-28
-27
-29
-26
-27
-22
-22
-18
-17
-17
-13
-11
-9
-10
-7
-7
-2
2
2
6
6
8
11
12
17
18
13
18
19
19
19
19
23
23
25
25
25
21
22
22
19
19
19
21
18
18
17
14
10
7
5
8
4
1
4
2
-2
-2
-5
-9
-10
-10
-11
-11
-13
-9
-12
-14
-15
-14
-11
-12
-11
-16
-10
-8
-5
-2
-2
-2
-1
1
5
8
12
16
15
21
22
24
26
31
31
34
40
35
39
44
44
40
43
42
44
41
40
42
42
42
37
36
31
31
25
26
24
21
20
16
14
8
4
1
-1
-5
-8
-13
-17
-21
-23
-28
-32
-33
-39
-40
-42
-46
-47
-51
-54
-53
-56
-56
-57
-59
-57
-60
-56
-54
-52
-48
-47
-44
-44
-40
-37
-35
-31
-29
-29
-26
-21
-13
-11
-9
-5
-3
2
3
8
6
9
10
14
15
15
19
19
23
23
27
25
22
24
25
23
22
24
21
17
17
12
10
11
10
9
4
1
-2
-6
-7
-8
-11
-10
-10
-14
-18
-18
