6
8
1
5
7
4
3
5
5
2
5
7
6
3
5
5
2
3
2
4
5
3
4
4
6
6
5
7
4
3
7
2
0
3
2
3
3
-1
3
1
5
5
3
1
5
8
0
6
7
4
5
4
5
5
5
7
7
5
7
9
7
8
7
3
5
5
6
8
5
3
5
5
7
6
6
10
8
6
6
8
4
5
5
4
3
3
7
5
3
0
3
2
2
3
-2
1
2
2
2
1
-1
0
-3
-5
-2
-3
-2
-2
-2
-2
-2
-1
-2
2
-1
-5
-4
0
-2
-4
-5
-1
0
-2
1
-2
-3
-2
-6
-5
0
-2
-7
-5
-2
-1
-3
-3
-3
-6
-4
-8
-6
-3
-3
-4
-2
-2
-6
-5
-8
-6
-4
-6
-5
-9
-5
-5
-2
-5
-5
-5
-8
-6
-6
-5
-9
-4
-7
-10
-7
-6
-4
-6
-6
-7
-6
-6
-6
-6
-8
-7
-7
-5
-3
-6
-5
-8
-7
-4
-3
-5
-3
-5
-4
-3
-3
-5
-4
-2
-6
-8
-8
-7
-7
-5
-7
-6
-5
-7
-4
-5
-4
-4
-3
-2
-1
-3
-2
-1
-2
-1
-5
-2
0
-5
-2
-2
2
-2
1
0
-1
2
0
5
3
4
3
4
4
5
2
2
3
4
3
4
7
6
5
8
6
2
6
5
2
0
4
1
0
5
4
4
2
2
2
6
5
5
5
2
2
3
4
4
5
2
3
2
3
1
1
1
1
3
5
3
4
3
1
2
1
4
5
0
1
3
-2
1
2
1
1
0
-2
-1
-2
-2
-1
-3
-3
-2
1
-1
1
-1
0
-1
-3
1
1
1
1
1
-1
3
0
-3
3
1
2
1
1
1
4
2
5
2
0
2
-2
0
-1
-1
-4
-5
-2
-4
-5
-4
-4
-2
-5
-5
-4
-4
-2
-3
-3
1
1
-2
2
1
1
0
3
-1
0
2
5
3
1
4
4
3
2
7
1
3
5
2
3
3
5
3
-1
0
1
1
-2
0
0
-1
-2
-1
0
1
-1
0
0
-1
3
3
-1
-1
1
0
2
0
0
0
-1
3
3
2
1
1
2
-1
3
3
2
5
4
3
-1
4
4
1
5
3
5
2
2
1
-1
1
0
2
-2
-2
-2
-2
-2
-3
-2
-1
1
-2
-1
-1
0
0
-1
-1
-3
-4
-6
-4
-4
0
-7
-5
-1
-2
-1
-3
-1
-2
-3
-2
-2
-1
-3
-3
-1
0
-3
-4
-2
-3
-3
-5
-4
-2
-4
-4
-1
-5
-4
-4
-4
-3
1
1
-2
-3
-1
-2
-2
-2
-2
-5
-4
-3
-1
-1
0
0
1
3
1
3
3
-1
0
2
3
4
4
3
3
3
7
3
1
3
2
3
2
2
3
2
3
4
3
5
5
6
7
3
8
7
3
4
1
2
4
4
2
2
5
1
-2
-1
-1
0
4
4
0
3
2
1
1
3
3
3
2
1
1
2
2
3
2
-1
0
1
1
3
3
0
0
0
-2
-3
-3
-1
1
2
1
-1
2
1
3
3
0
4
0
-4
-1
-1
-2
-2
-4
-4
-2
-1
-1
-3
-1
0
-3
-4
-5
-5
-2
-3
-4
-3
-2
-1
-2
2
1
1
5
3
0
0
1
3
4
-1
-2
0
-2
-1
-1
-1
-3
-3
-3
-2
0
-2
-5
-5
-4
-7
-4
-3
-6
-5
-5
-6
-5
-6
-4
-3
-4
-4
-5
-7
-7
-6
-8
-4
-2
-4
-2
-5
-4
-4
-4
-3
-2
-2
-1
-1
-5
-3
-2
-1
1
-2
-6
-4
-5
-6
-3
-3
-3
-5
-5
-4
-6
-3
-2
-6
-2
-2
-4
-4
-4
-7
-6
-7
-4
-4
-4
-3
-1
-1
-4
-1
-4
-2
-3
-4
1
-1
1
1
-2
0
1
2
-1
-1
-1
-4
-2
3
1
4
3
3
2
1
3
-1
1
-2
-1
-3
-1
-2
-1
-3
-5
-1
-2
-3
-1
-2
-2
-1
-5
-5
-6
-4
-6
-5
-5
-4
-3
-3
-1
0
-4
-2
-1
0
0
-3
-2
-6
-6
-5
-3
1
-1
-4
-2
-1
-2
0
1
1
1
1
1
-1
-1
1
-1
-2
1
-2
0
3
3
2
1
4
1
1
2
4
2
2
4
1
0
0
3
2
3
2
3
4
1
4
3
5
2
-1
5
7
7
6
8
7
6
5
4
5
0
2
3
2
2
0
0
-1
3
6
4
6
6
4
2
2
7
4
0
0
4
6
5
7
5
4
5
8
8
7
4
3
4
4
3
3
6
5
6
4
6
4
5
8
5
5
5
7
5
1
2
0
2
4
1
0
4
2
1
2
1
1
2
2
2
2
2
5
2
1
5
3
5
8
6
5
7
5
6
5
9
7
8
10
7
8
6
7
7
6
8
7
5
2
3
4
1
4
5
3
1
4
4
4
2
1
5
1
1
-2
3
5
3
3
2
0
1
2
-1
1
0
-4
-3
-2
-4
-3
-3
-3
-4
-3
-7
-6
-2
-6
-3
-1
-2
-1
-2
-3
-3
-4
-3
-3
-5
-4
-6
-4
-1
-4
-4
-3
-1
0
-2
1
2
0
0
-1
-1
-1
-4
0
-2
-3
-5
-2
-4
-5
-2
-4
-1
0
-3
-2
-4
-6
-5
-5
-5
-7
-3
-3
-3
-2
-4
-3
-3
-3
-2
-2
-5
-2
-3
-1
-1
-1
-1
-4
-5
-2
0
0
0
-3
-2
-2
-2
0
-3
0
1
-2
-1
1
-3
-5
-1
0
-6
-1
-2
-3
-4
-5
-2
-2
1
0
0
-2
-2
1
1
0
0
-1
-1
1
-1
-1
-1
0
-1
2
1
0
2
2
4
3
0
3
5
3
2
-2
2
3
2
3
2
1
2
1
3
2
-2
-1
0
-1
-1
-2
0
-1
-4
-2
-1
-2
-1
-3
-2
-1
-1
1
1
-2
1
-3
-3
-3
0
-1
-3
-3
-5
-4
-3
-3
-1
-1
-1
-1
-2
1
4
2
-2
-1
-1
-2
-2
0
-1
-2
1
0
0
0
2
4
-1
-1
0
2
-1
0
2
4
4
3
1
1
-1
2
6
1
1
4
5
4
1
3
4
4
3
4
7
7
4
-1
0
2
0
0
-1
0
3
2
2
1
-1
4
5
1
-2
-2
3
3
-1
1
1
3
1
2
-2
2
2
-1
2
1
1
0
2
3
5
3
1
1
3
4
2
1
1
1
-1
1
2
0
3
0
0
0
2
2
-2
0
3
5
4
4
1
3
4
2
1
0
3
2
1
0
0
2
3
-1
-3
1
1
-1
-5
-4
-1
-3
-3
-7
-6
-2
-2
-5
-7
-7
-5
-4
-6
-5
-3
-2
-2
-4
-6
-7
-12
-10
-12
-13
-15
-13
-12
-15
-13
-15
-13
-10
-14
-14
-15
-15
-11
-15
-14
-11
-9
-7
-8
-7
-5
1
-4
-7
-3
-7
3
4
-1
0
2
3
5
5
3
6
5
9
10
8
6
6
10
7
3
-4
1
7
5
-1
-5
0
7
3
-2
-6
-4
2
-3
-6
-7
-5
-8
-8
-7
-9
-12
-13
-9
-5
-9
-21
-21
-12
-8
-10
-18
-22
-12
-6
-7
-12
-8
-2
-2
-4
-5
1
10
6
-1
0
13
24
24
16
12
19
32
39
34
26
27
39
48
44
31
31
49
58
42
18
18
42
60
43
2
-15
7
38
29
-20
-58
-42
-6
-16
-70
-106
-76
-43
-86
-175
-181
-87
-40
-151
-321
-307
-108
-13
-189
-417
-382
-133
-27
-220
-441
-362
-85
-13
-242
-440
-298
7
77
-153
-365
-231
94
219
26
-174
-79
195
315
185
61
160
367
414
273
216
376
571
550
359
297
469
664
640
451
358
470
619
595
439
354
424
525
479
297
174
248
406
394
133
-138
-106
179
308
37
-376
-455
-153
76
-111
-493
-594
-362
-208
-381
-629
-592
-364
-315
-558
-752
-599
-299
-250
-500
-684
-535
-253
-177
-335
-434
-290
-86
-68
-194
-193
33
235
186
2
1
265
511
489
300
258
452
649
653
549
554
679
742
684
637
720
838
827
705
637
709
800
777
675
618
636
634
562
494
486
495
432
305
215
205
214
156
42
-51
-104
-145
-211
-279
-324
-380
-461
-564
-627
-629
-646
-728
-837
-897
-897
-906
-971
-1034
-1043
-1029
-1066
-1146
-1177
-1123
-1062
-1078
-1149
-1166
-1101
-1027
-991
-972
-930
-885
-858
-809
-695
-558
-475
-463
-435
-319
-144
-4
62
116
215
352
476
575
682
823
945
998
1016
1101
1291
1471
1505
1440
1452
1594
1715
1696
1662
1763
1893
1767
1399
1260
1658
2104
1850
1000
519
974
1646
1512
632
39
285
693
450
-189
-405
-115
-60
-626
-1260
-1253
-758
-577
-1105
-1826
-1986
-1570
-1236
-1444
-1879
-2010
-1808
-1699
-1878
-1999
-1727
-1329
-1349
-1796
-2019
-1571
-873
-647
-1001
-1325
-1119
-583
-251
-269
-290
-84
124
107
62
303
762
1020
851
525
510
893
1311
1358
1073
843
889
1034
1035
935
928
1010
892
441
15
137
665
783
81
-783
-912
-352
7
-416
-1172
-1450
-1185
-1026
-1324
-1626
-1520
-1325
-1528
-1958
-2028
-1589
-1159
-1256
-1708
-1858
-1443
-898
-716
-852
-893
-639
-289
-80
24
258
636
871
846
858
1228
1769
2032
1935
1848
2068
2457
2694
2716
2734
2802
2772
2700
2810
3061
3084
2712
2340
2366
2622
2567
2089
1658
1612
1692
1439
923
582
559
528
173
-361
-680
-685
-674
-950
-1421
-1740
-1765
-1709
-1853
-2158
-2344
-2287
-2207
-2333
-2527
-2507
-2255
-2091
-2193
-2341
-2230
-1880
-1623
-1596
-1625
-1472
-1170
-942
-839
-731
-509
-266
-125
-60
68
306
527
612
590
623
793
982
1006
876
817
937
1050
923
668
592
716
741
481
143
51
157
116
-191
-464
-464
-402
-567
-858
-963
-855
-780
-911
-1109
-1131
-963
-820
-842
-890
-788
-589
-445
-352
-227
-38
184
407
572
678
837
1117
1424
1627
1728
1814
1971
2194
2394
2571
2807
2968
2734
2170
2099
2998
3884
3411
1858
1069
1959
3198
3027
1580
611
982
1547
1076
135
9
488
300
-814
-1731
-1586
-859
-675
-1522
-2654
-2971
-2418
-1947
-2208
-2786
-3012
-2876
-2819
-3020
-3095
-2673
-2121
-2197
-2872
-3158
-2477
-1527
-1242
-1615
-1941
-1748
-1174
-681
-523
-474
-264
-57
-76
-86
297
910
1209
1019
649
592
1035
1617
1742
1325
935
945
1165
1261
1176
1058
934
708
297
-14
121
405
199
-533
-1063
-985
-707
-749
-1136
-1508
-1633
-1588
-1587
-1658
-1626
-1533
-1572
-1732
-1736
-1461
-1131
-958
-978
-1006
-823
-423
-25
133
164
294
563
881
1150
1374
1533
1671
1860
2069
2338
2699
3052
3034
2553
2189
2508
3378
3900
3406
2335
1777
2265
3002
2944
2158
1468
1302
1266
980
605
484
544
189
-700
-1446
-1429
-916
-781
-1357
-2219
-2667
-2478
-2093
-2009
-2270
-2500
-2589
-2683
-2782
-2624
-2134
-1767
-1915
-2424
-2632
-2172
-1416
-1004
-1183
-1492
-1469
-1125
-756
-475
-206
-70
-120
-230
-147
228
713
978
787
458
466
817
1138
1153
986
824
762
734
635
588
634
590
271
-160
-328
-240
-151
-311
-662
-971
-1120
-1103
-1077
-1105
-1208
-1385
-1525
-1527
-1344
-1121
-1015
-1052
-1112
-1012
-721
-342
-63
25
48
213
572
939
1182
1386
1596
1815
2030
2211
2410
2660
2942
3130
3248
3506
3765
3703
3297
3093
3449
3976
4103
3560
2810
2491
2746
3092
2889
2243
1629
1314
1145
868
521
231
47
-323
-1019
-1647
-1755
-1457
-1479
-2090
-2782
-3029
-2861
-2709
-2776
-2961
-3097
-3164
-3240
-3255
-3064
-2706
-2475
-2557
-2757
-2718
-2287
-1710
-1391
-1449
-1587
-1446
-1036
-613
-305
-120
-16
43
119
322
705
1123
1304
1208
1088
1145
1323
1522
1693
1715
1518
1206
1042
1133
1298
1288
961
508
252
225
180
1
-226
-471
-769
-1041
-1115
-1079
-1111
-1270
-1522
-1715
-1708
-1505
-1343
-1349
-1409
-1400
-1299
-1107
-808
-575
-503
-402
-159
178
448
658
901
1156
1406
1588
1765
2036
2373
2638
2726
2833
3050
3299
3402
3219
3004
2995
3356
3736
3512
2744
2117
2323
2891
2797
1926
1131
1044
1187
917
286
-141
-152
-298
-927
-1695
-1914
-1596
-1499
-1974
-2724
-3102
-2944
-2662
-2672
-3018
-3248
-3165
-3036
-3074
-3130
-2918
-2583
-2467
-2670
-2808
-2461
-1877
-1549
-1635
-1811
-1708
-1315
-873
-643
-580
-491
-344
-227
-136
108
479
734
677
386
263
597
1121
1238
832
424
391
590
661
515
310
126
-91
-347
-517
-501
-433
-576
-994
-1380
-1414
-1193
-1067
-1195
-1442
-1586
-1489
-1264
-1112
-1077
-1010
-853
-737
-597
-329
8
281
454
618
775
1059
1501
1867
2013
2062
2229
2509
2854
3187
3395
3432
3444
3679
4014
4006
3482
2972
3307
4258
4459
3223
1817
1938
3147
3449
2193
855
757
1278
1088
108
-596
-475
-303
-938
-2030
-2522
-2137
-1698
-2022
-2926
-3581
-3468
-2921
-2759
-3206
-3618
-3447
-3080
-3139
-3395
-3187
-2549
-2191
-2471
-2852
-2601
-1763
-1100
-1125
-1472
-1434
-914
-403
-204
-123
96
361
464
430
557
1000
1436
1420
970
709
1074
1636
1718
1262
862
842
948
940
815
649
427
117
-195
-323
-244
-223
-478
-875
-1115
-1118
-1044
-1034
-1171
-1391
-1480
-1385
-1245
-1160
-1077
-941
-823
-724
-594
-361
-6
316
474
534
730
1111
1523
1835
1986
2070
2253
2603
3001
3302
3458
3449
3493
3785
3985
3605
3005
3207
4198
4528
3386
1955
1902
3077
3644
2619
1118
710
1252
1346
508
-310
-368
-233
-711
-1651
-2227
-1991
-1485
-1594
-2520
-3444
-3432
-2720
-2392
-2863
-3441
-3429
-3054
-2940
-3138
-3100
-2590
-2152
-2350
-2826
-2685
-1835
-1140
-1208
-1627
-1662
-1186
-618
-347
-355
-303
-72
92
91
212
638
1026
971
583
377
637
1086
1223
930
581
450
390
351
437
494
168
-436
-729
-580
-440
-605
-945
-1250
-1411
-1400
-1332
-1347
-1430
-1513
-1606
-1646
-1495
-1208
-1039
-1005
-927
-770
-523
-162
208
390
477
737
1112
1413
1631
1901
2208
2484
2720
2834
2953
3321
3831
3970
3711
3675
3874
3706
3239
3366
4181
4367
3222
1840
1766
2873
3433
2434
827
279
776
900
120
-674
-790
-854
-1464
-2294
-2691
-2444
-2085
-2286
-3217
-4088
-4012
-3285
-2923
-3351
-3933
-4021
-3687
-3387
-3375
-3303
-2900
-2494
-2612
-3004
-2759
-1813
-1055
-1105
-1544
-1566
-1034
-334
55
69
52
204
416
531
735
1107
1363
1283
1006
891
1060
1372
1511
1276
928
698
631
639
704
686
294
-260
-502
-385
-350
-612
-901
-1110
-1309
-1482
-1502
-1378
-1339
-1479
-1701
-1768
-1531
-1203
-1048
-1052
-982
-755
-464
-152
119
315
518
821
1166
1377
1612
1987
2355
2528
2567
2758
3143
3525
3717
3758
3832
3959
3877
3409
3183
3790
4629
4417
2962
1810
2210
3386
3619
2425
1085
763
1122
1040
305
-244
-263
-392
-1197
-2147
-2387
-1927
-1544
-1998
-3073
-3823
-3616
-2905
-2727
-3234
-3700
-3675
-3445
-3378
-3340
-3037
-2533
-2352
-2702
-3016
-2602
-1594
-975
-1164
-1572
-1542
-961
-318
8
74
111
248
380
487
746
1164
1378
1256
1022
878
1055
1367
1503
1329
893
637
614
664
713
571
214
-179
-388
-422
-449
-558
-754
-990
-1298
-1423
-1293
-1165
-1167
-1403
-1580
-1462
-1189
-932
-862
-803
-665
-497
-278
40
429
657
755
855
1114
1552
1977
2348
2468
2473
2678
3053
3452
3621
3711
3922
4137
4028
3471
3078
3471
4505
4853
3691
2125
1756
2838
3690
3042
1599
702
796
931
464
-179
-384
-397
-1035
-2114
-2731
-2396
-1774
-1918
-2894
-3977
-4220
-3594
-3018
-3161
-3789
-4073
-3924
-3774
-3729
-3486
-2905
-2568
-2832
-3324
-3233
-2298
-1355
-1177
-1655
-1929
-1513
-808
-284
-106
-55
37
120
218
392
753
1153
1311
1050
628
610
1024
1466
1387
844
409
309
486
558
340
25
-225
-394
-641
-862
-853
-751
-912
-1378
-1726
-1703
-1380
-1203
-1423
-1705
-1727
-1393
-1066
-962
-867
-707
-497
-319
-85
285
731
1065
1104
1086
1362
2029
2659
2784
2634
2669
3180
3735
3824
3713
3888
4429
4459
3527
2683
3155
4716
5314
3791
1655
1285
2857
3955
3045
1235
466
864
974
244
-533
-483
-198
-895
-2377
-3292
-2706
-1594
-1623
-2957
-4346
-4489
-3584
-2919
-3205
-3896
-4059
-3783
-3696
-3852
-3579
-2727
-2158
-2503
-3305
-3302
-2150
-901
-639
-1337
-1790
-1333
-457
94
225
356
511
546
471
620
1136
1673
1911
1504
834
732
1314
1961
1851
1191
636
422
563
744
699
333
-112
-460
-741
-778
-652
-620
-979
-1537
-1766
-1693
-1373
-1164
-1342
-1685
-1800
-1442
-1037
-833
-699
-553
-461
-396
-31
531
1017
1214
1162
1240
1620
2361
2940
2925
2734
2905
3573
4073
4113
4127
4469
4828
4289
3269
3093
4441
5848
5008
2638
1375
2545
4268
3980
2167
812
918
1415
952
-39
-448
-55
-211
-1604
-3028
-3059
-1876
-1332
-2270
-3877
-4692
-4025
-3054
-2982
-3771
-4320
-4090
-3893
-4038
-4032
-3420
-2633
-2613
-3346
-3884
-3175
-1660
-884
-1385
-2178
-2020
-1156
-428
-124
-55
134
257
197
216
654
1440
1766
1338
765
724
1226
1663
1713
1384
953
721
589
589
696
745
376
-369
-754
-631
-384
-464
-847
-1261
-1638
-1675
-1436
-1268
-1336
-1595
-1768
-1771
-1500
-1091
-861
-775
-733
-644
-461
13
626
920
962
994
1293
1785
2306
2722
2742
2677
2908
3446
3945
4109
4195
4398
4543
4052
3142
3099
4446
5708
4748
2341
1211
2449
4220
3943
2027
628
765
1342
855
-118
-411
-88
-363
-1784
-3050
-3001
-1874
-1305
-2351
-4057
-4831
-4019
-2965
-2987
-3806
-4383
-4204
-3987
-4081
-4007
-3389
-2616
-2703
-3553
-3980
-3053
-1460
-861
-1497
-2271
-2060
-1082
-308
0
25
144
230
132
267
871
1710
1874
1257
683
768
1512
2039
1932
1314
794
810
854
820
801
716
333
-382
-740
-610
-390
-427
-869
-1462
-1866
-1735
-1380
-1281
-1532
-1914
-2015
-1859
-1501
-1220
-1139
-986
-872
-832
-693
-170
547
895
788
651
976
1632
2312
2641
2516
2458
2724
3337
3903
4098
4150
4255
4413
3987
3134
3142
4605
5940
4892
2344
1182
2667
4654
4364
2280
676
864
1591
1195
227
-140
152
-235
-1675
-2797
-2601
-1502
-1134
-2215
-3904
-4641
-3714
-2614
-2690
-3670
-4242
-3962
-3736
-3787
-3670
-3029
-2349
-2503
-3339
-3743
-2750
-1151
-601
-1426
-2290
-1946
-916
-180
20
14
105
125
112
282
832
1556
1678
939
236
518
1457
2006
1563
653
173
426
893
821
420
147
-74
-487
-780
-557
-357
-562
-1012
-1421
-1559
-1365
-880
-749
-1180
-1487
-1328
-913
-624
-488
-385
-204
127
355
430
654
1304
1860
1826
1679
1914
2522
3055
3209
3060
3039
3486
4106
4555
4676
4198
2884
2161
3927
6325
5745
2266
189
2122
4823
4576
1900
122
912
2092
1320
-573
-945
330
609
-1246
-3349
-3470
-1983
-926
-1732
-3908
-5135
-4270
-2814
-2815
-4032
-4526
-3989
-3737
-4230
-4518
-3837
-2597
-2147
-3220
-4419
-3830
-1708
-484
-1326
-2497
-2267
-1139
-415
-361
-377
-17
459
494
97
52
955
2036
2095
1046
21
416
1887
2577
1711
427
243
907
1167
763
363
300
166
-290
-799
-835
-471
-442
-1020
-1767
-1999
-1585
-1094
-1115
-1690
-2093
-1805
-1293
-1136
-1246
-1174
-863
-620
-548
-376
75
627
972
964
957
1357
2040
2493
2490
2475
2805
3289
3623
3706
3760
4072
4686
4918
3823
2306
2720
5250
6605
4469
1239
766
3200
4956
3694
1105
161
1170
1686
457
-836
-526
306
-410
-2419
-3645
-3017
-1601
-1301
-2804
-4734
-5053
-3759
-2797
-3291
-4275
-4421
-4002
-3958
-4235
-4079
-3142
-2235
-2484
-3724
-4177
-2744
-904
-614
-1702
-2357
-1763
-779
-250
-138
79
374
342
41
0
671
1585
1823
1111
199
243
1252
1970
1456
462
252
647
763
368
63
168
175
-303
-955
-1052
-559
-312
-798
-1561
-1804
-1448
-1020
-944
-1265
-1573
-1476
-1085
-894
-933
-698
-235
-71
-245
-178
463
1186
1445
1269
1182
1678
2488
2927
2800
2661
2996
3624
4055
4090
4151
4585
4745
3725
2476
3239
5687
6432
3864
950
1277
4007
5215
3297
745
418
1678
1800
261
-759
-95
579
-512
-2646
-3628
-2589
-1039
-1131
-3168
-4984
-4704
-3204
-2617
-3452
-4329
-4276
-3848
-3909
-4279
-4003
-2879
-2069
-2692
-4023
-4033
-2256
-575
-720
-2013
-2451
-1566
-504
-167
-166
132
445
303
-83
40
936
1848
1805
800
80
585
1669
1984
1250
566
616
922
834
447
398
635
479
-268
-844
-573
18
33
-670
-1349
-1387
-987
-645
-707
-1032
-1224
-1094
-864
-794
-658
-306
2
-28
-222
0
653
1236
1403
1251
1190
1543
2263
2759
2755
2602
2700
3169
3625
3893
4100
4179
3606
2461
2462
4302
5770
4455
1518
649
2635
4414
3572
1259
246
1002
1536
488
-769
-546
255
-201
-2043
-3392
-2998
-1727
-1243
-2446
-4215
-4714
-3729
-2827
-3171
-3904
-4023
-3751
-3773
-4060
-3914
-3102
-2196
-2256
-3304
-3832
-2754
-981
-467
-1353
-2019
-1594
-678
-203
-48
274
601
515
135
196
896
1671
1811
1233
571
461
1117
1796
1664
932
385
392
562
584
441
143
-177
-500
-776
-892
-813
-758
-999
-1434
-1766
-1766
-1524
-1264
-1261
-1646
-1862
-1528
-1116
-1000
-911
-658
-464
-327
-41
335
642
946
1267
1446
1604
2021
2569
2804
2795
2992
3389
3789
4020
4142
4467
4706
3927
2578
2936
5269
6445
4271
1153
1081
3654
5005
3382
961
513
1636
1820
333
-761
-150
556
-405
-2443
-3425
-2571
-1255
-1261
-2976
-4637
-4573
-3321
-2757
-3519
-4297
-4221
-3830
-3918
-4328
-4181
-3208
-2285
-2646
-3880
-4127
-2658
-935
-827
-1915
-2394
-1639
-621
-323
-344
-18
469
485
104
163
908
1750
1824
1094
458
683
1599
2035
1554
862
643
842
903
758
594
485
210
-292
-553
-448
-248
-400
-879
-1232
-1346
-1215
-1027
-980
-1175
-1441
-1404
-1150
-914
-819
-713
-502
-356
-207
20
401
799
1013
1101
1185
1567
2113
2461
2596
2667
2908
3237
3591
3844
4004
4412
4668
3840
2358
2598
5043
6448
4438
1170
707
3180
4857
3544
990
232
1316
1718
390
-849
-440
352
-310
-2255
-3533
-2908
-1413
-1051
-2643
-4550
-4724
-3416
-2583
-3164
-4013
-4071
-3714
-3713
-4032
-3873
-2933
-1997
-2235
-3457
-3892
-2506
-636
-357
-1464
-2059
-1384
-399
-27
41
359
751
729
366
343
1033
1947
2131
1351
553
744
1678
2119
1616
880
637
816
857
612
415
411
198
-428
-910
-750
-347
-515
-1201
-1651
-1614
-1388
-1278
-1390
-1620
-1694
-1530
-1332
-1250
-1225
-1014
-697
-530
-473
-255
213
658
881
945
1061
1433
1991
2399
2535
2620
2833
3208
3616
3871
4009
4249
4583
4197
2827
2422
4365
6362
5243
1927
518
2479
4781
4285
1727
161
843
1826
1026
-515
-667
257
117
-1718
-3374
-3187
-1732
-1012
-2191
-4232
-4978
-3892
-2760
-2987
-3941
-4330
-3995
-3802
-4030
-4093
-3442
-2457
-2295
-3334
-4196
-3262
-1254
-472
-1515
-2518
-2044
-875
-267
-279
-226
105
270
97
-33
407
1326
1814
1279
390
289
1058
1758
1665
996
511
524
687
643
521
487
269
-274
-749
-692
-308
-248
-694
-1264
-1542
-1386
-1041
-932
-1138
-1370
-1415
-1249
-995
-780
-651
-530
-404
-328
-143
268
707
960
1064
1179
1389
1774
2260
2617
2717
2728
2936
3330
3796
4054
4062
4269
4394
3561
2420
3099
5371
5994
3524
836
1223
3680
4698
2976
631
204
1236
1399
108
-785
-243
167
-961
-2740
-3372
-2464
-1323
-1520
-3277
-4819
-4557
-3192
-2638
-3408
-4147
-4078
-3754
-3779
-3976
-3685
-2775
-2036
-2489
-3692
-3742
-2059
-427
-572
-1758
-2137
-1288
-221
165
77
142
466
578
292
323
1083
1905
1915
1075
345
617
1630
2120
1467
613
504
821
774
423
299
377
219
-392
-974
-932
-452
-331
-977
-1706
-1827
-1498
-1151
-1156
-1507
-1806
-1699
-1331
-1112
-1061
-930
-692
-620
-607
-268
243
649
792
819
1027
1450
2037
2422
2411
2396
2695
3176
3520
3704
3761
3849
4311
4733
3988
2351
2406
4903
6464
4460
1058
510
3088
4959
3683
863
-185
1075
1921
588
-1056
-706
417
-118
-2219
-3605
-2945
-1391
-941
-2534
-4668
-4885
-3272
-2217
-3001
-4158
-4160
-3551
-3416
-3794
-3842
-3067
-2020
-2017
-3335
-3995
-2592
-562
-249
-1587
-2342
-1606
-429
104
-20
-122
122
436
339
137
554
1409
1811
1261
398
212
984
1904
1737
660
64
469
884
537
92
111
178
-198
-855
-1168
-897
-423
-548
-1417
-2047
-1807
-1146
-939
-1357
-1811
-1788
-1302
-951
-994
-1029
-776
-480
-469
-410
9
575
933
876
805
1131
1832
2369
2308
2117
2357
2990
3387
3332
3270
3452
3867
4307
4558
4020
2653
2250
3976
5889
4992
1899
416
2086
4259
3855
1490
61
634
1451
686
-719
-864
-51
-167
-1776
-3221
-3145
-1981
-1299
-2189
-3914
-4673
-3735
-2623
-2812
-3701
-3986
-3547
-3347
-3603
-3646
-3054
-2150
-1917
-2734
-3479
-2719
-975
-216
-950
-1796
-1514
-520
115
175
106
274
531
549
407
554
1208
1782
1536
670
229
842
1788
1845
856
53
297
867
774
163
-174
-101
-196
-642
-1007
-1036
-830
-771
-1203
-1818
-1906
-1398
-1060
-1319
-1778
-1879
-1488
-1075
-979
-1071
-967
-632
-462
-405
-141
370
811
911
829
900
1422
2108
2389
2251
2139
2464
2974
3317
3382
3271
3417
3814
4255
4441
3817
2554
2228
3957
5657
4615
1697
436
2180
4115
3592
1314
-22
666
1422
583
-875
-978
1
-53
-1653
-3233
-3162
-1796
-1014
-2003
-3829
-4362
-3283
-2275
-2569
-3480
-3610
-3085
-2894
-3281
-3494
-2807
-1729
-1445
-2412
-3308
-2556
-778
15
-837
-1763
-1457
-483
78
44
22
236
441
432
273
413
979
1530
1403
576
25
487
1425
1627
833
-11
-112
353
592
232
-284
-497
-512
-717
-994
-1078
-1067
-1092
-1261
-1588
-1866
-1717
-1227
-1126
-1571
-1900
-1653
-1076
-709
-736
-930
-851
-412
13
245
414
669
932
1100
1296
1565
1982
2352
2453
2396
2450
2899
3420
3549
3262
3042
3354
3882
4265
4262
3530
2274
1966
3690
5430
4463
1529
139
1741
3685
3299
1120
-192
466
1237
409
-1103
-1223
-169
-82
-1621
-3260
-3275
-1984
-1162
-1986
-3741
-4417
-3500
-2477
-2661
-3479
-3610
-3149
-2966
-3304
-3458
-2826
-1851
-1523
-2370
-3248
-2643
-968
-104
-846
-1710
-1432
-543
-52
-60
19
250
310
102
2
458
1180
1490
1058
352
118
571
1287
1414
827
281
142
170
201
397
455
-57
-740
-1010
-818
-554
-521
-868
-1430
-1659
-1507
-1311
-1208
-1211
-1388
-1662
-1614
-1266
-951
-703
-582
-681
-831
-636
-81
420
644
622
587
780
1207
1656
1877
1900
1893
2075
2443
2661
2711
2780
2916
3042
3143
3291
3483
3812
3826
2807
1708
2430
4541
5028
2779
507
816
2840
3693
2340
475
66
863
899
-199
-832
-281
90
-926
-2451
-2992
-2229
-1189
-1225
-2555
-3881
-3752
-2597
-2091
-2637
-3197
-3089
-2851
-2959
-3102
-2805
-1979
-1349
-1750
-2819
-2961
-1576
-241
-369
-1344
-1736
-1205
-461
-65
-39
-52
61
16
-204
-145
467
1112
1097
485
-99
-7
710
1234
978
356
171
268
155
56
319
574
148
-654
-1036
-744
-210
-133
-690
-1410
-1560
-1128
-805
-899
-1137
-1241
-1249
-1191
-1007
-729
-418
-255
-405
-603
-388
270
785
805
644
666
986
1426
1745
1857
1872
1990
2139
2285
2522
2759
2852
2776
2821
2982
3062
3189
3547
3815
3092
1757
1657
3463
5025
3865
1123
51
1642
3401
2900
967
-78
446
920
173
-776
-683
-11
-277
-1678
-2874
-2730
-1520
-840
-1743
-3392
-3938
-2968
-2053
-2249
-2933
-3067
-2724
-2654
-2960
-3043
-2317
-1339
-1360
-2461
-3157
-2263
-758
-319
-1051
-1733
-1532
-886
-434
-301
-222
-65
-93
-357
-476
6
820
1119
648
-35
-109
568
1249
1166
481
153
445
645
399
214
355
430
90
-464
-783
-603
-144
-125
-791
-1509
-1547
-1026
-657
-864
-1397
-1576
-1262
-965
-986
-1015
-776
-568
-588
-669
-545
-76
439
556
248
130
589
1230
1549
1470
1349
1470
1815
2144
2238
2237
2294
2417
2511
2554
2730
2974
3180
3338
3282
2577
1545
1784
3620
4752
3203
563
46
1895
3494
2795
723
-311
303
967
305
-674
-586
-28
-409
-1823
-2848
-2476
-1200
-649
-1798
-3477
-3833
-2675
-1691
-1973
-2766
-3050
-2775
-2618
-2773
-2729
-2094
-1316
-1461
-2525
-3073
-2098
-605
-301
-1210
-1990
-1776
-956
-351
-246
-362
-313
-223
-339
-379
16
697
1064
785
132
-159
466
1448
1674
948
210
201
694
1074
981
588
276
154
56
-130
-181
-34
-96
-594
-1186
-1281
-868
-572
-812
-1336
-1613
-1425
-1042
-863
-931
-1004
-948
-850
-712
-476
-183
-5
26
10
93
476
946
1148
1069
1013
1267
1658
1911
1929
1860
1950
2146
2275
2286
2412
2715
2904
2943
3058
3271
2850
1790
1652
3194
4622
3579
1027
119
1753
3555
3084
1027
-142
509
1341
752
-378
-536
60
-55
-1235
-2282
-2211
-1201
-592
-1384
-2909
-3523
-2650
-1670
-1794
-2618
-3038
-2782
-2538
-2642
-2743
-2321
-1626
-1614
-2438
-2990
-2219
-831
-427
-1224
-1974
-1728
-914
-333
-222
-296
-217
-103
-118
-89
301
956
1295
1022
434
247
910
1837
2038
1391
810
846
1109
1333
1559
1538
975
284
125
442
683
517
-15
-613
-899
-792
-650
-736
-967
-1297
-1630
-1731
-1494
-1220
-1204
-1317
-1477
-1568
-1341
-851
-528
-610
-761
-713
-484
-63
352
465
302
328
651
978
1287
1537
1601
1468
1486
1805
2110
2304
2358
2361
2465
2684
2919
3142
3386
3096
2098
1691
2937
4467
3875
1614
501
1685
3221
2940
1334
318
682
1232
694
-337
-563
39
87
-1057
-2341
-2514
-1554
-830
-1431
-2859
-3567
-2871
-2001
-2135
-2898
-3191
-2843
-2679
-2955
-3151
-2658
-1785
-1583
-2374
-3116
-2571
-1187
-538
-1147
-1951
-1837
-1043
-439
-323
-375
-227
1
12
-101
129
844
1419
1246
543
244
843
1739
2021
1601
1123
947
918
1064
1455
1663
1254
412
-113
73
575
643
-36
-812
-1012
-816
-814
-1086
-1319
-1441
-1533
-1722
-1974
-1968
-1588
-1276
-1503
-1916
-1882
-1423
-972
-868
-1000
-1085
-885
-458
-145
18
146
279
378
526
850
1205
1403
1409
1370
1459
1718
2082
2315
2292
2210
2374
2735
2894
2961
3185
3144
2347
1547
2172
3778
4183
2449
464
543
2246
3144
2044
369
-70
513
674
-48
-650
-487
-250
-829
-2044
-2714
-2206
-1234
-1158
-2333
-3514
-3457
-2480
-1964
-2415
-3053
-3139
-2828
-2700
-2859
-2797
-2193
-1573
-1769
-2527
-2640
-1630
-484
-372
-1101
-1554
-1122
-290
158
122
44
185
335
352
425
806
1371
1610
1225
642
662
1398
2001
1790
1183
1012
1343
1504
1189
892
1105
1432
1103
153
-494
-130
683
712
-417
-1639
-1668
-739
-304
-1030
-2030
-2256
-1828
-1541
-1703
-1923
-1819
-1592
-1661
-1912
-1757
-1094
-565
-675
-1116
-1150
-558
153
364
98
-31
312
784
987
1040
1251
1574
1711
1603
1577
1890
2347
2516
2294
2091
2309
2854
3198
3137
3123
3358
3218
2338
1740
2645
4270
4353
2318
442
918
2854
3541
2107
383
122
837
984
199
-433
-230
36
-667
-1989
-2538
-1795
-840
-1055
-2454
-3609
-3335
-2184
-1709
-2320
-2995
-2971
-2635
-2652
-2881
-2653
-1877
-1369
-1885
-2786
-2700
-1457
-392
-529
-1298
-1616
-1122
-389
-53
-83
-94
76
154
57
139
637
1311
1554
1101
496
552
1396
2150
2074
1474
1133
1279
1552
1743
1730
1445
1101
984
960
666
349
363
423
96
-549
-1029
-1123
-873
-713
-1213
-2008
-2268
-1906
-1652
-1799
-2008
-2183
-2197
-1965
-1684
-1580
-1510
-1335
-1332
-1403
-1149
-697
-449
-478
-505
-425
-156
295
536
484
500
811
1132
1228
1296
1436
1635
1789
1828
1897
2128
2483
2696
2739
2828
3104
3460
3387
2641
1982
2523
3972
4367
2830
1030
1114
2792
3618
2428
677
311
1073
1210
302
-489
-335
11
-526
-1737
-2484
-2044
-1163
-1202
-2406
-3596
-3513
-2575
-2148
-2691
-3345
-3306
-2955
-2901
-3137
-3089
-2463
-1907
-2140
-2922
-3029
-1965
-843
-750
-1465
-1816
-1322
-562
-176
-195
-114
123
249
219
281
683
1245
1576
1304
736
737
1458
2162
2105
1565
1291
1456
1674
1588
1550
1706
1511
813
359
677
1016
705
19
-541
-665
-472
-472
-1068
-1700
-1681
-1593
-1983
-2376
-2275
-2087
-2273
-2585
-2783
-2660
-2213
-1904
-2025
-2220
-1972
-1504
-1221
-1096
-1051
-937
-643
-277
-104
-5
356
774
889
819
982
1436
1829
1977
1898
1839
2039
2421
2672
2608
2585
2817
3077
3184
3260
3476
3714
3816
3456
2530
2067
3126
4647
4253
1922
462
1492
3290
3302
1538
114
258
959
645
-405
-802
-359
-285
-1258
-2439
-2657
-1794
-982
-1453
-2926
-3785
-3163
-2049
-1873
-2589
-3077
-2814
-2395
-2452
-2664
-2357
-1530
-1114
-1708
-2508
-2220
-865
30
-387
-1199
-1226
-521
70
204
129
183
396
433
245
239
824
1556
1602
911
305
639
1584
2043
1570
896
844
1191
1315
1122
999
1124
1146
702
-71
-365
226
860
437
-913
-1744
-1258
-328
-315
-1341
-2201
-2102
-1573
-1506
-1948
-2221
-2039
-1860
-2111
-2491
-2283
-1565
-1171
-1557
-2106
-1911
-1043
-381
-547
-1050
-1009
-351
212
206
50
228
688
952
854
797
1155
1733
1905
1583
1351
1604
2124
2402
2299
2066
2075
2432
2771
2868
2797
2841
3091
3369
3217
2341
1683
2425
4071
4343
2462
642
1025
2862
3508
2171
575
355
1025
1036
243
-283
-32
190
-478
-1669
-2296
-1743
-778
-789
-2067
-3283
-3140
-2166
-1768
-2312
-2911
-2894
-2624
-2678
-2973
-2872
-2158
-1569
-1947
-2867
-3000
-1921
-809
-789
-1531
-1919
-1514
-875
-540
-482
-360
-174
-187
-366
-323
178
869
1166
755
122
120
908
1654
1632
1114
849
972
1153
1253
1395
1531
1439
1114
791
652
704
847
837
491
-101
-514
-618
-548
-479
-637
-1111
-1725
-1947
-1745
-1568
-1724
-2106
-2433
-2601
-2522
-2325
-2184
-2179
-2322
-2430
-2322
-1958
-1620
-1511
-1467
-1408
-1340
-1171
-805
-435
-309
-275
-151
87
384
718
957
1013
1115
1369
1631
1768
1890
2104
2277
2377
2485
2651
2849
3022
3164
3246
3366
3630
3894
3739
3021
2472
2971
4183
4491
3163
1578
1504
2731
3356
2480
1133
647
944
922
219
-422
-377
-151
-626
-1739
-2520
-2237
-1428
-1293
-2270
-3383
-3449
-2690
-2231
-2602
-3141
-3148
-2807
-2690
-2948
-2999
-2438
-1733
-1739
-2429
-2713
-1987
-904
-533
-959
-1362
-1145
-495
-43
73
141
333
502
483
510
811
1374
1829
1723
1198
938
1379
2022
2179
1886
1587
1502
1511
1570
1669
1684
1555
1261
932
744
756
870
728
281
-240
-536
-492
-424
-546
-900
-1236
-1452
-1612
-1640
-1621
-1623
-1818
-2088
-2246
-2291
-2154
-2012
-1973
-2113
-2209
-2038
-1790
-1596
-1543
-1466
-1300
-1113
-930
-800
-617
-398
-184
-33
68
243
503
827
1063
1133
1168
1304
1549
1771
1912
1984
2020
2055
2129
2246
2397
2516
2548
2550
2600
2761
2940
3121
3195
2904
2292
1892
2435
3491
3686
2459
1023
1044
2242
2911
2099
771
295
588
695
153
-386
-399
-277
-683
-1652
-2333
-2107
-1349
-1169
-2041
-3118
-3329
-2647
-2074
-2238
-2743
-2939
-2754
-2652
-2745
-2651
-2134
-1609
-1698
-2270
-2490
-1839
-846
-464
-846
-1305
-1207
-624
-104
73
55
96
211
235
248
486
999
1382
1223
737
524
979
1640
1827
1499
1152
1147
1296
1421
1505
1554
1511
1298
1031
817
843
1079
1155
768
53
-365
-205
99
-53
-654
-1081
-1134
-1153
-1388
-1682
-1737
-1651
-1763
-2249
-2690
-2527
-2023
-1919
-2400
-2783
-2611
-2196
-1942
-2006
-2138
-2059
-1783
-1567
-1545
-1427
-1101
-803
-739
-810
-677
-272
174
332
203
235
599
1054
1256
1279
1355
1497
1706
1880
2017
2126
2270
2464
2537
2567
2660
2823
2968
3038
3155
3225
3238
3075
2630
2274
2596
3521
3635
2301
840
904
2216
2779
1780
260
-268
241
464
-134
-859
-914
-790
-1240
-2036
-2504
-2189
-1577
-1533
-2406
-3394
-3307
-2403
-1862
-2226
-2823
-2892
-2561
-2264
-2257
-2239
-1848
-1370
-1412
-1978
-2036
-1139
-179
-66
-630
-943
-613
78
583
581
422
478
709
815
810
1016
1411
1702
1555
1099
931
1368
1989
2014
1482
1058
1083
1363
1479
1389
1204
1029
888
670
484
453
590
606
205
-377
-754
-701
-431
-295
-595
-1353
-1891
-1658
-1062
-1029
-1686
-2220
-2206
-1858
-1704
-1971
-2270
-2236
-1982
-2017
-2254
-2190
-1880
-1669
-1747
-1869
-1761
-1377
-971
-958
-1101
-962
-554
-225
-153
-68
126
436
697
728
762
980
1376
1586
1498
1446
1629
1975
2092
1993
1971
2103
2326
2384
2318
2292
2454
2677
2653
2609
2746
2958
2993
2767
2352
1988
2421
3407
3448
2031
738
1158
2408
2699
1610
293
73
633
703
-136
-799
-589
-419
-1003
-1931
-2341
-2007
-1441
-1435
-2401
-3328
-3142
-2277
-1932
-2406
-2851
-2831
-2521
-2272
-2313
-2296
-1899
-1374
-1431
-1966
-1944
-1117
-276
-209
-687
-939
-600
114
539
477
327
413
658
750
762
856
1120
1434
1378
950
692
1108
1699
1669
1193
892
972
1090
1099
1054
903
776
646
401
121
66
294
323
-55
-583
-892
-869
-731
-710
-980
-1330
-1606
-1870
-1954
-1744
-1500
-1696
-2241
-2580
-2461
-1996
-1673
-1886
-2392
-2541
-2180
-1838
-1742
-1744
-1737
-1648
-1486
-1301
-1125
-829
-469
-374
-438
-329
34
453
724
773
683
799
1160
1423
1469
1515
1698
1817
1808
1820
1899
2049
2134
2050
1885
1847
2022
2161
2127
2022
1975
2029
2127
2232
2269
2248
2263
2274
2038
1522
1489
2362
3034
2274
700
209
1255
2266
1890
555
-220
73
465
123
-494
-563
-343
-524
-1216
-1835
-1760
-1099
-631
-1129
-2169
-2507
-1843
-1102
-1149
-1697
-1967
-1755
-1452
-1490
-1633
-1358
-756
-620
-1242
-1713
-1263
-351
19
-373
-855
-863
-392
105
238
118
46
116
129
36
66
361
704
684
243
-131
55
591
802
495
105
1
98
178
224
262
264
178
-30
-233
-224
50
295
185
-186
-465
-436
-241
-169
-253
-361
-457
-659
-882
-839
-613
-554
-807
-1172
-1362
-1233
-938
-908
-1218
-1461
-1400
-1293
-1321
-1296
-1224
-1241
-1279
-1278
-1222
-1063
-795
-647
-758
-840
-704
-426
-147
14
-8
-53
137
403
535
605
713
815
859
968
1106
1193
1305
1408
1428
1418
1511
1644
1722
1819
1890
1895
1932
2124
2382
2553
2705
2756
2655
2654
2805
2809
2541
2659
3295
3370
2432
1510
1776
2671
2808
1842
717
481
881
936
291
-373
-487
-474
-820
-1441
-1849
-1714
-1369
-1427
-2140
-2822
-2698
-2062
-1762
-2117
-2601
-2685
-2339
-2017
-2082
-2215
-1983
-1583
-1602
-1963
-1937
-1374
-811
-752
-1089
-1272
-1032
-514
-171
-181
-320
-311
-92
134
221
230
401
645
598
286
196
589
1015
969
626
409
467
646
762
749
601
507
472
386
278
287
418
427
204
-148
-322
-208
-89
-221
-479
-593
-647
-797
-961
-991
-904
-880
-1107
-1510
-1661
-1323
-987
-1157
-1577
-1684
-1430
-1210
-1215
-1314
-1279
-1121
-1032
-1067
-1028
-811
-575
-480
-524
-561
-441
-119
151
184
121
211
433
607
689
738
845
986
1054
1036
1095
1297
1486
1520
1458
1452
1575
1751
1845
1827
1802
1861
1996
2104
2111
2109
2262
2503
2533
2377
2385
2635
2683
2267
1900
2251
2924
2758
1627
837
1326
2194
2058
958
104
189
584
377
-377
-851
-760
-655
-1032
-1694
-2034
-1794
-1394
-1533
-2243
-2745
-2519
-1970
-1854
-2287
-2675
-2522
-2065
-1975
-2286
-2346
-1883
-1472
-1639
-1997
-1931
-1370
-845
-818
-1116
-1210
-841
-345
-133
-184
-232
-42
249
333
223
274
652
896
697
372
409
795
1024
859
520
396
505
615
575
420
300
297
311
198
17
-3
140
177
-9
-315
-429
-318
-229
-407
-631
-600
-540
-701
-983
-1027
-816
-659
-822
-1228
-1406
-1148
-860
-927
-1169
-1209
-1044
-875
-785
-779
-706
-567
-456
-438
-377
-156
49
150
147
162
290
543
762
765
703
777
946
1030
997
998
1092
1163
1115
999
987
1072
1145
1102
978
924
978
1065
1034
921
882
950
1046
1095
1098
1100
1152
1294
1456
1534
1492
1481
1661
1819
1638
1284
1425
2061
2260
1557
722
802
1559
1855
1201
334
164
508
552
78
-357
-358
-222
-417
-970
-1381
-1240
-824
-756
-1260
-1833
-1887
-1491
-1220
-1440
-1816
-1838
-1572
-1501
-1752
-1869
-1561
-1194
-1263
-1683
-1843
-1490
-1032
-927
-1174
-1367
-1255
-925
-704
-732
-792
-681
-481
-442
-553
-526
-248
32
6
-239
-325
-129
159
264
197
118
125
224
290
311
349
454
526
452
342
358
514
656
644
499
379
422
572
604
412
228
334
548
452
48
-151
132
439
261
-247
-465
-190
100
-41
-449
-612
-430
-280
-424
-710
-777
-579
-450
-634
-921
-905
-643
-525
-716
-940
-889
-639
-498
-610
-759
-687
-442
-314
-390
-454
-332
-137
-61
-108
-108
36
228
299
251
256
427
668
779
726
700
871
1146
1303
1291
1297
1451
1639
1746
1824
1931
2018
2109
2276
2355
2129
1826
1998
2612
2823
2118
1191
1138
1916
2338
1709
708
375
691
819
370
-195
-350
-265
-448
-1034
-1566
-1560
-1193
-1113
-1653
-2361
-2543
-2132
-1757
-1946
-2436
-2598
-2337
-2152
-2307
-2426
-2148
-1747
-1734
-2082
-2228
-1854
-1256
-978
-1153
-1392
-1285
-859
-494
-411
-446
-334
-81
54
4
29
331
698
744
490
353
574
942
1091
964
801
824
980
1054
1016
1013
1113
1161
1028
840
827
1019
1190
1110
834
618
628
761
821
724
527
301
154
162
252
223
-25
-336
-464
-408
-407
-585
-795
-861
-883
-1023
-1228
-1308
-1239
-1235
-1378
-1564
-1644
-1605
-1520
-1489
-1552
-1629
-1635
-1568
-1497
-1452
-1408
-1316
-1202
-1125
-1085
-992
-811
-632
-529
-470
-344
-190
-53
44
154
295
427
519
592
722
868
964
1013
1096
1208
1322
1424
1502
1557
1638
1783
1908
1940
1979
2171
2358
2348
2271
2425
2684
2570
2102
1969
2510
2960
2489
1464
1080
1653
2185
1775
799
266
419
596
218
-419
-719
-601
-622
-1124
-1745
-1876
-1513
-1301
-1662
-2305
-2529
-2156
-1719
-1810
-2249
-2399
-2068
-1739
-1794
-1962
-1798
-1350
-1121
-1300
-1493
-1253
-722
-362
-396
-591
-569
-236
151
300
239
232
422
602
597
538
690
961
1021
799
616
742
1015
1113
949
763
741
869
939
866
778
794
845
800
674
583
637
759
780
598
388
352
460
482
355
240
212
135
-94
-260
-151
52
-87
-593
-956
-797
-455
-498
-954
-1325
-1276
-1091
-1156
-1418
-1552
-1475
-1407
-1538
-1753
-1785
-1588
-1410
-1459
-1650
-1736
-1579
-1307
-1202
-1337
-1425
-1232
-948
-878
-946
-886
-646
-457
-448
-486
-370
-109
78
100
47
118
327
554
681
733
796
942
1121
1244
1325
1438
1625
1799
1899
1954
2065
2246
2434
2534
2588
2710
2851
2878
2863
2986
3113
2906
2472
2450
2966
3211
2540
1573
1397
1965
2233
1598
706
376
504
396
-139
-634
-775
-752
-962
-1489
-2018
-2131
-1857
-1695
-2053
-2637
-2830
-2508
-2166
-2282
-2612
-2648
-2324
-2096
-2181
-2274
-2015
-1571
-1398
-1551
-1646
-1362
-862
-541
-567
-679
-569
-209
116
224
248
384
624
751
733
752
989
1299
1392
1219
1076
1204
1460
1586
1508
1379
1317
1344
1369
1324
1246
1210
1190
1081
870
684
657
709
653
384
75
-56
-34
-81
-289
-501
-636
-768
-984
-1145
-1135
-1139
-1381
-1762
-1940
-1813
-1686
-1853
-2202
-2365
-2262
-2166
-2240
-2359
-2354
-2287
-2265
-2309
-2309
-2187
-1983
-1841
-1842
-1879
-1767
-1479
-1219
-1124
-1130
-1022
-762
-491
-358
-296
-146
91
286
363
454
653
918
1060
1073
1099
1251
1484
1632
1686
1714
1793
1888
1987
2072
2143
2210
2289
2358
2376
2391
2474
2591
2617
2582
2584
2604
2559
2532
2632
2675
2360
1844
1753
2218
2461
1815
806
517
1023
1302
696
-192
-510
-313
-329
-836
-1374
-1475
-1315
-1387
-1830
-2298
-2366
-2058
-1814
-2008
-2454
-2615
-2275
-1868
-1867
-2130
-2137
-1780
-1497
-1550
-1639
-1389
-942
-731
-860
-955
-703
-260
9
-3
-83
33
326
580
628
567
655
907
1050
949
836
948
1195
1258
1068
881
907
1060
1096
952
778
712
713
669
553
440
387
361
254
49
-127
-169
-120
-170
-360
-568
-665
-703
-757
-861
-958
-1008
-1057
-1157
-1286
-1354
-1394
-1425
-1428
-1398
-1452
-1634
-1790
-1724
-1516
-1437
-1597
-1800
-1791
-1616
-1491
-1507
-1543
-1514
-1433
-1358
-1282
-1176
-1046
-924
-838
-800
-724
-537
-301
-150
-131
-110
18
233
391
473
545
656
788
875
921
993
1149
1306
1358
1317
1342
1496
1676
1746
1707
1704
1794
1917
1977
2000
2005
2028
2066
2106
2129
2138
2174
2209
2214
2189
2208
2234
2187
2126
2185
2296
2159
1775
1570
1819
2104
1839
1139
748
988
1282
1008
346
-47
3
65
-225
-663
-891
-881
-910
-1176
-1528
-1686
-1557
-1404
-1532
-1879
-2050
-1854
-1575
-1588
-1830
-1892
-1656
-1427
-1466
-1591
-1490
-1192
-986
-1030
-1132
-1033
-737
-487
-458
-537
-487
-244
-27
6
-41
48
266
405
371
295
367
555
672
610
502
486
584
666
636
545
494
531
539
472
370
351
387
369
240
83
25
60
66
-60
-241
-347
-356
-389
-500
-639
-727
-785
-873
-970
-1061
-1156
-1270
-1329
-1312
-1325
-1487
-1696
-1721
-1560
-1443
-1562
-1781
-1849
-1705
-1518
-1462
-1519
-1572
-1523
-1377
-1217
-1127
-1064
-966
-823
-696
-614
-483
-275
-69
35
101
235
450
643
764
884
1046
1210
1309
1372
1475
1635
1783
1853
1858
1852
1893
1994
2104
2133
2070
1995
1990
2060
2117
2092
2018
1973
1975
1982
1968
1942
1919
1905
1910
1916
1844
1691
1593
1661
1782
1679
1290
945
940
1146
1129
712
204
0
76
71
-223
-643
-903
-956
-1033
-1293
-1609
-1741
-1689
-1722
-1966
-2236
-2282
-2121
-2027
-2128
-2285
-2285
-2134
-2002
-1977
-1970
-1877
-1707
-1564
-1499
-1443
-1286
-1046
-863
-798
-757
-609
-377
-194
-110
-52
74
239
365
431
491
601
720
768
757
772
849
935
946
880
815
819
854
838
753
653
596
556
495
387
257
161
95
13
-133
-286
-382
-453
-559
-699
-805
-865
-925
-1025
-1126
-1186
-1215
-1247
-1272
-1277
-1309
-1385
-1442
-1371
-1210
-1144
-1266
-1395
-1314
-1060
-885
-927
-1053
-1018
-798
-602
-551
-550
-457
-294
-165
-92
0
168
349
459
490
550
703
885
996
1013
1032
1127
1247
1302
1293
1306
1386
1455
1425
1344
1316
1372
1422
1386
1281
1207
1200
1228
1222
1170
1124
1099
1082
1031
999
1037
1095
1064
965
930
1009
1094
1075
1022
1039
1111
1092
989
969
1092
1173
1045
824
738
817
877
780
557
373
297
260
162
-3
-169
-304
-409
-550
-732
-881
-940
-965
-1086
-1293
-1432
-1423
-1372
-1416
-1534
-1595
-1550
-1491
-1488
-1501
-1455
-1351
-1254
-1220
-1203
-1124
-975
-810
-702
-659
-610
-478
-282
-127
-57
5
123
262
377
450
522
625
725
771
783
810
871
920
917
873
818
797
781
739
660
562
486
412
325
223
124
36
-60
-163
-272
-364
-462
-545
-614
-681
-767
-872
-948
-962
-956
-1007
-1105
-1167
-1145
-1118
-1130
-1162
-1169
-1161
-1155
-1123
-1068
-1001
-980
-987
-952
-842
-730
-688
-667
-609
-504
-402
-323
-256
-179
-88
3
86
168
251
333
416
475
525
575
648
723
763
761
759
809
859
856
815
812
834
819
751
694
698
730
699
589
507
516
563
549
470
388
376
430
465
440
394
408
472
517
526
556
625
699
734
749
800
897
1003
1070
1092
1071
1063
1135
1264
1326
1230
1070
1013
1090
1134
1017
813
682
647
571
401
226
135
76
-75
-298
-480
-545
-560
-643
-796
-945
-1010
-1017
-1019
-1057
-1088
-1091
-1087
-1095
-1090
-1029
-929
-852
-831
-820
-753
-623
-501
-415
-363
-299
-216
-136
-56
10
83
156
205
222
234
255
284
325
333
304
226
141
104
116
114
19
-118
-219
-248
-263
-324
-417
-492
-546
-598
-667
-731
-764
-774
-797
-849
-908
-950
-936
-903
-887
-917
-966
-974
-935
-872
-841
-837
-839
-815
-753
-667
-595
-561
-546
-494
-391
-291
-256
-256
-203
-84
7
10
-16
30
152
233
222
186
224
325
402
401
376
409
494
561
560
538
574
654
700
678
639
665
748
776
717
639
647
707
720
647
549
523
555
558
494
412
374
381
393
372
320
274
255
281
297
277
224
196
220
255
263
241
239
264
292
299
312
346
383
398
393
420
472
530
554
554
571
622
684
721
735
739
737
751
797
836
829
765
706
708
756
772
700
591
525
517
512
453
346
252
183
119
49
-44
-121
-182
-265
-372
-480
-533
-567
-624
-719
-818
-876
-888
-917
-986
-1057
-1088
-1077
-1084
-1133
-1184
-1173
-1118
-1096
-1148
-1196
-1165
-1092
-1064
-1107
-1136
-1100
-1046
-1037
-1066
-1071
-1025
-993
-1010
-1048
-1039
-992
-968
-1003
-1052
-1045
-992
-958
-992
-1041
-1011
-916
-851
-871
-901
-838
-704
-607
-600
-607
-528
-378
-260
-211
-174
-67
75
191
262
321
424
551
646
692
731
804
901
966
987
1012
1065
1124
1139
1134
1154
1212
1240
1197
1128
1118
1174
1203
1149
1061
1018
1030
1057
1032
982
928
901
883
866
848
820
785
752
735
712
709
723
736
707
651
614
644
700
689
594
484
459
500
507
402
256
174
171
137
14
-139
-232
-255
-319
-471
-628
-693
-688
-722
-856
-991
-1027
-966
-941
-1026
-1127
-1125
-1027
-959
-982
-1030
-993
-894
-811
-800
-793
-737
-642
-585
-571
-541
-483
-401
-362
-342
-329
-281
-227
-204
-197
-188
-143
-112
-114
-147
-144
-93
-43
-60
-131
-177
-137
-66
-66
-140
-218
-212
-169
-156
-211
-258
-266
-245
-252
-302
-323
-322
-309
-333
-378
-413
-414
-401
-401
-438
-484
-485
-466
-460
-493
-525
-527
-487
-465
-489
-507
-486
-421
-380
-359
-337
-279
-205
-138
-87
-26
70
169
252
308
389
490
605
694
757
827
915
1004
1056
1088
1120
1184
1238
1240
1199
1179
1206
1234
1211
1127
1055
1022
1007
951
862
786
733
671
574
478
420
395
344
243
131
68
64
51
-16
-109
-170
-174
-172
-202
-265
-285
-261
-237
-250
-291
-279
-223
-164
-155
-166
-152
-83
-13
20
36
72
146
197
226
249
311
376
413
414
415
462
519
538
497
463
472
518
526
469
381
340
359
365
296
176
91
68
68
4
-120
-237
-288
-292
-331
-435
-549
-610
-612
-629
-696
-780
-824
-821
-832
-877
-922
-920
-900
-898
-926
-939
-903
-848
-820
-836
-833
-780
-703
-667
-663
-643
-577
-496
-448
-424
-385
-298
-207
-157
-144
-107
-27
58
106
110
123
182
260
301
295
297
343
403
426
408
395
418
466
491
483
469
479
507
536
557
563
571
578
593
617
635
641
630
624
628
648
639
615
590
583
592
576
533
471
450
447
431
368
295
250
241
230
173
106
56
40
21
-17
-72
-113
-136
-158
-188
-216
-230
-243
-260
-276
-268
-253
-250
-266
-272
-243
-200
-182
-201
-212
-179
-122
-90
-110
-137
-115
-63
-37
-66
-104
-102
-66
-55
-93
-144
-148
-118
-118
-161
-214
-217
-198
-197
-233
-276
-284
-270
-272
-307
-337
-345
-335
-345
-365
-387
-402
-397
-407
-423
-447
-455
-462
-470
-490
-509
-516
-522
-523
-534
-541
-547
-538
-539
-539
-537
-524
-511
-498
-475
-459
-437
-411
-369
-335
-292
-256
-213
-159
-102
-40
3
49
104
170
228
280
320
364
424
484
528
547
566
601
648
678
678
667
674
699
723
716
686
681
701
720
725
708
686
699
731
753
741
723
740
771
799
799
790
797
834
864
849
808
800
834
842
802
732
690
692
695
629
516
436
425
408
320
186
78
31
4
-68
-198
-322
-385
-409
-464
-564
-657
-712
-741
-765
-819
-880
-912
-919
-930
-955
-961
-954
-945
-947
-946
-921
-886
-862
-842
-829
-798
-744
-712
-698
-678
-627
-573
-538
-510
-484
-442
-386
-337
-307
-274
-231
-183
-147
-111
-74
-37
-7
21
56
83
111
124
131
142
169
183
172
152
147
156
152
125
84
74
80
76
41
-10
-27
-17
-19
-55
-94
-105
-92
-88
-113
-140
-131
-100
-84
-100
-121
-99
-49
-16
-14
-19
2
62
122
142
147
180
247
311
349
360
388
449
521
561
568
587
641
694
732
739
732
765
806
830
822
805
809
829
830
798
767
759
759
735
674
619
599
596
560
476
403
364
353
301
204
120
80
64
13
-87
-182
-217
-222
-259
-344
-428
-467
-466
-481
-540
-605
-630
-609
-603
-637
-685
-693
-668
-641
-641
-665
-670
-641
-607
-595
-589
-583
-555
-528
-505
-480
-459
-430
-406
-383
-354
-320
-292
-267
-253
-229
-195
-177
-163
-143
-115
-95
-85
-79
-74
-50
-23
-16
-28
-29
-4
19
19
3
-2
20
53
47
18
6
40
78
75
33
10
34
68
71
32
2
13
44
44
11
-14
-5
16
20
0
-21
-15
9
20
4
-8
1
27
42
46
50
59
74
96
105
117
127
133
143
153
175
187
190
200
213
230
241
242
249
257
270
280
275
275
283
291
285
290
291
283
281
270
265
258
253
245
228
207
200
199
196
176
155
145
147
154
149
126
103
110
121
117
101
87
79
83
84
68
52
43
45
26
-4
-24
-36
-46
-68
-102
-137
-158
-154
-164
-203
-248
-269
-266
-267
-279
-313
-344
-348
-331
-331
-351
-363
-370
-368
-361
-363
-375
-373
-366
-360
-368
-375
-365
-347
-333
-328
-330
-326
-298
-262
-237
-236
-220
-178
-129
-89
-65
-40
-7
56
115
146
163
193
251
308
349
368
378
404
456
498
504
501
508
525
539
547
536
520
514
512
500
476
456
441
425
398
366
335
314
298
277
241
202
177
160
139
112
81
46
21
0
-25
-52
-83
-116
-144
-174
-194
-217
-251
-283
-311
-329
-344
-361
-386
-412
-417
-417
-415
-421
-425
-422
-414
-382
-356
-348
-344
-318
-282
-249
-221
-199
-181
-158
-118
-83
-67
-45
-25
-4
10
25
49
60
74
75
78
86
110
129
118
104
103
117
128
124
102
78
71
80
79
45
10
-12
-25
-35
-59
-95
-135
-150
-161
-179
-205
-237
-252
-264
-267
-269
-283
-289
-288
-278
-273
-266
-251
-242
-225
-201
-179
-164
-149
-125
-98
-77
-55
-35
-22
6
37
59
74
96
123
149
167
193
217
236
263
284
307
333
359
376
397
418
442
459
465
479
487
496
507
505
492
484
485
489
475
450
429
404
389
372
345
302
264
238
212
175
136
103
63
29
-5
-48
-86
-120
-154
-193
-230
-256
-288
-326
-356
-375
-394
-416
-442
-467
-477
-475
-470
-482
-501
-500
-479
-458
-446
-440
-432
-402
-359
-327
-314
-293
-254
-212
-172
-145
-120
-92
-47
-3
20
40
69
101
129
155
178
196
215
239
252
262
274
284
287
292
292
292
290
281
274
264
249
237
224
207
182
155
136
116
96
78
45
14
1
-8
-26
-50
-75
-86
-92
-97
-111
-136
-143
-136
-138
-146
-154
-151
-149
-137
-129
-131
-119
-107
-92
-77
-63
-42
-22
-2
20
51
75
100
126
147
174
199
221
238
254
275
287
296
302
305
311
310
309
303
296
288
281
265
250
239
227
211
183
166
154
146
131
105
80
69
65
45
13
-10
-21
-33
-49
-78
-109
-117
-121
-138
-166
-191
-201
-203
-215
-234
-251
-265
-273
-282
-296
-310
-322
-329
-342
-356
-359
-368
-380
-390
-397
-397
-404
-416
-426
-425
-419
-414
-419
-424
-409
-392
-379
-374
-361
-342
-317
-296
-289
-272
-244
-209
-187
-173
-158
-119
-81
-60
-43
-25
15
52
71
84
103
139
177
193
201
221
250
282
293
294
300
322
339
335
322
320
322
320
307
283
272
259
245
228
199
178
165
144
119
97
77
62
43
24
13
0
-14
-24
-31
-38
-41
-49
-61
-62
-56
-57
-64
-72
-65
-56
-53
-50
-51
-43
-22
-12
-9
-4
13
39
53
57
70
86
109
124
128
135
151
165
176
175
175
184
188
190
182
173
170
169
159
144
131
130
119
102
89
82
67
59
37
20
17
5
-5
-25
-37
-37
-47
-58
-77
-87
-90
-99
-110
-123
-136
-131
-136
-149
-159
-159
-158
-170
-180
-187
-184
-185
-192
-206
-211
-204
-199
-204
-213
-214
-209
-201
-206
-208
-208
-205
-190
-185
-187
-178
-162
-150
-137
-133
-115
-101
-90
-73
-59
-43
-21
-4
7
25
52
80
95
111
129
156
175
190
205
215
241
258
265
272
289
304
313
316
316
324
325
327
319
305
305
300
283
269
252
242
228
200
181
156
134
114
87
59
35
16
0
-23
-46
-60
-78
-86
-95
-105
-111
-117
-117
-119
-117
-107
-104
-101
-93
-81
-71
-68
-56
-41
-34
-20
-9
-7
4
12
24
34
35
47
57
64
70
78
83
93
99
97
106
109
116
108
101
103
98
94
83
68
57
48
31
18
-3
-20
-34
-52
-69
-89
-106
-120
-134
-151
-164
-176
-188
-200
-206
-211
-217
-223
-232
-237
-236
-236
-237
-240
-240
-240
-231
-225
-227
-222
-215
-205
-204
-200
-196
-189
-184
-182
-176
-173
-163
-156
-157
-153
-145
-136
-134
-136
-130
-119
-116
-107
-98
-91
-76
-61
-52
-38
-26
-9
6
19
39
53
63
83
103
115
128
141
154
160
175
190
194
202
207
211
219
227
232
235
237
244
247
246
246
249
246
243
240
231
225
215
205
187
174
164
145
124
104
90
72
45
24
6
-12
-26
-43
-59
-72
-84
-89
-97
-110
-109
-115
-121
-122
-121
-118
-119
-116
-113
-115
-106
-100
-101
-95
-86
-76
-64
-57
-47
-34
-22
-4
9
13
29
50
61
72
77
95
105
111
119
120
125
128
128
124
125
126
121
106
98
95
89
76
62
51
41
31
20
6
-10
-21
-34
-48
-64
-79
-94
-105
-116
-132
-149
-159
-165
-183
-194
-199
-211
-216
-220
-220
-221
-220
-216
-215
-209
-195
-184
-176
-169
-159
-142
-129
-118
-99
-89
-80
-60
-47
-36
-20
-5
11
20
37
51
62
77
92
107
114
128
135
141
154
164
170
174
176
180
183
184
184
181
177
178
173
170
164
159
157
155
147
143
142
136
131
125
122
124
118
114
107
101
99
88
81
74
67
54
43
37
22
11
4
-10
-24
-34
-45
-57
-67
-72
-85
-96
-104
-108
-118
-125
-126
-134
-141
-146
-150
-151
-160
-160
-160
-166
-161
-161
-164
-163
-155
-149
-146
-140
-127
-117
-109
-91
-77
-65
-51
-36
-20
-2
12
30
39
57
75
87
99
110
117
121
128
129
135
131
133
130
129
128
117
115
109
103
93
81
74
65
50
40
32
20
5
-8
-23
-34
-50
-62
-75
-88
-99
-105
-119
-130
-137
-143
-150
-158
-155
-154
-155
-153
-146
-140
-135
-124
-115
-105
-97
-83
-69
-60
-43
-26
-11
4
20
34
48
65
82
90
103
118
128
137
148
156
167
177
181
186
191
194
196
192
192
187
183
177
166
158
149
140
127
115
100
93
77
60
51
37
24
10
0
-12
-24
-34
-42
-59
-68
-77
-84
-94
-109
-112
-121
-130
-141
-146
-154
-162
-166
-170
-179
-182
-181
-182
-183
-183
-179
-176
-175
-169
-168
-157
-148
-147
-140
-129
-120
-111
-101
-94
-85
-75
-64
-57
-46
-33
-23
-10
-3
10
29
38
54
71
84
101
117
129
140
151
165
175
180
188
196
197
200
203
203
205
199
195
183
174
163
153
139
124
112
100
84
70
57
39
28
12
-1
-19
-33
-48
-62
-74
-90
-100
-110
-119
-129
-136
-139
-146
-150
-153
-148
-147
-146
-137
-134
-122
-110
-100
-85
-72
-55
-40
-27
-9
9
24
42
59
71
83
99
112
121
129
142
151
158
160
160
164
165
165
160
161
155
148
142
135
123
111
98
83
66
52
39
24
11
-6
-19
-39
-54
-70
-84
-98
-112
-124
-136
-143
-149
-158
-163
-170
-173
-175
-181
-181
-180
-179
-179
-175
-168
-165
-161
-154
-149
-144
-135
-128
-123
-114
-108
-98
-90
-84
-76
-69
-59
-51
-42
-36
-27
-21
-13
-4
0
9
17
20
24
31
41
47
52
57
63
68
71
78
78
83
88
91
93
95
104
109
111
114
118
124
127
124
127
129
134
137
137
139
140
143
145
135
133
132
123
121
112
104
97
95
86
72
66
55
49
34
19
12
2
-8
-22
-33
-40
-49
-57
-66
-78
-89
-95
-103
-109
-115
-120
-119
-121
-125
-126
-125
-126
-123
-121
-119
-108
-102
-99
-88
-78
-64
-52
-48
-38
-26
-17
-7
-1
11
21
29
37
44
47
55
62
63
61
64
67
70
67
65
68
64
61
53
51
42
39
33
20
11
1
-5
-19
-33
-45
-56
-65
-81
-90
-101
-107
-113
-121
-127
-135
-138
-142
-148
-147
-146
-148
-143
-139
-135
-128
-123
-114
-114
-108
-99
-93
-81
-75
-63
-51
-40
-31
-18
0
13
26
38
52
66
78
92
104
117
136
153
167
178
192
203
211
218
218
224
227
230
233
236
234
240
241
234
228
226
220
214
203
195
186
175
168
153
142
126
112
100
79
64
48
26
7
-13
-34
-48
-68
-85
-101
-118
-132
-149
-166
-184
-200
-209
-223
-234
-240
-247
-256
-262
-262
-266
-266
-263
-265
-264
-257
-252
-248
-239
-233
-223
-208
-194
-182
-168
-148
-133
-119
-103
-89
-72
-53
-37
-22
-4
14
28
42
55
73
83
94
103
110
118
122
134
137
136
144
146
145
143
140
139
135
127
123
111
104
94
86
73
63
54
42
31
20
12
2
-3
-14
-21
-29
-33
-39
-41
-40
-45
-41
-42
-41
-36
-33
-31
-27
-17
-13
-6
7
16
23
37
47
55
71
80
93
104
116
130
139
153
164
172
179
188
195
199
201
205
206
202
205
196
191
186
179
171
157
148
133
119
105
90
78
59
43
29
11
-8
-19
-42
-55
-73
-87
-103
-120
-131
-145
-155
-166
-177
-189
-196
-204
-208
-215
-215
-216
-215
-214
-215
-213
-212
-205
-205
-203
-195
-189
-182
-175
-166
-162
-154
-145
-135
-128
-119
-108
-101
-91
-81
-73
-63
-54
-50
-37
-30
-25
-13
-8
-3
1
7
11
11
20
20
21
26
28
31
31
36
39
38
43
48
51
56
59
64
67
73
74
80
85
86
89
90
92
95
96
96
96
98
93
91
89
84
85
80
76
73
67
68
63
58
55
51
47
40
43
35
30
29
23
18
12
9
3
0
-7
-12
-18
-18
-21
-24
-25
-30
-28
-32
-33
-24
-26
-23
-14
-11
-7
1
11
16
23
33
37
45
51
54
63
70
74
77
84
87
88
91
92
92
90
89
85
82
79
72
65
61
56
47
41
28
19
11
-4
-12
-21
-34
-44
-55
-66
-75
-85
-97
-103
-112
-124
-130
-141
-147
-150
-156
-157
-160
-164
-162
-162
-160
-159
-153
-153
-146
-136
-132
-125
-114
-104
-95
-83
-71
-60
-47
-33
-19
-7
7
22
33
45
57
68
76
87
92
100
106
112
115
121
122
124
125
125
123
119
120
115
113
110
106
103
95
96
92
86
83
75
72
67
58
55
46
38
36
26
23
13
4
-3
-10
-16
-23
-30
-35
-40
-45
-48
-54
-56
-58
-58
-59
-61
-60
-60
-56
-55
-56
-53
-50
-47
-49
-46
-45
-44
-38
-37
-36
-32
-31
-25
-23
-20
-14
-7
-4
-2
8
11
21
29
37
44
51
59
62
67
71
77
79
79
81
84
82
79
74
71
67
61
56
51
44
37
31
25
13
2
-2
-9
-20
-27
-35
-46
-53
-66
-77
-82
-92
-100
-110
-118
-127
-132
-138
-148
-152
-155
-158
-162
-162
-157
-157
-154
-148
-145
-139
-130
-117
-112
-102
-88
-78
-63
-55
-38
-28
-13
-1
11
25
35
53
59
72
81
91
104
114
125
132
139
144
151
153
161
159
160
162
156
153
152
149
142
135
130
119
115
103
96
92
82
78
68
59
55
49
43
35
26
22
13
4
-1
-10
-13
-25
-31
-36
-48
-49
-56
-60
-61
-67
-69
-71
-72
-71
-73
-66
-67
-65
-61
-55
-50
-48
-44
-39
-35
-36
-30
-28
-26
-24
-21
-24
-21
-20
-22
-20
-21
-19
-19
-19
-12
-14
-10
-5
-4
2
6
10
11
17
19
20
26
27
23
27
23
24
23
22
19
15
12
9
6
6
3
-4
-4
-10
-7
-5
-4
-3
-4
-1
-3
-2
-1
-3
-4
-7
-6
-9
-14
-16
-19
-23
-25
-31
-32
-35
-43
-42
-43
-43
-48
-49
-49
-49
-47
-44
-44
-41
-37
-37
-32
-29
-27
-24
-19
-15
-11
-8
-8
-4
-3
5
9
11
14
17
23
25
28
37
37
40
45
44
47
49
51
52
54
53
54
53
49
53
50
47
44
40
39
37
34
31
27
24
21
19
11
8
1
0
-6
-12
-14
-22
-24
-28
-31
-36
-40
-43
-46
-47
-48
-47
-47
-48
-47
-47
-46
-45
-42
-37
-38
-31
-22
-21
-17
-14
-9
-3
-1
1
5
5
11
11
13
16
16
22
25
28
28
34
33
37
38
41
43
44
48
44
44
41
41
39
37
35
30
26
23
17
12
7
1
-7
-14
-19
-21
-28
-35
-38
-44
-46
-49
-48
-48
-51
-51
-53
-54
-52
-48
-51
-48
-46
-41
-38
-38
-36
-35
-33
-28
-25
-25
-20
-15
-13
-10
-3
1
6
11
13
21
26
31
32
40
45
48
51
57
60
62
64
66
66
64
65
64
61
58
58
54
51
50
44
44
38
34
31
25
20
16
12
6
4
-1
-6
-7
-10
-12
-20
-24
-25
-32
-34
-35
-39
-43
-47
-51
-55
-57
-61
-68
-68
-70
-74
-76
-78
-81
-84
-80
-84
-83
-81
-82
-81
-78
-80
-76
-73
-74
-68
-70
-66
-60
-60
-52
-46
-43
-37
-33
-28
-23
-16
-12
-7
-2
4
13
18
25
30
35
40
44
51
52
57
60
63
67
67
71
71
73
75
75
77
77
78
78
76
75
75
75
75
72
69
66
64
61
57
50
50
49
39
37
31
25
22
13
9
7
4
3
-1
-3
-7
-8
-9
-12
-11
-15
-14
-15
-15
-17
-17
-20
-20
-21
-23
-23
-25
-26
-26
-26
-26
-27
-25
-26
-22
-20
-18
-19
-19
-16
-15
-15
-9
-7
-5
-5
-1
0
0
4
3
3
1
1
0
0
-4
-4
-1
-5
-2
-3
-4
-5
-7
-5
-7
-10
-8
-7
-11
-11
-13
-17
-19
-19
-24
-26
-27
-30
-30
-38
-39
-41
-43
-45
-44
-49
-50
-49
-54
-49
-51
-50
-51
-49
-50
-53
-51
-48
-47
-44
-44
-44
-43
-41
-37
-35
-29
-25
-19
-11
-8
-4
-2
5
11
19
27
34
44
50
60
69
76
79
89
95
99
106
110
114
117
117
122
124
125
124
125
128
125
123
122
121
113
108
105
100
90
85
78
71
65
54
46
38
27
16
8
-2
-13
-19
-29
-37
-46
-55
-60
-65
-72
-78
-80
-85
-90
-92
-96
-97
-96
-98
-98
-95
-95
-94
-88
-87
-84
-79
-74
-65
-61
-56
-46
-44
-36
-35
-29
-20
-15
-10
-5
0
4
5
7
8
6
8
7
4
8
7
7
2
-1
2
-2
-5
-1
-6
-10
-6
-10
-12
-11
-15
-17
-21
-17
-15
-18
-19
-15
-20
-22
-23
-25
-27
-28
-27
-27
-23
-25
-26
-23
-19
-19
-16
-13
-8
-7
-3
0
1
3
9
11
11
21
23
27
26
26
28
27
29
29
32
33
35
35
36
40
43
44
45
47
50
50
51
52
50
55
55
58
58
57
59
62
61
65
64
64
66
67
62
61
65
63
61
61
56
54
50
45
42
41
36
32
29
20
15
6
1
-6
-13
-16
-21
-26
-31
-34
-39
-45
-48
-50
-50
-52
-55
-57
-58
-62
-63
-62
-63
-64
-64
-60
-62
-62
-63
-61
-57
-57
-49
-48
-44
-38
-31
-30
-25
-20
-15
-9
-4
2
8
13
13
17
24
26
29
31
32
34
32
34
32
31
30
29
32
23
26
23
17
18
15
12
9
4
3
0
-5
-7
-14
-13
-17
-19
-20
-23
-24
-29
-34
-35
-35
-42
-42
-38
-40
-41
-40
-41
-38
-37
-37
-34
-31
-31
-29
-29
-26
-26
-24
-21
-21
-15
-13
-11
-7
-5
-1
2
4
5
12
12
14
19
20
21
20
24
28
26
30
31
29
29
29
27
25
28
26
18
21
22
20
17
17
15
11
16
13
10
11
11
9
6
8
7
6
6
4
3
1
0
-3
-4
-4
-7
-13
-14
-13
-15
-14
-11
-16
-16
-12
-19
-16
-17
-18
-17
-16
-15
-14
-14
-16
-16
-13
-11
-14
-12
-9
-10
-9
-12
-12
-9
-10
-9
-9
-7
-5
-6
-4
-4
-2
-1
-1
5
2
6
8
6
9
11
13
16
15
18
20
21
22
23
23
23
25
27
27
26
26
24
25
24
18
21
18
17
18
13
13
13
11
10
9
6
4
0
-1
-6
-5
-6
-10
-8
-7
-10
-12
-10
-12
-14
-15
-16
-16
-14
-15
-13
-15
-16
-13
-15
-14
-14
-10
-14
-15
-11
-9
-11
-8
-6
-5
-2
0
-1
-1
3
5
7
5
7
9
10
11
12
14
12
11
14
14
14
13
10
13
14
12
13
12
11
12
9
11
15
14
14
15
14
15
15
9
9
10
9
7
8
8
7
8
8
5
4
0
-1
-4
-3
-3
-6
-5
-5
-8
-8
-10
-12
-11
-10
-12
-10
-11
-12
-15
-17
-17
-17
-14
-16
-16
-13
-10
-9
-9
-6
-9
-4
-2
-1
3
2
9
11
15
18
19
25
22
27
29
30
30
34
38
38
41
40
43
40
43
44
36
39
39
34
34
33
28
27
25
21
17
11
9
3
0
-2
-11
-16
-22
-26
-32
-34
-40
-44
-47
-53
-58
-60
-65
-66
-66
-66
-71
-71
-70
-73
-72
-71
-69
-70
-64
-62
-59
-58
-52
-48
-46
-44
-40
-36
-30
-25
-21
-13
-12
-5
-2
1
5
6
10
14
18
22
27
30
29
33
36
36
38
39
39
43
42
40
39
40
38
38
38
34
28
28
24
21
19
12
9
8
3
2
-1
-5
-10
-11
-14
-18
-20
-18
-21
-23
-22
-22
-22
-23
-22
-22
-21
-19
-21
-18
-17
-17
-12
-8
-6
1
0
7
6
9
17
15
20
25
29
29
35
37
39
45
46
51
54
54
53
57
59
60
60
62
63
63
63
60
61
59
58
54
54
49
46
42
38
35
28
28
18
16
10
4
4
-3
-10
-11
-16
-20
-26
-31
-36
-40
-43
-45
-49
-53
-56
-57
-59
-61
-59
-65
-65
-63
-68
-68
-68
-68
-68
-68
-67
-68
-69
-64
-64
-59
-57
-55
-50
-48
-41
-39
-37
-34
-32
-28
-24
-21
-15
-14
-7
-7
1
1
1
9
7
11
15
17
17
18
19
24
22
27
30
27
30
34
35
34
38
33
33
36
35
32
32
35
29
28
27
24
23
19
18
18
19
15
13
15
9
12
6
7
4
2
3
2
6
3
6
2
3
1
2
0
-1
3
5
5
6
5
7
7
10
12
10
13
12
13
12
14
12
14
13
13
13
13
14
13
15
18
16
14
17
16
16
14
12
12
6
5
5
3
2
2
-1
-6
-6
-8
-9
-14
-14
-14
-17
-17
-19
-21
-22
-21
-23
-24
-28
-28
-29
-31
-34
-32
-37
-36
-38
-40
-42
-46
-45
-46
-45
-43
-44
-48
-47
-49
-50
-47
-46
-49
-48
-46
-46
-41
-41
-38
-38
-38
-34
-33
-32
-29
-24
-22
-19
-17
-15
-9
-8
-5
0
0
5
8
12
14
17
21
23
26
30
30
34
38
38
44
46
43
45
46
47
45
48
51
46
48
49
47
49
43
47
45
37
39
37
37
37
31
32
31
27
30
27
23
20
20
18
16
15
13
13
11
14
13
11
12
9
7
8
6
6
6
6
5
4
5
4
3
3
4
6
3
5
7
6
6
7
8
6
6
6
6
5
6
4
5
3
5
4
3
2
3
2
0
-1
-3
-2
-6
-5
-6
-8
-11
-12
-9
-10
-11
-14
-13
-13
-15
-15
-16
-15
-18
-20
-18
-23
-21
-18
-20
-22
-24
-23
-24
-29
-29
-26
-30
-31
-27
-28
-27
-28
-23
-21
-25
-24
-23
-20
-19
-22
-19
-19
-17
-16
-12
-14
-12
-9
-11
-5
-6
-5
-3
-4
-1
3
3
3
2
8
11
9
11
14
15
11
16
17
16
19
22
25
24
27
29
30
31
30
35
34
36
38
36
36
38
36
34
34
34
34
33
32
31
30
27
30
25
23
25
22
24
24
24
24
21
17
18
18
14
10
10
9
5
8
3
2
0
-1
-2
-4
-5
-9
-11
-14
-11
-15
-15
-13
-15
-15
-13
-14
-15
-17
-18
-14
-18
-15
-15
-16
-13
-17
-17
-19
-17
-16
-16
-16
-13
-17
-17
-17
-17
-17
-20
-15
-15
-17
-14
-17
-17
-14
-16
-15
-16
-16
-14
-15
-19
-12
-11
-14
-17
-14
-11
-16
-17
-16
-13
-16
-14
-12
-10
-14
-13
-12
-10
-12
-12
-10
-11
-11
-9
-6
-7
-4
-2
-1
-2
-2
-1
1
2
1
6
5
6
6
6
8
11
11
7
8
8
11
8
8
13
15
14
14
21
17
17
20
18
17
18
18
17
19
19
19
18
19
23
19
18
18
17
17
16
18
19
17
16
15
17
13
10
11
10
8
9
5
2
3
0
-2
-2
-3
-5
-5
-4
-7
-8
-11
-13
-13
-15
-15
-18
-17
-17
-17
-20
-22
-22
-23
-23
-25
-26
-24
-27
-23
-19
-22
-18
-19
-19
-18
-13
-17
-11
-8
-11
-6
-5
-3
-4
1
-1
0
3
3
0
6
4
3
6
5
10
10
12
10
12
13
13
12
13
13
13
12
10
12
10
10
10
8
7
6
3
5
4
1
2
-1
-2
-3
-3
-3
-5
-4
-3
-1
-3
-1
-3
1
1
1
3
3
4
4
5
5
3
3
7
4
8
8
7
11
7
10
11
10
10
8
8
8
11
9
12
9
8
6
5
8
