-5
-5
-3
-2
-2
-2
-3
-6
-7
-6
-1
-2
-2
-1
1
-1
-3
0
0
-2
-4
-1
-1
2
0
-1
-1
-1
-3
-4
1
-3
-2
-1
0
0
1
0
2
0
-1
-1
1
3
1
6
3
-3
2
3
1
-1
0
3
-2
0
-2
-1
-1
-3
-2
-2
-1
-5
-3
-4
-3
1
-1
-2
-1
-2
-4
-3
-1
-6
-5
-2
-5
-3
-7
-8
-4
-4
-3
-5
-3
-5
-3
-2
-5
-5
-3
-1
-3
-2
-6
-4
-3
-4
-3
-4
-4
-1
-1
-6
-4
-4
-1
-1
-2
-2
-5
-2
-2
-4
-3
-1
-3
-3
-3
-4
-2
-6
-3
-4
-4
-4
-1
-2
-3
-2
-1
-1
-3
-1
2
0
-1
0
0
0
-2
-2
1
1
2
4
0
3
0
2
4
-1
-1
0
3
1
1
2
0
-1
2
2
0
5
2
8
3
3
4
2
4
2
1
2
-1
2
-2
-2
2
1
3
3
2
2
5
3
4
4
1
3
2
4
7
3
4
5
4
6
7
6
5
4
3
4
4
4
4
5
4
6
6
7
8
6
7
7
7
5
6
3
3
8
8
7
5
5
9
6
5
10
9
10
8
7
10
8
9
7
3
6
5
4
7
3
4
3
4
3
2
2
3
1
1
1
3
0
1
3
2
5
1
3
2
1
1
3
2
1
0
0
3
1
1
-1
2
3
0
2
0
1
-4
-4
-2
-1
4
-5
0
-4
-4
1
-3
-4
-1
-2
-2
-1
-3
-2
-6
-3
-2
-4
-4
-3
-2
-3
-5
-5
-2
-3
-1
-4
-5
-2
-4
-4
-2
-1
-2
-3
1
0
-1
-3
-3
-4
-1
1
-2
-5
-5
-3
-7
-6
-5
-5
-6
-7
-5
-3
-2
-3
-1
0
-2
3
0
-1
-1
1
-2
-3
-2
-1
-3
-3
0
0
-2
-4
-4
-3
-3
-1
-4
-2
-1
-4
-1
-3
-4
-3
-2
-3
-3
-7
-1
-2
-7
-7
-4
-3
-3
-2
-3
-3
-2
-5
-6
-4
-1
-2
-7
-5
-5
-2
-2
-6
-5
-7
-9
-4
-3
-7
-5
-3
-3
-5
-4
-4
-8
-4
-4
-6
-6
-4
-3
-6
-1
-2
-2
-3
-2
-2
-2
-4
-4
0
-2
2
-3
1
1
-1
4
-2
0
0
0
-3
-4
-2
-4
-1
-2
-2
0
1
1
3
1
-1
-1
1
1
-1
-1
0
-1
-1
0
2
3
0
-1
-1
0
0
0
3
0
2
2
2
-1
0
2
0
2
3
3
4
5
6
6
2
1
5
5
3
5
4
7
6
7
5
4
5
6
7
8
9
9
10
8
5
5
8
7
6
5
7
7
9
10
9
6
10
11
8
8
10
7
6
11
8
8
4
7
8
4
4
5
7
5
7
5
6
7
6
8
8
7
5
5
4
8
4
5
6
6
6
6
7
6
4
5
6
7
6
3
2
4
5
2
3
4
5
5
5
5
4
6
4
1
3
4
5
8
4
3
2
3
5
3
2
3
2
4
3
2
3
1
0
0
1
2
0
1
1
2
1
0
1
0
0
1
-1
0
0
-2
0
-2
-2
-3
-3
-2
-4
-4
-5
-5
-3
-1
-6
-7
-7
0
-1
-5
-4
-9
-7
-3
-3
-6
-5
-4
-4
-5
-5
-5
-6
-2
-5
-5
-9
-6
-6
-10
-6
-7
-7
-9
-7
-5
-6
-7
-9
-7
-5
-6
-5
-1
1
-1
-2
-3
-2
-1
-5
-5
-2
-3
-2
-1
2
-3
0
-2
-5
-1
-4
-2
0
-1
-5
-1
-5
-2
0
-2
-1
-2
-2
-4
-5
-1
0
-2
-1
-3
-4
-4
-6
-5
-7
-6
-5
-5
-8
-8
-5
-8
-6
-4
-2
-1
-3
-2
-5
-1
0
-4
-2
-1
0
-1
-3
0
-2
-2
0
-2
-2
1
1
2
-1
0
-1
-1
0
-1
1
0
1
1
0
1
1
3
-1
-3
2
2
1
0
-1
0
0
-3
-3
-2
-1
-1
2
-3
-2
0
0
-2
-8
-1
-1
-3
-1
-1
2
2
1
0
-2
0
3
-2
-4
-1
4
2
1
-2
3
4
-3
-3
-3
-1
0
0
-1
4
5
2
3
1
3
5
2
2
3
5
7
8
6
5
6
8
9
6
5
6
8
5
5
6
6
7
5
4
3
4
7
8
6
6
8
7
5
4
2
6
4
-2
-2
0
2
-2
-1
-4
-1
0
-3
-4
-6
-2
-4
-4
-6
-7
-5
-6
-6
-7
-7
-5
-6
-10
-10
-10
-8
-9
-12
-11
-11
-10
-10
-10
-12
-9
-8
-8
-9
-9
-6
-6
-4
-6
-4
-3
-1
-1
0
-1
1
3
1
5
7
6
8
9
11
14
16
12
16
23
26
24
23
28
35
35
31
31
38
44
41
37
41
47
52
44
34
40
48
42
31
25
35
39
25
12
16
27
20
-3
-20
-7
9
-8
-44
-57
-31
-21
-56
-95
-87
-50
-54
-113
-148
-105
-57
-95
-194
-210
-106
-45
-134
-261
-232
-93
-44
-167
-286
-206
-43
-55
-209
-254
-112
11
-59
-208
-185
12
95
-32
-150
-59
122
168
51
-27
76
220
228
140
125
219
299
288
242
236
296
353
351
305
288
325
362
356
316
280
293
320
305
242
210
233
234
187
117
97
127
123
49
-25
-32
-11
-30
-89
-138
-143
-137
-168
-215
-229
-205
-209
-256
-291
-277
-240
-233
-265
-293
-277
-239
-220
-235
-229
-202
-187
-187
-183
-146
-98
-93
-122
-117
-71
-21
-27
-56
-49
-6
15
-20
-43
-7
38
11
-60
-78
-23
7
-47
-115
-113
-68
-93
-187
-218
-139
-97
-195
-331
-326
-191
-130
-240
-378
-358
-227
-175
-255
-312
-248
-148
-140
-222
-208
-43
91
47
-84
-52
186
372
301
145
216
496
611
432
322
590
936
830
377
284
848
1338
1022
290
189
887
1373
961
257
246
831
1019
505
82
369
797
549
-115
-267
277
626
159
-535
-564
-29
185
-243
-693
-615
-295
-328
-685
-812
-535
-341
-596
-961
-910
-512
-321
-571
-878
-821
-508
-350
-471
-578
-475
-324
-333
-408
-316
-84
12
-132
-270
-145
140
260
140
6
56
214
289
252
238
283
286
188
137
244
364
307
98
-20
75
208
157
-35
-133
-65
-40
-155
-269
-244
-167
-237
-435
-523
-379
-243
-343
-546
-586
-448
-337
-358
-428
-414
-326
-282
-241
-146
-50
-10
11
85
210
348
430
502
611
661
671
808
1115
1245
997
738
940
1549
1798
1295
707
858
1535
1740
1240
727
810
1194
1120
634
437
735
817
291
-233
-171
265
300
-296
-870
-829
-453
-468
-869
-1150
-1133
-1084
-1239
-1412
-1376
-1177
-1199
-1564
-1788
-1568
-1169
-1072
-1326
-1556
-1468
-1132
-926
-913
-904
-834
-758
-705
-551
-287
-33
6
-172
-213
81
487
643
515
377
423
622
799
858
825
765
717
644
667
819
866
646
323
185
241
385
386
72
-325
-519
-453
-356
-411
-641
-947
-1100
-1091
-1021
-969
-983
-1088
-1252
-1296
-1093
-793
-653
-712
-774
-628
-272
71
241
316
385
557
916
1302
1474
1556
1866
2118
1883
1513
1931
3143
3572
2389
1088
1525
3102
3609
2477
1189
1196
2013
2100
1300
839
1190
1188
185
-676
-327
529
322
-941
-1830
-1650
-1043
-945
-1446
-2078
-2320
-2178
-2175
-2265
-2125
-1890
-2098
-2677
-2813
-2223
-1509
-1425
-1904
-2241
-2021
-1401
-894
-789
-931
-955
-779
-585
-293
158
489
360
-29
28
637
1180
1222
938
700
705
1013
1335
1365
1187
977
844
760
722
868
1037
651
-203
-406
178
450
-4
-766
-1296
-1090
-476
-715
-1597
-1658
-1214
-1397
-1828
-1721
-1357
-1187
-1354
-1828
-1737
-819
-327
-694
-886
-470
17
395
595
591
921
1505
1707
1711
2045
2541
2841
2837
2362
2208
3384
4556
3757
2010
1881
3333
4197
3434
2059
1655
2350
2643
1793
1006
1283
1644
842
-414
-637
176
497
-516
-1785
-1969
-1344
-1166
-1666
-2157
-2366
-2430
-2477
-2559
-2574
-2327
-2130
-2505
-3016
-2781
-1977
-1583
-1860
-2217
-2116
-1623
-1138
-932
-954
-914
-742
-566
-378
-49
389
543
278
79
440
1076
1307
1084
878
887
975
1125
1333
1371
1120
849
704
661
831
905
336
-296
-30
384
-89
-833
-988
-786
-698
-943
-1576
-1804
-1264
-1088
-1695
-2030
-1641
-1292
-1320
-1509
-1548
-1156
-689
-619
-680
-351
176
454
516
677
1106
1589
1891
2058
2213
2535
3036
3106
2537
2441
3577
4600
3948
2382
1962
3284
4435
3661
1940
1471
2342
2677
1842
928
859
1171
732
-472
-1064
-348
181
-839
-2290
-2500
-1824
-1565
-1998
-2644
-3031
-2913
-2691
-2844
-3020
-2781
-2531
-2842
-3259
-3049
-2305
-1784
-2021
-2501
-2425
-1740
-1152
-1034
-1062
-1009
-808
-490
-228
-5
354
668
543
281
572
1206
1508
1379
1131
1052
1195
1474
1636
1488
1181
987
939
952
989
800
250
-52
233
262
-437
-1020
-862
-503
-690
-1485
-2095
-1708
-1010
-1267
-2117
-2295
-1755
-1347
-1402
-1669
-1580
-1017
-667
-811
-702
12
553
573
565
901
1533
2110
2275
2162
2385
3116
3593
3186
2514
2912
4386
4958
3564
2013
2446
4131
4586
3156
1646
1750
2681
2533
1334
690
1034
1150
202
-1021
-1096
-181
-130
-1553
-2743
-2515
-1825
-1834
-2483
-3128
-3269
-3025
-2969
-3210
-3239
-2904
-2793
-3222
-3543
-3073
-2227
-1942
-2362
-2746
-2441
-1712
-1209
-1144
-1180
-1046
-813
-487
-200
58
397
582
452
357
767
1345
1497
1265
1033
1119
1407
1614
1561
1387
1230
984
933
1018
727
242
312
592
61
-762
-1061
-856
-399
-484
-1646
-2605
-1869
-890
-1331
-2204
-2449
-2134
-1651
-1490
-1761
-1659
-1061
-1027
-1258
-750
83
459
452
465
709
1489
2313
2351
2123
2478
3273
3810
3839
3329
2785
3547
5204
5251
3329
2205
3251
4631
4494
3046
1812
2080
2929
2466
1138
797
1326
1036
-258
-1187
-895
-73
-342
-1903
-2997
-2527
-1711
-1971
-2824
-3284
-3311
-3212
-3162
-3293
-3359
-3072
-2939
-3416
-3661
-2998
-2256
-2217
-2646
-2817
-2384
-1641
-1198
-1278
-1294
-1024
-722
-413
-64
281
533
714
649
587
1094
1745
1828
1451
1333
1563
1743
1928
1988
1755
1483
1438
1235
546
454
1289
1468
157
-1266
-1290
-323
416
-285
-2220
-3022
-1853
-838
-1459
-2484
-2729
-2505
-2151
-2057
-2073
-1662
-1365
-1727
-1916
-1088
-3
395
215
-68
285
1407
2365
2508
2183
2295
2968
3756
4320
4084
3251
3013
4338
5694
4902
3146
2692
3841
4756
4119
2639
1918
2598
2843
1757
765
897
1310
621
-745
-1487
-977
-289
-994
-2482
-3076
-2512
-2157
-2657
-3219
-3432
-3421
-3377
-3469
-3644
-3506
-3027
-3038
-3580
-3613
-2915
-2304
-2319
-2602
-2595
-2107
-1489
-1247
-1232
-1024
-725
-510
-228
76
371
733
932
814
839
1347
1821
1859
1657
1576
1716
1870
1987
2005
1819
1570
1293
757
303
894
1699
835
-1031
-1722
-810
279
132
-1619
-3208
-2555
-1080
-1158
-2322
-2817
-2546
-2276
-2118
-2131
-1780
-1187
-1341
-1884
-1519
-134
700
510
133
272
1294
2434
2746
2283
2297
3324
4089
4162
3918
3641
3610
4273
5315
5012
3671
3085
3657
4378
4181
3261
2255
2107
2468
2041
1217
886
985
472
-573
-1150
-1073
-670
-995
-2179
-3064
-2843
-2273
-2587
-3203
-3468
-3562
-3611
-3577
-3502
-3539
-3401
-3324
-3585
-3620
-3189
-2649
-2488
-2641
-2740
-2472
-1833
-1403
-1293
-1206
-989
-731
-413
49
357
551
726
826
906
1220
1782
1978
1760
1633
1731
1943
2126
2143
1937
1735
1372
702
687
1460
1498
233
-938
-1007
-376
112
-585
-2136
-2599
-1751
-1506
-2218
-2557
-2433
-2528
-2705
-2644
-2319
-1679
-1435
-1978
-2088
-1131
-79
119
21
199
612
1490
2312
2506
2373
2711
3463
3918
4305
4562
4232
3801
4064
5030
5602
5037
3744
3030
3884
4878
4308
2794
2066
2352
2356
1784
1071
726
681
170
-926
-1689
-1239
-696
-1480
-2877
-3467
-3095
-2716
-2874
-3460
-3970
-3976
-3807
-3862
-3888
-3669
-3512
-3604
-3810
-3817
-3296
-2521
-2349
-2831
-2914
-2253
-1566
-1204
-1043
-953
-807
-446
37
381
726
1068
1172
1050
1126
1693
2277
2354
1971
1703
1914
2272
2282
2031
1840
1456
781
673
1219
1277
440
-682
-1251
-862
-64
-435
-2047
-2778
-2176
-1746
-2097
-2601
-2833
-2776
-2584
-2658
-2616
-1981
-1542
-1857
-2035
-1373
-388
148
143
103
554
1487
2272
2523
2516
2767
3338
3981
4457
4619
4404
4124
4212
4650
5377
5578
4554
3229
3289
4463
4661
3636
2493
2020
2076
1982
1470
785
593
398
-544
-1563
-1719
-1101
-1072
-2194
-3412
-3686
-3052
-2709
-3175
-3819
-4098
-4020
-3949
-3857
-3706
-3588
-3525
-3677
-3878
-3657
-2835
-2210
-2419
-2847
-2664
-1914
-1273
-1000
-949
-873
-650
-277
148
554
983
1176
1086
1008
1301
1987
2431
2283
1793
1698
2071
2199
2197
2030
1448
904
1028
1321
732
210
101
-353
-791
-911
-1049
-1445
-1460
-1736
-2649
-2691
-2080
-2038
-2543
-2792
-2727
-2382
-1712
-1670
-1955
-1558
-939
-640
-319
228
557
889
1460
1848
2248
2805
3150
3286
3738
4486
4835
4525
4064
4078
4693
5650
5757
4322
2917
3370
4834
4822
3419
2272
1998
2203
2056
1368
693
618
376
-716
-1687
-1655
-1008
-1080
-2328
-3629
-3741
-2900
-2611
-3333
-4077
-4226
-4109
-4022
-3921
-3834
-3815
-3773
-3861
-4082
-3780
-2867
-2318
-2672
-3123
-2799
-1941
-1223
-1037
-1136
-974
-603
-209
214
669
1063
1204
1205
1182
1479
2181
2626
2379
1844
1861
2303
2434
2230
2132
1937
1133
538
978
1521
1064
-192
-1255
-1309
-393
-22
-1386
-2843
-2678
-1957
-2011
-2549
-2898
-2879
-2691
-2814
-2989
-2355
-1507
-1609
-2107
-1872
-910
98
490
224
251
1198
2198
2541
2638
2894
3367
3886
4324
4720
5030
4945
4473
4204
4694
5809
6051
4582
2976
3212
4620
4845
3601
2231
1774
2051
1945
1180
503
428
217
-820
-1904
-2029
-1312
-1202
-2415
-3763
-3954
-3192
-2869
-3395
-4048
-4328
-4237
-4140
-4037
-3878
-3711
-3595
-3823
-4064
-3702
-2782
-2166
-2406
-2804
-2651
-1886
-1109
-802
-735
-686
-490
-169
319
913
1247
1357
1249
1165
1521
2199
2644
2374
1879
1790
2102
2250
2032
2026
1884
904
-37
386
1390
1137
-367
-1811
-2048
-840
-21
-1343
-3284
-3432
-2321
-1977
-2618
-3204
-3181
-2788
-2751
-2930
-2460
-1530
-1275
-1812
-1898
-933
383
1036
749
511
1144
2370
3171
3147
3166
3574
4118
4596
5079
5249
4718
4346
4582
5301
5856
5353
3996
3146
3881
4680
4111
2881
2095
2009
1876
1406
776
404
285
-332
-1385
-2065
-1833
-1438
-1952
-3082
-3849
-3711
-3269
-3319
-3869
-4325
-4295
-4242
-4308
-4195
-3920
-3722
-3740
-3919
-3966
-3406
-2579
-2318
-2591
-2622
-2168
-1555
-1015
-710
-528
-354
-146
148
650
1237
1537
1585
1466
1544
2007
2539
2723
2406
2140
2237
2525
2391
1988
2030
1848
1060
613
910
922
274
-378
-1092
-1368
-907
-1023
-2183
-2874
-2484
-2398
-2809
-3045
-3192
-3112
-2838
-2903
-3066
-2515
-1787
-1760
-1877
-1453
-695
-34
419
608
872
1489
2209
2677
2922
3384
3879
4151
4314
4664
5191
5352
4976
4220
4281
5673
6346
4896
2985
3049
4336
4705
3766
2248
1490
1807
2021
1178
100
45
54
-855
-2055
-2415
-1820
-1611
-2497
-3851
-4297
-3652
-3283
-3666
-4276
-4562
-4538
-4377
-4174
-4134
-3960
-3624
-3700
-4062
-3827
-2811
-2062
-2211
-2578
-2449
-1717
-884
-498
-460
-430
-178
256
728
1162
1434
1645
1725
1607
1779
2320
2779
2652
2147
2012
2190
2388
2288
2018
1581
873
572
682
908
630
-352
-1421
-1865
-1174
-724
-1501
-2781
-3335
-2819
-2389
-2512
-3058
-3344
-3142
-3010
-2797
-2374
-1790
-1688
-1918
-1646
-859
209
741
659
580
1196
2323
2919
3181
3238
3504
4161
4772
4917
4667
5180
5604
5045
4160
4364
5860
6181
4560
2622
2786
4447
4775
3349
1519
1193
1850
1849
816
-294
-234
-137
-995
-2344
-2755
-1817
-1514
-2736
-4291
-4449
-3569
-3169
-3577
-4426
-4802
-4515
-4054
-3972
-4136
-3942
-3588
-3547
-3906
-3722
-2654
-1755
-1961
-2649
-2410
-1406
-514
-319
-467
-449
-143
514
917
1046
1243
1631
1742
1384
1560
2235
2688
2440
1842
1686
1867
2112
2023
1718
1133
329
424
932
665
-306
-1017
-1282
-1382
-1014
-1329
-2478
-2880
-2429
-2408
-3008
-3057
-2903
-2879
-2836
-3006
-2813
-2031
-1447
-1762
-1880
-1048
-186
328
504
629
1103
1940
2618
2718
2978
3535
3946
4259
4586
4900
4861
5133
5576
5030
4167
4428
5804
5947
4398
2978
2897
4153
4642
3364
1509
1088
1888
1750
742
-220
-444
-393
-1071
-2244
-2872
-2114
-1661
-2861
-4367
-4571
-3638
-3239
-3730
-4461
-4795
-4452
-4065
-3980
-4041
-3828
-3467
-3499
-3689
-3432
-2505
-1718
-1848
-2355
-2144
-1149
-373
-216
-240
-72
208
613
1046
1296
1526
1771
1796
1620
1784
2326
2624
2458
2010
1797
1889
1835
1727
1727
1331
214
-282
441
710
-134
-1286
-1985
-1878
-1093
-1089
-2623
-3517
-2862
-2351
-2837
-3306
-3210
-2934
-2672
-2865
-2987
-2221
-1325
-1383
-1753
-1221
-233
497
764
722
1023
1940
2811
2906
2920
3430
3959
4324
4636
4897
4851
4898
5315
5231
4494
4145
5051
5881
4954
3199
2491
3529
4530
3773
1896
863
1464
1832
1015
-70
-541
-511
-872
-1830
-2741
-2497
-1676
-2235
-3885
-4625
-3862
-3133
-3411
-4100
-4569
-4453
-4016
-3764
-3771
-3719
-3409
-3241
-3374
-3362
-2746
-1818
-1478
-1971
-2273
-1563
-467
6
-126
-157
-12
339
871
1237
1348
1448
1653
1511
1460
1894
2348
2367
1878
1564
1658
1974
1837
1282
947
549
406
579
342
-583
-1165
-907
-1028
-1413
-1706
-2234
-2551
-2363
-2246
-2808
-3069
-2764
-2666
-2660
-2737
-2578
-2069
-1564
-1499
-1558
-966
-286
52
283
646
1189
1690
2125
2430
2671
3123
3645
3900
4034
4333
4707
4834
4962
4990
4478
4103
4471
5232
5300
4220
2868
2554
3665
4300
3199
1624
1085
1450
1364
702
27
-435
-696
-1275
-2067
-2550
-2254
-1895
-2769
-4084
-4428
-3722
-3272
-3665
-4275
-4679
-4483
-4058
-3850
-3766
-3666
-3503
-3475
-3407
-3083
-2403
-1660
-1646
-2104
-1974
-1068
-214
-23
-142
-127
140
587
1020
1346
1439
1434
1464
1441
1560
1936
2291
2197
1699
1370
1511
1812
1713
1385
1162
502
-276
43
838
381
-1024
-1846
-1886
-1294
-658
-1456
-3119
-3405
-2379
-2090
-2643
-2894
-2917
-2871
-2736
-2641
-2248
-1531
-1305
-1783
-1734
-640
373
653
410
313
985
2175
2880
2615
2449
2983
3641
4052
4233
4287
4409
4872
5096
4567
4119
4366
4662
4827
4874
4106
2767
2477
3594
3977
2883
1591
1063
1170
1094
672
-57
-529
-750
-1371
-2128
-2472
-2099
-1909
-2663
-3819
-4304
-3595
-2899
-3231
-4036
-4340
-4083
-3841
-3525
-3220
-3254
-3324
-3144
-2929
-2726
-2093
-1360
-1377
-1843
-1778
-1003
-179
123
-19
-118
99
506
894
1225
1349
1228
1198
1297
1398
1657
2008
1900
1304
972
1276
1694
1607
992
432
405
376
160
51
-123
-611
-1234
-1509
-1595
-1316
-1100
-1902
-2903
-2897
-2114
-1908
-2362
-2739
-2794
-2371
-2076
-2103
-1928
-1450
-1186
-1326
-1112
-376
378
676
541
649
1332
2195
2522
2404
2512
3076
3613
3757
3833
3986
4355
4743
4695
4249
4004
4266
4296
4428
4719
4084
2743
2246
3226
3738
2901
1600
739
812
989
729
-21
-724
-1072
-1476
-1868
-2298
-2376
-2185
-2607
-3565
-4146
-3630
-2936
-3129
-3795
-4156
-3960
-3593
-3198
-2925
-3005
-3051
-2837
-2627
-2440
-1923
-1257
-1141
-1521
-1566
-919
-69
247
7
-117
130
518
868
1108
1144
1074
1173
1308
1249
1346
1721
1789
1326
901
1065
1466
1546
1066
370
225
377
288
58
-145
-542
-1087
-1213
-1252
-1344
-1285
-1681
-2472
-2625
-1958
-1758
-2288
-2586
-2565
-2277
-1878
-1806
-1901
-1673
-1219
-1057
-867
-331
173
474
506
709
1365
2075
2362
2245
2460
2992
3535
3779
3672
3728
3957
4457
4787
4527
3971
3792
4208
4223
4182
4257
3671
2642
2201
2853
3113
2517
1529
590
440
592
546
-95
-806
-1232
-1713
-1919
-2173
-2291
-2319
-2673
-3347
-3912
-3457
-2834
-2983
-3557
-3827
-3578
-3327
-2963
-2668
-2714
-2760
-2600
-2361
-2154
-1672
-1141
-1102
-1346
-1366
-911
-241
86
-87
-283
-103
206
462
746
828
664
640
798
858
971
1272
1283
914
659
791
1088
1201
874
287
222
512
374
-46
-213
-288
-661
-937
-1174
-1334
-1099
-1157
-1888
-2482
-2041
-1552
-1824
-2210
-2407
-2195
-1812
-1611
-1694
-1633
-1201
-998
-838
-510
-63
381
587
656
881
1561
2125
2231
2226
2439
2921
3297
3439
3420
3548
3828
4162
4332
3981
3652
3695
3798
3634
3718
3948
3285
2296
2000
2461
2739
2277
1286
311
313
641
371
-328
-870
-1112
-1510
-1832
-2113
-2187
-1993
-2266
-3105
-3681
-3162
-2502
-2689
-3206
-3458
-3358
-3084
-2643
-2430
-2559
-2529
-2371
-2259
-2075
-1621
-1189
-1139
-1358
-1501
-1107
-418
-159
-385
-512
-373
-201
108
447
469
328
331
393
398
620
1018
1067
696
428
622
1040
1193
819
220
191
627
622
109
-261
-280
-379
-550
-836
-1153
-996
-925
-1515
-2101
-1812
-1333
-1578
-1960
-2180
-2051
-1554
-1326
-1551
-1643
-1101
-705
-648
-407
-102
272
562
723
958
1444
1963
2036
2143
2467
2742
3092
3315
3317
3270
3534
3970
4099
3935
3443
3188
3463
3660
3690
3547
3039
2216
1868
2308
2562
2221
1307
420
325
582
493
-55
-469
-867
-1346
-1497
-1657
-1713
-1645
-1906
-2671
-3151
-2628
-2142
-2316
-2807
-3065
-2944
-2784
-2479
-2243
-2248
-2395
-2430
-2225
-2050
-1725
-1399
-1353
-1537
-1689
-1371
-802
-502
-693
-887
-753
-581
-323
42
178
-7
-102
53
247
467
754
841
601
415
550
947
1189
1028
523
194
604
937
495
-70
-11
241
-103
-639
-983
-798
-365
-781
-1817
-2171
-1374
-895
-1468
-2187
-2323
-1679
-1206
-1442
-1780
-1521
-954
-866
-877
-628
-154
256
288
200
468
1247
1765
1712
1562
1798
2363
2746
2800
2658
2785
3169
3460
3540
3471
3369
3059
3005
3212
3355
3467
3291
2713
1881
1815
2462
2706
2131
962
402
641
934
628
-47
-356
-697
-1027
-1292
-1451
-1346
-1370
-1780
-2609
-2865
-2321
-1945
-2190
-2780
-2989
-2915
-2696
-2372
-2234
-2333
-2554
-2567
-2439
-2178
-1784
-1546
-1642
-1950
-1966
-1446
-845
-743
-965
-1036
-876
-596
-259
67
152
96
85
247
566
865
1138
1081
843
838
1155
1527
1621
1445
884
684
1164
1350
977
583
489
248
41
-74
-418
-460
-419
-963
-1740
-1703
-1144
-1171
-1677
-2216
-2232
-1707
-1404
-1635
-1889
-1653
-1328
-1146
-973
-799
-491
-199
-64
28
378
955
1247
1260
1264
1586
2100
2355
2450
2371
2442
2835
3201
3355
3313
3388
3192
2951
3200
3349
3413
3535
3414
2510
1741
2353
3083
2888
1818
842
749
1081
1240
605
-100
-423
-713
-958
-1320
-1415
-1317
-1491
-2251
-3071
-2826
-2125
-2106
-2799
-3308
-3282
-3152
-2845
-2539
-2638
-2960
-2974
-2762
-2662
-2391
-1962
-1823
-2106
-2296
-2007
-1333
-805
-905
-1134
-1017
-686
-327
78
355
265
283
502
649
927
1383
1609
1375
1123
1285
1735
2045
1933
1645
1437
1070
1059
1678
1728
828
61
176
370
256
-21
-779
-1197
-1039
-1087
-1592
-1898
-1612
-1724
-2164
-2445
-2301
-1714
-1640
-2032
-2303
-1930
-1272
-1083
-1089
-1165
-887
-322
37
224
316
694
1047
1165
1418
1798
2147
2240
2322
2494
2698
3124
3383
3342
3447
3612
3412
3147
3357
3690
3763
3715
3185
2259
2096
2921
3387
2547
1275
786
1063
1260
840
200
-239
-619
-1002
-1325
-1526
-1533
-1534
-2007
-2918
-3316
-2782
-2225
-2552
-3341
-3655
-3416
-3102
-2926
-2846
-2907
-3016
-2970
-2800
-2544
-2176
-1840
-1848
-2110
-2077
-1509
-814
-619
-837
-867
-586
-213
143
457
568
480
539
763
1027
1361
1606
1600
1348
1256
1579
1963
2011
1733
1547
1364
1081
1243
1583
1302
481
77
256
264
81
-364
-976
-1196
-1097
-1218
-1729
-1902
-1768
-1965
-2306
-2466
-2197
-1848
-1891
-2229
-2328
-1818
-1352
-1238
-1229
-1167
-823
-376
-65
45
306
788
1008
1106
1366
1770
2121
2285
2373
2508
2800
3109
3252
3288
3457
3849
3900
3371
3066
3477
3853
3768
3556
3033
2243
2074
2702
2955
2302
1321
630
623
880
679
78
-397
-733
-1185
-1459
-1502
-1531
-1564
-1928
-2650
-3052
-2604
-2062
-2342
-2964
-3192
-3033
-2863
-2652
-2384
-2433
-2637
-2607
-2394
-2121
-1779
-1460
-1439
-1662
-1695
-1305
-648
-309
-484
-616
-438
-142
176
519
656
521
485
629
789
1042
1312
1345
1077
929
1148
1430
1539
1358
1101
1018
991
911
894
1014
749
35
-281
-39
182
-10
-588
-1288
-1471
-1002
-914
-1531
-1976
-1921
-1846
-1992
-2086
-1991
-1802
-1756
-2003
-2031
-1557
-1089
-1048
-1208
-1137
-763
-275
6
27
153
517
831
976
1161
1452
1717
1913
2040
2110
2339
2663
2741
2634
2673
3016
3337
3197
2662
2396
2804
3142
2983
2765
2436
1863
1543
1885
2214
1924
1226
528
350
564
574
243
-218
-655
-1021
-1089
-1114
-1329
-1405
-1559
-2076
-2519
-2335
-1920
-2011
-2433
-2703
-2713
-2571
-2344
-2139
-2197
-2397
-2403
-2217
-1990
-1777
-1582
-1497
-1577
-1637
-1391
-852
-546
-705
-783
-587
-403
-174
163
335
240
226
389
569
801
1041
1142
1048
949
1100
1426
1579
1492
1411
1386
1349
1396
1457
1341
1197
1131
923
560
382
568
600
108
-531
-793
-630
-505
-714
-1301
-1799
-1682
-1374
-1461
-1788
-1885
-1823
-1840
-1815
-1717
-1527
-1377
-1488
-1577
-1306
-847
-591
-569
-557
-455
-130
238
395
535
734
884
1033
1308
1586
1704
1843
1981
2116
2373
2654
2891
3012
2929
2659
2708
3250
3421
3097
3032
3214
2871
2238
2373
2989
2988
2114
1211
1077
1422
1530
1077
373
-176
-403
-389
-628
-1051
-1119
-1141
-1778
-2545
-2436
-1881
-1947
-2537
-2989
-3100
-2986
-2691
-2464
-2607
-2908
-2955
-2722
-2474
-2294
-2084
-1918
-1968
-2085
-1860
-1221
-788
-896
-1022
-812
-488
-187
222
491
392
362
619
915
1139
1399
1602
1529
1388
1473
1838
2162
2092
1845
1676
1619
1666
1832
1851
1371
926
933
911
579
309
292
-32
-601
-894
-993
-1056
-1148
-1502
-2205
-2542
-2173
-1962
-2319
-2741
-2833
-2703
-2546
-2457
-2493
-2445
-2314
-2269
-2146
-1830
-1451
-1194
-1111
-1062
-778
-227
158
247
420
777
1098
1361
1672
1905
2049
2343
2662
2741
2826
3125
3376
3509
3772
3794
3256
3099
3729
4003
3457
3166
3329
3044
2450
2303
2530
2485
1905
1062
608
738
752
301
-331
-886
-1199
-1200
-1327
-1865
-2152
-2044
-2348
-2973
-3015
-2548
-2537
-2976
-3210
-3217
-3096
-2782
-2448
-2487
-2763
-2708
-2329
-2010
-1890
-1730
-1425
-1284
-1370
-1235
-670
-219
-280
-358
-129
144
403
705
863
776
794
1060
1205
1243
1390
1566
1519
1284
1290
1556
1739
1585
1261
1162
1184
1168
1121
1026
751
319
208
303
109
-274
-533
-666
-910
-1122
-1275
-1532
-1610
-1589
-1862
-2330
-2407
-2047
-1940
-2179
-2388
-2320
-2032
-1854
-1849
-1837
-1630
-1348
-1241
-1130
-881
-543
-298
-286
-217
126
572
759
765
946
1157
1358
1622
1758
1776
1913
2188
2284
2280
2407
2477
2560
2711
2838
2953
2825
2446
2401
3010
3238
2559
2214
2545
2591
2077
1776
1980
2093
1755
1035
590
764
950
682
43
-537
-699
-477
-530
-1162
-1461
-1228
-1374
-1984
-2131
-1715
-1642
-1977
-2223
-2286
-2236
-2031
-1813
-1912
-2145
-2123
-1848
-1679
-1740
-1711
-1445
-1245
-1410
-1510
-1118
-706
-689
-806
-723
-576
-370
-1
149
-13
-25
280
504
502
593
780
823
746
744
933
1124
1136
1014
894
862
905
1017
1062
899
617
442
489
577
446
152
-118
-205
-161
-270
-649
-973
-854
-757
-1156
-1589
-1590
-1385
-1443
-1772
-2036
-1946
-1637
-1644
-1909
-1966
-1770
-1566
-1500
-1510
-1442
-1169
-916
-917
-881
-616
-314
-131
-38
67
332
684
855
895
1022
1307
1611
1827
1964
2081
2281
2486
2660
2755
2903
3334
3429
2851
2659
3543
4080
3220
2545
3030
3518
3098
2328
2173
2528
2627
1929
1061
932
1163
1139
558
-347
-745
-411
-313
-1202
-1880
-1584
-1485
-2144
-2690
-2532
-2331
-2520
-2811
-3071
-3133
-2912
-2608
-2641
-3016
-3080
-2671
-2287
-2319
-2446
-2143
-1732
-1734
-1867
-1524
-941
-787
-863
-715
-436
-181
151
425
382
360
685
1029
1059
1052
1275
1483
1419
1294
1435
1698
1710
1497
1410
1448
1401
1366
1371
1186
901
823
708
366
284
437
85
-593
-704
-408
-539
-1076
-1469
-1544
-1442
-1436
-1788
-2179
-2139
-1915
-2008
-2311
-2373
-2145
-2005
-2081
-2137
-1969
-1694
-1548
-1484
-1444
-1269
-916
-652
-595
-520
-155
222
322
406
660
975
1168
1291
1461
1630
1896
2137
2156
2157
2375
2680
2704
2655
2813
3040
3317
3337
2849
2462
2974
3722
3256
2248
2245
2895
2859
2004
1510
1770
2056
1602
616
211
536
750
253
-692
-1190
-950
-612
-1081
-1929
-1935
-1497
-1698
-2331
-2421
-2036
-1956
-2198
-2476
-2543
-2271
-1889
-1808
-2110
-2239
-1908
-1519
-1467
-1632
-1548
-1173
-1016
-1197
-1154
-689
-368
-491
-585
-397
-117
182
364
299
234
469
795
822
747
859
1077
1138
988
1006
1241
1374
1269
1092
1069
1085
1130
1171
1019
780
646
747
774
458
196
282
320
-127
-548
-433
-244
-389
-788
-1247
-1424
-1095
-813
-1263
-1922
-1902
-1506
-1495
-1815
-1967
-1838
-1757
-1854
-1923
-1790
-1521
-1437
-1602
-1695
-1450
-973
-815
-1015
-1034
-687
-291
-173
-129
12
196
451
613
706
908
1211
1400
1362
1513
1842
2032
2100
2105
2268
2543
2836
3017
2825
2522
2487
3066
3579
3036
2322
2473
3116
2996
2161
1882
2188
2421
1871
953
748
1052
1180
524
-387
-716
-479
-292
-997
-1767
-1741
-1574
-1896
-2475
-2514
-2286
-2331
-2610
-2964
-2943
-2644
-2369
-2324
-2581
-2660
-2330
-1852
-1778
-1988
-1785
-1301
-1121
-1249
-1117
-599
-286
-329
-323
-121
184
496
662
602
548
810
1127
1182
1167
1239
1429
1489
1360
1375
1583
1729
1570
1434
1458
1403
1439
1508
1397
1124
969
1044
989
789
554
342
274
155
-148
-501
-663
-595
-683
-1132
-1654
-1750
-1400
-1371
-1917
-2377
-2322
-2041
-2077
-2311
-2389
-2279
-2170
-2278
-2254
-1912
-1624
-1610
-1770
-1660
-1242
-833
-661
-746
-635
-304
-5
240
364
531
701
840
1003
1173
1462
1613
1608
1649
1735
2003
2214
2244
2199
2156
2339
2502
2574
2623
2550
2335
2059
2387
2865
2353
1628
1868
2514
2039
1000
1004
1637
1832
1033
52
-15
498
702
14
-782
-917
-592
-462
-1181
-1712
-1346
-1092
-1638
-2285
-2042
-1619
-1674
-1979
-2304
-2276
-1997
-1703
-1686
-1933
-1971
-1730
-1415
-1432
-1568
-1279
-896
-932
-1210
-1022
-439
-213
-383
-423
-184
40
221
419
465
420
544
778
856
875
1065
1279
1213
975
1031
1369
1486
1299
1179
1187
1120
1095
1202
1163
906
743
767
727
529
482
506
178
-202
-131
79
-219
-682
-721
-669
-747
-904
-1153
-1384
-1382
-1207
-1404
-1796
-1866
-1696
-1658
-1945
-2072
-1931
-1854
-1921
-1988
-1882
-1788
-1674
-1575
-1629
-1507
-1167
-922
-939
-929
-632
-327
-126
16
164
371
584
787
928
1079
1327
1546
1603
1645
1851
2137
2269
2272
2365
2488
2617
2758
2839
2889
2890
2898
2818
2866
3025
2723
2326
2542
3012
2569
1495
1318
1931
2172
1451
454
208
506
582
-20
-717
-887
-831
-934
-1510
-1997
-1793
-1510
-1896
-2657
-2724
-2248
-2091
-2350
-2709
-2724
-2438
-2166
-2118
-2226
-2107
-1803
-1599
-1626
-1628
-1272
-807
-689
-908
-889
-375
109
135
31
196
485
685
848
971
1021
1126
1240
1202
1189
1382
1605
1544
1280
1174
1328
1477
1327
1101
1041
959
756
603
584
490
293
111
-114
-314
-356
-298
-499
-961
-1171
-985
-904
-1314
-1732
-1705
-1518
-1506
-1730
-2010
-2080
-1802
-1574
-1853
-2151
-1941
-1586
-1626
-1867
-1775
-1479
-1306
-1305
-1337
-1202
-894
-601
-594
-679
-395
61
201
74
147
519
784
883
921
977
1153
1323
1397
1385
1494
1698
1658
1514
1508
1690
1825
1737
1644
1572
1627
1780
1784
1723
1689
1749
1700
1573
1760
1950
1813
1323
1052
1547
2101
1859
831
337
1006
1615
1294
342
-63
298
474
103
-467
-495
-240
-423
-997
-1420
-1062
-558
-810
-1536
-1859
-1389
-972
-1081
-1401
-1566
-1388
-1216
-1179
-1195
-1122
-869
-816
-1042
-1193
-909
-386
-318
-661
-870
-658
-283
-186
-225
-211
-141
-87
-62
43
164
318
395
232
84
211
523
626
426
244
245
392
475
417
340
257
189
124
101
129
123
53
-106
-261
-287
-165
-37
-177
-535
-710
-507
-268
-378
-723
-971
-926
-698
-651
-929
-1194
-1147
-991
-1057
-1242
-1278
-1212
-1212
-1311
-1375
-1295
-1179
-1143
-1202
-1218
-1079
-878
-759
-765
-725
-538
-341
-237
-183
-51
123
242
319
403
571
727
779
791
872
1040
1129
1121
1125
1196
1309
1384
1413
1415
1447
1538
1594
1629
1718
1827
1846
1742
1682
1793
2059
2238
2009
1505
1332
1844
2451
2217
1263
693
1133
1814
1678
874
339
451
612
314
-101
-130
49
-180
-863
-1289
-1022
-527
-622
-1317
-1790
-1616
-1224
-1175
-1408
-1532
-1491
-1473
-1542
-1500
-1238
-996
-1042
-1344
-1492
-1208
-728
-528
-778
-1060
-983
-659
-446
-458
-476
-421
-412
-467
-434
-219
6
24
-174
-349
-232
103
307
197
-5
-17
105
214
297
371
363
235
114
137
288
441
439
247
28
4
190
328
235
-8
-202
-206
-68
13
-132
-404
-563
-546
-471
-480
-608
-792
-934
-962
-920
-928
-1031
-1166
-1231
-1233
-1230
-1233
-1207
-1167
-1171
-1217
-1188
-1050
-898
-814
-790
-738
-616
-450
-313
-213
-92
37
139
241
401
563
642
705
808
917
1001
1093
1191
1223
1270
1404
1534
1570
1565
1651
1773
1861
1942
2008
2067
2105
2113
2085
2132
2354
2527
2426
2100
1859
1907
2154
2404
2248
1575
937
949
1440
1513
915
255
16
55
-45
-293
-538
-694
-906
-1326
-1668
-1639
-1347
-1356
-1873
-2356
-2316
-1945
-1786
-1944
-2100
-2123
-2090
-2060
-1935
-1692
-1497
-1488
-1632
-1680
-1435
-986
-667
-720
-930
-881
-531
-209
-97
-67
-11
41
94
233
490
712
722
560
437
521
795
1007
938
675
510
559
655
682
635
552
411
216
113
178
279
205
-52
-307
-415
-339
-188
-196
-448
-741
-802
-654
-555
-648
-832
-965
-1032
-1016
-916
-844
-922
-1107
-1235
-1160
-925
-763
-849
-1051
-1071
-881
-691
-628
-606
-532
-459
-404
-274
-70
99
142
138
197
366
593
728
754
735
778
892
1018
1109
1107
1073
1057
1085
1143
1139
1096
1044
1003
1009
1020
999
938
932
965
928
876
904
1013
1078
1048
979
910
940
1125
1352
1356
1108
1021
1199
1232
998
964
1334
1456
900
259
358
1009
1181
543
-173
-246
132
258
-98
-523
-575
-470
-693
-1069
-1075
-748
-714
-1186
-1612
-1522
-1137
-994
-1208
-1488
-1603
-1494
-1286
-1200
-1262
-1276
-1195
-1227
-1350
-1245
-882
-689
-909
-1152
-1003
-641
-450
-493
-583
-606
-534
-372
-227
-172
-125
-62
-110
-227
-169
126
329
212
-15
-38
157
344
389
314
203
159
233
359
432
441
409
314
203
207
354
493
431
208
40
90
279
351
222
42
-46
-56
-78
-66
18
28
-204
-517
-517
-203
10
-192
-596
-709
-446
-200
-292
-506
-532
-443
-431
-469
-384
-214
-181
-326
-444
-315
-50
62
-61
-235
-215
-35
112
114
47
23
57
128
199
251
279
272
257
285
394
508
519
479
486
579
709
811
843
835
883
986
1034
997
1006
1155
1321
1315
1165
1093
1245
1461
1496
1316
1184
1277
1372
1179
942
1115
1426
1195
515
234
664
1073
782
69
-280
-63
164
-49
-496
-679
-594
-676
-1064
-1307
-1102
-865
-1109
-1644
-1855
-1596
-1312
-1357
-1646
-1844
-1790
-1614
-1534
-1566
-1539
-1426
-1382
-1466
-1464
-1199
-869
-802
-989
-1065
-840
-512
-315
-280
-309
-251
-77
94
211
344
497
549
495
512
725
997
1079
956
861
945
1126
1267
1276
1186
1120
1135
1158
1150
1160
1183
1120
929
728
710
860
887
635
309
173
211
211
42
-183
-292
-364
-572
-814
-836
-706
-763
-1133
-1480
-1429
-1133
-1084
-1404
-1682
-1627
-1423
-1373
-1469
-1483
-1369
-1311
-1368
-1337
-1099
-836
-784
-906
-917
-645
-291
-148
-215
-228
-40
208
353
406
480
601
700
752
826
954
1067
1100
1077
1106
1232
1344
1335
1276
1291
1419
1529
1515
1421
1363
1409
1517
1578
1503
1361
1280
1311
1363
1308
1162
1069
1085
991
671
496
719
915
545
-120
-306
87
358
3
-594
-790
-591
-484
-704
-970
-968
-864
-1022
-1365
-1407
-1073
-885
-1138
-1511
-1534
-1209
-933
-976
-1185
-1226
-1049
-854
-808
-817
-704
-517
-490
-622
-594
-288
-5
-15
-207
-265
-72
174
263
206
154
178
237
278
317
416
508
445
275
250
453
667
669
499
380
432
556
617
616
588
526
462
447
472
531
569
501
337
225
236
297
323
255
79
-131
-222
-120
-12
-141
-457
-650
-606
-529
-612
-806
-956
-994
-1012
-1129
-1264
-1274
-1192
-1219
-1380
-1490
-1406
-1256
-1253
-1345
-1362
-1274
-1161
-1097
-1073
-1018
-893
-793
-786
-743
-574
-391
-328
-347
-291
-130
26
86
117
193
296
414
498
567
669
768
816
875
992
1108
1181
1232
1284
1366
1480
1563
1613
1683
1743
1741
1762
1873
1985
1953
1817
1765
1852
1945
1925
1767
1450
1221
1424
1751
1499
771
413
700
959
624
7
-249
-113
-103
-434
-808
-873
-726
-827
-1310
-1625
-1357
-1029
-1242
-1713
-1826
-1555
-1355
-1427
-1574
-1576
-1439
-1316
-1301
-1333
-1239
-978
-843
-996
-1087
-806
-420
-346
-496
-514
-286
-32
75
107
183
298
397
456
501
634
845
939
819
707
844
1108
1184
1060
978
1030
1065
1030
1032
1068
1043
941
813
737
760
813
761
572
359
272
306
297
158
-52
-222
-301
-349
-464
-655
-797
-851
-936
-1112
-1281
-1335
-1348
-1452
-1627
-1726
-1739
-1772
-1841
-1868
-1858
-1893
-1955
-1943
-1841
-1750
-1728
-1717
-1673
-1592
-1456
-1285
-1163
-1118
-1055
-881
-665
-509
-384
-236
-90
37
196
378
516
636
767
870
961
1084
1233
1374
1466
1501
1547
1638
1758
1875
1947
1955
1952
2014
2102
2137
2147
2192
2258
2236
2104
2028
2130
2262
2184
1900
1579
1443
1615
1814
1566
926
509
650
893
694
170
-173
-217
-267
-494
-762
-867
-847
-982
-1378
-1674
-1529
-1251
-1349
-1705
-1858
-1737
-1673
-1736
-1657
-1454
-1434
-1664
-1783
-1513
-1020
-766
-1006
-1299
-1084
-535
-269
-393
-430
-215
-23
8
97
346
529
555
518
508
635
901
1050
901
719
779
949
992
917
868
868
843
771
717
703
719
698
542
321
270
368
349
143
-32
-92
-114
-160
-244
-327
-405
-478
-565
-661
-714
-707
-717
-845
-992
-988
-918
-916
-992
-1061
-1077
-1056
-1059
-1111
-1110
-1067
-1080
-1145
-1175
-1114
-1011
-969
-1020
-1055
-997
-895
-784
-750
-784
-765
-657
-564
-535
-485
-399
-305
-252
-254
-208
-66
62
77
41
79
197
314
351
337
401
506
546
573
639
719
777
803
814
862
916
935
951
977
980
970
985
999
984
983
997
981
936
915
938
958
927
895
907
920
924
930
941
960
997
1012
981
985
1041
1045
973
983
1090
1033
763
689
977
1161
826
340
328
719
882
494
7
-29
265
321
-30
-330
-256
-113
-294
-632
-693
-502
-449
-693
-980
-1042
-885
-780
-925
-1147
-1189
-1058
-1021
-1141
-1203
-1094
-970
-1035
-1176
-1162
-981
-812
-830
-963
-983
-809
-641
-643
-700
-641
-495
-435
-466
-441
-316
-202
-184
-211
-197
-116
5
52
24
26
88
145
145
142
186
234
207
127
121
185
208
150
61
13
6
23
-1
-66
-137
-199
-227
-246
-280
-314
-353
-423
-494
-501
-466
-470
-523
-593
-619
-582
-527
-526
-570
-586
-542
-473
-431
-443
-422
-328
-245
-221
-204
-134
-19
86
101
104
202
331
385
397
449
547
615
625
639
711
780
787
774
797
834
841
833
810
813
828
808
766
748
739
718
676
628
595
571
525
454
395
361
326
258
167
92
62
43
-29
-139
-219
-251
-268
-315
-387
-450
-484
-506
-509
-521
-545
-564
-549
-514
-499
-486
-444
-386
-352
-337
-281
-177
-92
-76
-57
37
157
220
226
264
374
478
499
502
561
654
704
724
748
795
845
881
908
939
947
944
980
1023
1011
972
975
997
962
875
828
859
856
696
509
484
547
473
220
0
-22
16
-106
-372
-555
-576
-604
-763
-959
-1048
-1053
-1118
-1274
-1387
-1388
-1368
-1416
-1503
-1542
-1482
-1411
-1412
-1452
-1430
-1311
-1197
-1159
-1144
-1073
-936
-810
-745
-690
-577
-453
-346
-275
-180
-58
40
93
149
258
374
421
418
458
567
654
632
561
575
681
736
665
555
543
603
606
511
434
428
430
368
288
255
262
244
183
121
108
117
102
75
51
44
31
2
10
50
56
3
-47
-26
22
20
-25
-52
-33
-17
-45
-76
-79
-51
-40
-59
-80
-68
-31
-9
5
15
25
57
123
193
205
186
230
354
448
416
369
447
588
622
566
563
623
615
530
542
677
697
468
242
303
532
528
211
-50
4
175
112
-144
-282
-218
-192
-325
-470
-449
-364
-405
-558
-647
-569
-446
-441
-552
-621
-551
-437
-406
-458
-477
-401
-317
-307
-353
-341
-253
-189
-215
-271
-248
-150
-105
-162
-214
-186
-128
-122
-155
-160
-122
-111
-141
-163
-133
-87
-72
-90
-113
-94
-40
-13
-21
-29
-4
34
47
46
50
78
105
92
69
67
106
141
114
51
29
74
103
74
16
11
47
45
-6
-50
-9
45
16
-59
-78
-10
48
6
-72
-66
0
21
-24
-59
-30
11
-16
-72
-87
-33
12
-20
-78
-107
-71
-22
-26
-79
-115
-90
-38
-29
-75
-99
-74
-36
-39
-66
-58
-19
-5
-32
-46
-11
37
36
16
20
59
85
89
96
111
121
130
162
196
198
176
170
199
238
249
242
235
230
229
233
251
260
234
201
210
234
234
201
173
183
197
182
156
150
167
171
144
117
125
152
161
144
130
143
159
156
139
146
180
193
178
148
144
170
188
168
137
120
118
122
108
80
44
16
6
4
-16
-55
-88
-104
-117
-138
-168
-186
-190
-198
-219
-241
-258
-276
-285
-274
-275
-300
-336
-343
-316
-302
-334
-369
-354
-316
-307
-330
-337
-308
-278
-285
-293
-258
-203
-193
-217
-220
-171
-107
-103
-145
-154
-91
-27
-45
-127
-156
-71
10
-35
-156
-186
-85
-4
-65
-185
-204
-99
-41
-111
-197
-167
-78
-71
-143
-167
-88
-14
-43
-118
-112
-13
49
2
-60
-25
65
98
52
14
57
129
136
90
70
126
183
168
111
101
160
208
193
156
155
199
223
211
204
223
258
264
252
261
306
335
328
309
326
379
418
421
398
396
424
449
455
457
461
469
467
463
468
474
468
442
428
438
441
415
367
341
344
346
305
244
203
195
190
141
68
7
-17
-33
-78
-150
-214
-257
-293
-341
-399
-446
-482
-522
-579
-631
-664
-682
-711
-766
-811
-822
-809
-805
-840
-877
-880
-853
-823
-818
-826
-811
-774
-745
-723
-700
-658
-608
-576
-539
-502
-455
-406
-367
-327
-282
-233
-197
-168
-131
-74
-22
8
25
54
107
161
197
214
228
264
308
345
372
401
424
446
471
503
535
547
551
560
593
621
620
601
598
628
653
644
620
618
633
648
642
620
611
616
623
625
614
609
611
611
601
588
602
622
618
577
531
534
572
573
496
406
386
424
426
328
208
164
182
165
57
-60
-109
-113
-156
-266
-366
-395
-398
-445
-538
-604
-612
-608
-646
-711
-734
-711
-692
-713
-742
-733
-694
-661
-653
-648
-619
-572
-532
-503
-484
-447
-404
-367
-330
-300
-262
-222
-187
-157
-128
-101
-66
-38
-19
-3
9
29
44
53
55
58
64
68
60
51
45
42
36
15
-3
-12
-13
-23
-55
-78
-81
-83
-94
-112
-128
-129
-134
-148
-159
-154
-144
-160
-178
-172
-159
-141
-157
-167
-157
-135
-127
-137
-141
-122
-100
-103
-108
-89
-56
-36
-41
-34
-6
31
55
61
71
115
165
185
189
212
263
309
332
334
358
416
463
456
449
470
518
539
520
498
506
534
527
480
442
452
452
404
336
304
308
283
216
141
113
120
86
7
-49
-61
-62
-101
-164
-193
-180
-184
-232
-272
-275
-249
-249
-275
-291
-279
-246
-243
-252
-241
-204
-183
-175
-164
-133
-88
-64
-53
-33
1
39
70
90
107
135
157
181
195
216
229
237
246
245
242
245
249
240
222
201
190
179
159
130
97
73
50
15
-16
-47
-71
-104
-151
-197
-225
-248
-282
-327
-369
-408
-431
-458
-499
-532
-549
-570
-603
-632
-645
-644
-650
-666
-687
-680
-654
-637
-631
-624
-594
-547
-518
-488
-446
-386
-328
-291
-247
-185
-109
-38
8
53
119
191
248
298
344
404
461
497
524
566
615
643
657
670
696
725
742
749
750
758
762
755
751
752
747
730
702
683
676
655
630
599
568
535
496
456
416
376
328
273
220
174
133
84
28
-27
-76
-119
-162
-207
-252
-289
-326
-362
-398
-422
-440
-457
-470
-488
-494
-495
-486
-486
-482
-470
-459
-441
-422
-393
-365
-344
-319
-291
-256
-215
-183
-155
-126
-95
-63
-34
-4
22
46
62
78
95
115
130
140
146
148
150
155
153
144
132
119
112
99
84
64
48
31
8
-19
-44
-65
-79
-103
-142
-174
-192
-209
-228
-255
-281
-296
-304
-321
-337
-350
-350
-350
-359
-362
-363
-351
-337
-334
-326
-308
-279
-251
-233
-216
-187
-147
-113
-88
-66
-32
9
51
72
92
127
167
192
209
228
254
280
291
293
296
313
320
318
310
307
311
307
297
280
267
260
249
232
216
198
182
170
161
146
123
112
108
106
85
64
58
59
60
36
16
21
39
38
16
2
12
37
33
10
4
16
26
13
-4
-2
10
15
-5
-23
-18
-12
-18
-37
-57
-61
-58
-71
-86
-96
-107
-114
-127
-133
-143
-155
-162
-170
-180
-191
-198
-200
-202
-210
-224
-230
-215
-206
-211
-223
-218
-198
-188
-186
-185
-164
-138
-123
-118
-97
-64
-29
-12
-4
19
53
86
107
125
144
172
192
203
214
234
246
250
251
251
257
253
239
223
211
200
185
162
136
117
93
65
40
17
-3
-20
-45
-64
-77
-90
-104
-124
-128
-131
-135
-142
-148
-144
-131
-120
-116
-111
-96
-78
-64
-55
-43
-27
-12
-3
12
28
50
69
80
88
108
130
144
153
165
174
188
200
205
217
231
236
244
249
255
257
260
260
250
239
237
234
219
208
192
177
167
152
134
112
92
68
44
15
-9
-30
-52
-80
-107
-129
-145
-163
-183
-205
-225
-236
-251
-267
-280
-292
-304
-314
-317
-321
-319
-316
-314
-310
-309
-302
-292
-283
-272
-265
-257
-242
-228
-214
-197
-184
-169
-152
-137
-123
-109
-91
-81
-68
-55
-40
-23
-17
-9
4
15
31
45
58
69
77
87
97
103
113
121
127
136
148
157
169
175
178
175
179
185
186
192
189
182
177
177
171
168
166
154
149
143
136
131
118
104
92
77
71
62
51
35
24
15
6
-2
-12
-23
-35
-51
-55
-62
-68
-72
-82
-97
-99
-101
-107
-108
-106
-107
-106
-101
-98
-92
-86
-87
-90
-82
-71
-62
-54
-46
-38
-28
-13
-6
0
14
22
25
33
40
52
58
65
63
75
88
101
107
111
111
114
116
114
115
114
115
111
108
114
119
123
115
102
93
88
79
65
52
33
24
13
-1
-9
-20
-29
-46
-63
-73
-79
-93
-112
-130
-147
-151
-152
-160
-164
-166
-166
-166
-166
-168
-169
-165
-171
-179
-175
-168
-160
-154
-152
-148
-128
-109
-100
-87
-83
-75
-66
-60
-54
-44
-32
-25
-14
11
27
48
65
70
79
92
101
108
115
119
124
136
151
162
169
184
185
187
194
193
194
192
184
177
170
172
168
162
154
147
138
133
124
108
91
73
53
38
18
3
-11
-32
-51
-66
-82
-98
-112
-125
-147
-160
-169
-183
-195
-203
-211
-219
-220
-216
-218
-215
-210
-207
-202
-188
-184
-173
-159
-142
-130
-114
-93
-74
-58
-40
-21
-3
22
45
60
80
97
118
137
148
163
174
180
193
203
212
217
222
224
220
222
221
209
199
194
175
165
154
137
118
97
85
66
48
32
6
-16
-41
-65
-91
-118
-134
-156
-173
-189
-198
-211
-222
-228
-243
-253
-263
-265
-269
-273
-271
-268
-260
-254
-237
-221
-208
-189
-173
-155
-133
-116
-96
-77
-53
-27
-2
31
58
87
118
149
172
198
222
236
252
267
284
303
319
335
347
361
372
372
374
369
362
354
348
333
316
300
284
266
247
235
213
192
166
136
102
66
29
-7
-37
-66
-95
-117
-144
-168
-191
-219
-243
-270
-298
-319
-344
-359
-376
-382
-388
-392
-390
-390
-389
-390
-380
-381
-373
-361
-351
-336
-320
-292
-271
-243
-213
-186
-156
-125
-95
-68
-46
-23
0
32
62
89
123
151
178
204
226
251
264
278
291
302
309
317
326
326
331
335
338
328
325
313
296
279
261
241
220
199
182
157
130
107
79
55
26
0
-32
-62
-89
-115
-138
-159
-177
-201
-216
-231
-243
-249
-261
-269
-274
-273
-273
-266
-261
-258
-248
-238
-215
-196
-173
-149
-127
-106
-82
-57
-33
-3
26
57
86
114
141
168
193
216
238
257
278
296
308
320
329
333
339
340
341
337
329
319
306
291
280
258
237
213
182
158
133
106
74
45
20
-14
-43
-71
-100
-127
-155
-179
-205
-224
-242
-263
-283
-299
-315
-325
-329
-339
-343
-343
-344
-343
-340
-335
-327
-315
-307
-297
-282
-264
-249
-234
-217
-196
-176
-157
-139
-119
-102
-85
-65
-46
-32
-13
2
12
25
39
54
62
73
78
84
92
98
102
106
108
113
117
119
122
122
120
116
117
113
112
108
104
105
99
97
91
91
87
86
86
79
79
74
72
65
62
63
62
61
61
63
59
58
60
58
57
57
57
50
53
52
55
55
55
57
57
59
59
59
54
51
52
50
45
50
43
44
49
44
43
42
43
39
34
35
28
26
21
21
19
20
24
21
22
23
18
17
17
13
10
6
6
3
1
2
2
3
2
1
-4
-6
-8
-16
-22
-27
-34
-39
-44
-46
-50
-57
-63
-68
-74
-85
-89
-102
-116
-119
-130
-139
-145
-155
-163
-168
-174
-176
-182
-188
-194
-201
-201
-201
-206
-201
-196
-195
-185
-176
-168
-159
-146
-139
-129
-117
-103
-94
-80
-60
-46
-25
-8
12
29
42
62
78
94
112
124
140
149
162
179
189
205
213
222
232
236
239
246
242
243
240
242
239
235
233
228
221
211
204
194
181
170
159
143
133
121
107
94
82
70
59
44
33
17
8
-11
-22
-32
-43
-50
-61
-64
-74
-75
-83
-90
-100
-102
-110
-113
-118
-119
-119
-121
-114
-117
-115
-109
-110
-110
-105
-102
-101
-99
-96
-88
-81
-72
-66
-59
-52
-45
-40
-36
-31
-29
-23
-19
-9
2
11
18
25
32
39
48
54
55
55
59
57
63
68
71
72
75
78
79
82
80
73
66
60
53
49
40
33
24
16
11
7
0
-11
-26
-37
-53
-67
-78
-91
-104
-116
-126
-134
-138
-142
-151
-164
-171
-182
-186
-188
-194
-203
-202
-203
-197
-191
-184
-175
-168
-161
-147
-138
-122
-111
-101
-87
-74
-58
-38
-19
3
25
43
66
84
104
119
130
144
155
170
185
198
206
215
226
235
240
246
243
241
235
231
225
221
211
201
190
178
168
157
148
129
114
98
82
65
51
32
14
-5
-23
-36
-49
-63
-73
-86
-96
-104
-116
-121
-132
-138
-147
-150
-151
-149
-147
-140
-137
-131
-122
-115
-107
-102
-96
-88
-81
-69
-58
-45
-33
-20
-9
0
15
23
35
41
48
57
62
66
72
77
79
81
86
89
89
90
84
79
72
66
63
54
47
42
34
26
21
15
11
1
-3
-15
-25
-30
-39
-46
-54
-62
-62
-66
-73
-76
-82
-82
-87
-84
-87
-91
-88
-93
-96
-92
-90
-87
-87
-83
-81
-77
-71
-66
-66
-61
-58
-52
-44
-40
-30
-25
-20
-14
-8
1
10
19
23
33
42
48
58
61
71
82
88
97
105
108
116
119
122
130
136
137
139
139
139
139
142
139
133
130
125
119
113
111
102
96
85
75
71
59
50
39
26
16
7
-2
-13
-20
-32
-42
-48
-59
-65
-69
-76
-81
-87
-93
-96
-96
-102
-105
-103
-102
-101
-97
-96
-95
-91
-92
-88
-83
-80
-76
-73
-70
-66
-59
-54
-49
-41
-38
-35
-32
-32
-27
-25
-22
-17
-14
-10
-12
-10
-9
-9
-4
-3
-1
1
3
3
5
2
5
9
11
12
14
18
14
19
18
20
20
19
22
19
19
17
19
17
18
18
16
17
13
10
5
3
0
-5
-4
-7
-13
-12
-14
-20
-23
-26
-31
-34
-36
-45
-50
-55
-57
-60
-60
-60
-61
-56
-58
-55
-49
-49
-46
-43
-36
-33
-29
-19
-14
-6
2
9
25
32
40
48
57
69
75
86
96
103
112
124
128
134
143
148
152
154
157
158
157
155
151
148
144
139
133
123
116
108
95
85
70
55
43
26
10
-8
-23
-42
-59
-74
-93
-110
-125
-137
-157
-170
-186
-198
-210
-222
-229
-241
-246
-254
-254
-259
-261
-256
-254
-250
-240
-232
-223
-212
-201
-191
-174
-159
-143
-118
-101
-77
-53
-28
-1
20
43
67
89
110
134
150
174
195
213
236
252
270
283
292
301
305
309
310
308
306
302
294
288
281
268
258
243
228
215
195
175
152
132
108
81
64
41
21
4
-15
-36
-53
-68
-85
-102
-120
-132
-147
-160
-169
-175
-178
-181
-179
-177
-174
-170
-167
-165
-163
-156
-151
-144
-138
-124
-110
-97
-84
-68
-50
-39
-25
-17
-6
3
11
19
26
38
47
57
63
74
81
85
88
88
83
82
80
72
73
64
60
59
53
50
49
40
31
22
9
-6
-15
-27
-40
-48
-54
-63
-69
-74
-81
-83
-92
-96
-105
-112
-117
-126
-133
-134
-135
-131
-126
-123
-119
-113
-112
-109
-106
-105
-101
-99
-90
-84
-72
-60
-49
-37
-29
-15
-6
-2
5
12
19
25
32
42
47
61
72
80
92
100
106
110
115
114
114
116
114
111
113
117
119
120
117
119
117
111
109
102
99
95
87
81
77
71
69
67
59
57
54
50
47
42
39
34
29
27
23
23
21
16
13
13
8
6
1
-3
-3
-10
-10
-10
-13
-14
-15
-20
-23
-21
-25
-28
-30
-30
-36
-36
-38
-41
-44
-43
-44
-48
-47
-53
-55
-58
-66
-68
-71
-73
-72
-76
-76
-79
-78
-77
-83
-81
-84
-82
-80
-84
-83
-82
-83
-83
-81
-81
-74
-71
-71
-66
-63
-57
-53
-51
-47
-39
-37
-25
-20
-18
-11
-5
-1
3
11
12
18
20
25
32
41
46
50
52
53
55
55
56
59
57
59
61
57
57
57
57
57
52
51
50
45
38
35
29
22
21
17
14
12
7
5
3
-3
-3
-2
-8
-8
-8
-6
-5
-3
-2
1
7
10
15
20
27
36
41
48
55
62
69
75
79
89
99
105
113
117
120
126
132
133
136
135
135
134
128
130
127
121
112
108
95
84
78
64
54
37
25
13
0
-12
-27
-40
-53
-68
-87
-101
-115
-128
-141
-148
-158
-164
-170
-180
-185
-193
-196
-195
-196
-196
-193
-188
-183
-174
-169
-159
-150
-142
-133
-120
-111
-101
-85
-74
-58
-43
-28
-10
1
16
26
35
51
59
66
76
81
89
97
98
104
106
107
108
106
105
102
99
92
84
78
73
65
59
50
44
34
25
21
11
3
-6
-12
-18
-26
-30
-35
-42
-41
-48
-50
-50
-53
-52
-60
-56
-53
-52
-48
-45
-37
-32
-25
-22
-12
-5
-3
5
8
13
19
27
34
44
51
58
68
72
75
78
82
84
86
91
97
100
97
97
96
96
95
96
93
90
85
83
76
71
68
62
58
49
41
35
25
17
8
0
-6
-15
-22
-31
-41
-48
-58
-69
-71
-80
-88
-96
-100
-105
-113
-114
-122
-129
-133
-136
-135
-135
-137
-134
-136
-132
-131
-131
-126
-124
-119
-112
-107
-101
-91
-84
-76
-69
-60
-52
-47
-35
-27
-20
-10
-4
8
17
27
36
43
52
57
64
70
72
81
86
90
93
96
101
100
106
109
104
107
108
104
101
101
98
96
93
90
88
84
78
73
69
61
55
50
43
39
31
27
23
14
11
6
-1
-4
-11
-15
-19
-26
-27
-33
-32
-38
-41
-41
-45
-45
-45
-47
-43
-44
-42
-42
-40
-40
-40
-33
-32
-31
-26
-22
-21
-16
-15
-14
-7
-6
-2
6
8
16
17
20
22
27
27
31
34
31
36
33
34
31
33
32
28
30
30
25
24
20
15
14
5
4
-1
-5
-8
-15
-22
-28
-32
-35
-38
-45
-47
-54
-61
-64
-72
-73
-79
-85
-88
-89
-89
-89
-91
-93
-92
-91
-89
-88
-85
-84
-80
-76
-73
-66
-61
-54
-52
-43
-35
-30
-20
-11
-4
2
11
20
24
37
44
53
62
66
75
78
87
93
98
105
105
113
113
116
122
123
126
129
128
124
122
116
116
110
106
102
97
88
82
74
69
59
50
41
32
23
9
-1
-11
-17
-25
-34
-42
-54
-62
-70
-78
-83
-94
-98
-103
-111
-115
-119
-121
-123
-122
-127
-124
-123
-123
-118
-116
-112
-107
-104
-96
-90
-84
-79
-69
-60
-52
-44
-34
-22
-13
-2
4
13
20
29
40
47
58
65
71
78
80
82
85
89
89
91
95
94
94
94
91
92
86
82
79
72
64
58
52
45
38
31
21
13
6
-3
-14
-20
-26
-36
-42
-47
-57
-64
-68
-72
-80
-82
-86
-89
-88
-87
-87
-84
-84
-82
-78
-78
-69
-66
-58
-51
-47
-39
-32
-21
-15
-6
10
14
22
33
39
46
54
62
68
76
81
83
91
92
95
97
95
98
97
98
99
97
92
90
85
81
73
65
61
51
47
38
29
26
16
11
5
-3
-10
-20
-23
-31
-35
-43
-50
-51
-61
-66
-68
-69
-73
-69
-71
-74
-75
-79
-81
-83
-80
-80
-77
-75
-74
-72
-71
-69
-70
-67
-63
-57
-52
-51
-46
-46
-44
-43
-38
-36
-33
-28
-27
-24
-22
-18
-16
-13
-9
-6
0
2
7
11
12
17
20
21
27
31
33
36
36
41
42
46
47
52
51
52
56
55
57
58
56
57
58
56
57
56
54
55
53
55
53
48
46
41
41
34
33
34
28
24
23
16
15
15
9
9
4
5
5
1
0
-4
-2
-4
-5
-3
-7
-5
-8
-6
-5
-6
-3
-3
-2
-3
-2
2
3
3
6
4
6
7
7
8
10
11
12
13
12
13
15
13
11
13
13
16
12
12
10
12
9
6
8
7
6
2
3
-1
-4
-7
-14
-16
-15
-19
-23
-21
-28
-36
-37
-40
-46
-44
-49
-52
-54
-59
-59
-63
-65
-67
-66
-66
-69
-70
-74
-74
-76
-76
-71
-72
-68
-70
-68
-66
-68
-65
-62
-61
-57
-51
-52
-45
-39
-37
-32
-26
-21
-12
-7
-3
7
10
15
23
28
30
33
41
44
50
53
54
61
64
68
69
72
73
74
77
76
78
78
81
81
75
74
72
70
70
65
63
58
55
51
48
47
41
41
34
32
25
20
17
11
9
5
1
-2
-3
-6
-8
-8
-8
-11
-12
-16
-17
-14
-18
-15
-16
-16
-16
-13
-7
-14
-7
-7
-8
-5
-6
-2
-2
-2
-2
-1
-2
-1
1
-1
1
3
0
-1
-3
-4
-5
-8
-10
-12
-14
-15
-16
-16
-20
-22
-25
-30
-30
-34
-33
-35
-37
-38
-41
-41
-40
-42
-42
-42
-46
-47
-48
-48
-49
-43
-42
-42
-41
-42
-40
-38
-36
-33
-32
-30
-28
-30
-26
-28
-30
-22
-22
-23
-20
-22
-18
-16
-14
-12
-9
-8
-5
-7
-6
-2
-3
1
6
8
8
12
15
16
15
21
21
23
27
29
33
32
38
39
45
48
46
51
53
55
59
62
60
60
60
63
66
66
67
67
66
67
67
66
65
63
62
58
57
54
50
47
44
39
36
35
31
28
25
21
19
15
12
8
4
-1
-3
-7
-9
-12
-16
-18
-22
-23
-22
-25
-29
-27
-31
-32
-33
-36
-35
-37
-38
-40
-38
-40
-43
-40
-39
-40
-38
-32
-35
-35
-29
-32
-32
-29
-32
-28
-31
-26
-27
-28
-25
-27
-21
-20
-19
-18
-14
-14
-13
-13
-11
-9
-9
-7
-9
-9
-7
-8
-9
-10
-9
-9
-9
-9
-10
-10
-10
-9
-9
-9
-12
-10
-14
-14
-16
-18
-21
-23
-20
-21
-26
-25
-24
-25
-20
-22
-22
-22
-21
-19
-19
-14
-14
-10
-8
-5
-3
2
5
8
10
14
16
20
23
26
32
32
37
40
41
45
49
50
52
56
57
56
60
59
61
63
64
64
63
62
61
60
55
55
54
48
43
42
38
33
30
28
21
15
14
6
1
0
-6
-9
-13
-16
-18
-23
-23
-27
-31
-29
-33
-36
-35
-38
-40
-43
-44
-42
-41
-41
-39
-37
-36
-34
-29
-32
-29
-28
-28
-22
-22
-21
-17
-16
-11
-9
-7
-2
-1
4
4
6
8
7
7
9
10
10
10
10
12
10
11
12
12
11
8
8
7
4
2
0
-1
-2
-5
-8
-9
-12
-13
-10
-17
-19
-19
-21
-22
-24
-26
-28
-24
-27
-30
-30
-30
-34
-35
-36
-34
-33
-35
-34
-29
-29
-32
-26
-26
-23
-21
-18
-13
-13
-9
-5
-1
4
9
11
13
17
27
28
29
36
37
41
43
48
51
55
60
62
68
66
71
71
69
75
76
74
77
74
69
69
68
68
66
63
59
57
54
50
44
41
35
29
26
19
12
10
3
-3
-7
-10
-20
-26
-32
-40
-41
-46
-50
-51
-56
-60
-60
-67
-66
-69
-69
-69
-71
-71
-70
-67
-63
-60
-61
-55
-51
-49
-45
-43
-38
-33
-27
-24
-17
-17
-11
-4
0
6
9
14
16
20
26
27
32
30
34
37
38
45
42
43
43
45
46
41
43
39
39
37
36
33
29
26
22
18
17
14
9
5
3
-1
-3
-7
-8
-12
-13
-16
-20
-26
-25
-27
-30
-30
-32
-32
-34
-32
-33
-32
-33
-30
-29
-28
-25
-24
-25
-23
-21
-20
-17
-14
-12
-9
-8
-4
-2
0
2
4
12
12
12
19
19
20
20
26
27
26
28
27
32
31
35
36
32
34
33
30
31
28
24
26
24
23
22
20
17
13
11
7
4
4
-2
-4
-9
-12
-16
-19
-20
-25
-27
-27
-34
-33
-34
-38
-36
-40
-40
-41
-39
-43
-41
-38
-40
-36
-35
-32
-31
-27
-23
-20
-18
-14
-12
-8
-4
0
5
10
14
13
16
20
24
29
30
37
37
39
42
43
46
47
46
49
48
45
44
43
42
44
41
39
39
34
33
27
24
24
21
18
14
10
4
-1
-3
-5
-9
-15
-16
-20
-20
-19
-23
-25
-29
-27
-30
-30
-33
-33
-35
-30
-29
-31
-24
-30
-29
-27
-27
-23
-20
-19
-17
-13
-9
-11
-7
-5
-6
-3
-2
0
4
4
7
11
11
13
13
11
11
13
13
12
13
14
13
9
10
9
8
6
4
6
3
5
1
-2
1
-3
-3
-6
-3
-7
-12
-9
-10
-11
-10
-12
-14
-14
-12
-12
-12
-12
-11
-8
-8
-9
-9
-6
-6
1
5
5
4
6
10
8
10
12
14
14
14
18
16
16
18
18
23
24
21
23
22
23
22
20
18
16
16
18
16
17
13
12
10
9
11
6
10
9
6
5
5
3
-2
-4
-6
-6
-5
-5
-5
-7
-9
-9
-8
-7
-10
-11
-13
-15
-13
-15
-12
-12
-13
-12
-14
-11
-11
-9
-9
-15
-11
-10
-10
-11
-11
-10
-9
-10
-13
-14
-14
-17
-19
-16
-17
-19
-17
-20
-19
-19
-21
-22
-22
-21
-22
-22
-23
-23
-24
-24
-23
-24
-26
-25
-24
-25
-26
-25
-25
-25
-23
-24
-21
-16
-16
-13
-12
-12
-11
-10
-6
-4
-3
-2
0
3
5
10
10
9
10
12
16
18
20
22
23
23
26
29
30
30
34
32
33
32
33
32
28
31
28
32
31
31
25
28
26
22
21
20
20
18
17
14
13
9
10
8
3
3
4
1
3
4
1
2
1
2
0
1
2
2
0
2
3
-1
0
1
3
6
6
8
9
11
11
10
9
11
14
13
14
15
15
14
13
14
16
16
12
19
17
15
16
14
13
9
12
8
6
1
0
-1
-5
-7
-12
-15
-19
-20
-24
-28
-31
-35
-39
-43
-43
-43
-46
-46
-50
-50
-52
-54
-56
-55
-57
-59
-56
-57
-57
-57
-55
-51
-51
-48
-46
-44
-40
-38
-35
-30
-27
-23
-22
-18
-12
-10
-4
-3
3
6
10
17
17
18
23
27
32
30
32
34
37
37
39
40
41
40
38
37
35
37
33
36
33
34
34
29
31
29
28
25
27
26
22
21
19
17
18
18
15
15
14
13
9
8
10
9
5
3
9
7
5
7
3
11
11
9
10
10
12
10
13
12
12
13
12
10
11
13
13
13
18
16
14
14
13
14
13
14
15
17
16
14
12
13
10
9
12
12
9
8
9
4
3
2
4
0
-2
-4
-4
-6
-10
-12
-15
-14
-18
-22
-24
-24
-26
-29
-32
-35
-32
-35
-39
-36
-39
-41
-39
-39
-41
-41
-42
-41
-41
-42
-42
-41
