1
0
0
-3
0
1
3
0
-1
0
0
1
1
3
2
4
3
1
0
2
2
0
0
2
2
0
2
2
0
-1
1
1
-1
0
3
0
-1
-1
-1
-1
-2
0
1
1
1
-2
2
4
3
3
2
1
1
2
2
-2
-1
1
2
0
2
2
1
0
-1
0
-1
0
0
2
-1
-2
3
5
2
2
4
7
5
3
2
3
8
5
8
4
2
5
5
5
4
5
4
3
3
-1
2
0
-1
0
2
0
0
1
0
1
2
3
2
1
1
0
2
5
4
5
4
4
4
4
4
5
4
5
6
6
7
6
6
5
5
6
6
7
7
6
3
5
4
8
9
6
7
8
5
5
7
5
6
7
8
6
2
5
8
8
8
6
5
4
8
5
4
3
5
4
4
5
2
0
0
1
-2
1
3
3
-2
1
2
0
2
-2
0
-3
-3
-2
-1
2
-1
1
-2
-1
-3
-1
1
0
-1
-2
-5
-7
-4
-4
-1
-1
-1
-3
-1
0
-2
0
-6
-4
-4
-2
-1
-2
-4
-4
-2
-2
-3
-3
-4
-4
-3
-7
-7
-5
-1
-4
-1
-3
-5
-3
-6
-3
-4
-5
-3
-2
-4
-4
-2
-2
-3
0
-3
-3
-1
-3
-2
0
-3
-2
0
-2
-1
-5
-3
1
-3
-1
-3
-2
-3
-3
-7
-6
-6
-3
-4
-4
-1
-3
-3
-3
2
2
0
2
1
-1
2
2
0
-1
-1
1
-4
-1
-2
-6
-3
-1
-4
-4
-2
0
0
-1
-1
0
2
3
2
3
5
3
2
2
3
3
4
4
7
5
4
6
4
5
6
5
4
5
4
0
0
3
0
1
0
-1
-3
-2
-2
-3
-1
-2
0
-1
-2
-2
-4
-2
0
1
1
0
0
1
4
3
3
4
5
5
4
5
0
1
2
1
-2
-1
-2
-3
2
4
1
-2
0
-2
2
4
0
0
3
4
5
3
4
4
4
5
6
0
4
2
3
3
1
7
5
3
3
4
5
4
3
7
5
3
6
4
1
1
1
4
5
3
4
1
4
3
6
4
0
3
2
3
4
3
8
5
4
3
0
2
1
0
0
3
3
0
-2
0
0
0
4
1
2
4
0
4
5
4
4
3
1
4
5
3
5
5
6
4
2
2
2
3
5
5
6
6
4
1
6
5
6
6
5
6
7
7
2
2
2
1
1
4
3
3
2
-1
2
3
0
-3
1
2
-1
-1
0
1
-1
0
-1
-2
1
0
-2
-4
-4
-3
-3
-3
-3
-4
-3
-2
-2
2
-2
-4
0
1
-1
0
-3
-2
-3
-2
-2
-3
-3
-6
-3
-2
-2
-3
-3
-4
-3
-3
-5
0
-3
-6
-5
-3
-4
-4
-4
-6
-7
-5
-7
-8
-6
-6
-7
-8
-9
-4
-2
-2
-4
-7
-7
-8
-4
-7
-10
-5
-7
-3
-5
-4
-5
-5
-2
-9
-4
-3
-2
-5
-5
-1
-4
-4
-4
-3
-2
-4
-7
-5
-6
-6
-4
-6
-6
-4
-6
-6
-4
-4
-3
-5
-6
-3
-4
-6
-8
-4
-6
-5
-2
-3
-1
-2
-5
-2
-3
-2
-2
0
-1
-3
-3
-4
-1
-3
-4
-5
-3
-3
-2
-1
-2
-2
-1
-4
-4
-1
-3
-3
-1
-2
-4
-1
-2
-4
-2
-2
-2
-1
-4
-3
-3
-2
0
-3
-2
-2
-3
-4
-3
-1
-4
-2
-4
-8
-1
-2
-2
-3
-5
-3
-6
-5
-5
-4
-4
-2
-3
-4
-3
-3
-4
-4
-1
-3
-5
-2
-4
-3
-2
1
1
0
3
1
-1
2
1
-3
1
2
0
1
2
3
2
-1
2
3
3
1
3
5
2
0
1
3
3
3
5
4
2
1
2
5
4
3
1
1
1
3
5
1
5
2
5
3
0
4
3
1
5
5
5
5
2
7
6
4
10
7
5
6
5
4
5
4
2
3
7
7
4
4
9
8
6
10
7
10
10
7
7
9
8
8
7
7
8
4
6
6
5
4
3
3
2
1
2
0
4
2
3
3
0
4
1
4
2
-1
1
3
1
1
2
2
1
0
3
4
2
3
1
-2
-1
0
0
0
0
-2
0
3
-1
-2
-2
-1
-3
-4
-3
-4
-2
-2
-2
-3
-5
-4
-4
-3
-7
-7
-6
-6
-3
-5
-4
-5
-4
-3
-6
-7
-5
-3
-6
-4
-5
-1
-2
-3
0
-3
-3
-2
0
0
-2
-2
-3
-1
-3
-2
-3
-7
-2
-3
-3
-4
-4
-5
-5
-2
-6
-6
-4
-5
-6
-6
-3
-4
-4
-2
-2
-2
-3
-3
-3
-4
-1
-4
-4
-4
-2
-3
-6
-3
-5
-4
-1
-4
-6
-5
-2
-3
-2
-2
-2
-4
-6
-2
-3
-1
1
-3
-5
-5
-1
-1
-1
-5
-3
0
-1
-1
1
0
1
-2
-6
-3
-3
-2
-2
0
-2
1
-5
-6
-5
-5
-5
-5
0
-2
2
-2
-3
-1
-1
-1
-2
0
1
2
3
3
3
2
3
5
3
1
3
1
6
5
3
3
3
6
6
5
3
5
4
0
2
3
2
5
2
3
5
2
5
7
5
4
3
1
4
-1
3
7
3
4
3
5
5
2
4
3
3
3
0
2
5
3
4
1
3
6
4
6
6
4
6
2
3
3
4
6
8
7
3
8
6
4
5
3
4
4
5
7
3
1
3
6
6
0
0
1
2
3
1
5
4
3
5
7
3
2
2
5
7
3
3
2
2
4
4
1
4
2
2
5
2
5
6
3
3
2
6
3
3
3
1
4
3
3
5
4
4
6
7
5
2
3
2
3
5
5
4
2
2
-1
3
2
-1
0
0
2
0
0
1
3
1
2
1
3
3
1
0
4
3
1
1
-1
1
-1
-3
1
-2
0
-1
-1
0
-2
1
0
-2
-2
0
1
0
0
-3
-3
-4
-3
-1
-2
0
-1
0
0
1
-1
-1
-2
-4
0
0
1
-2
-4
-2
0
-1
-3
-4
-5
-2
-3
-6
-2
-1
-2
-3
-2
-2
-3
1
-2
0
3
-1
-5
-4
-5
-5
-4
-7
-4
-4
-4
-8
-6
-4
-4
-7
-8
-4
-7
-5
-4
-5
-4
-5
-7
-6
-6
-5
-1
-6
-9
-5
-6
-5
-5
-6
-6
-6
-6
-5
-7
-6
-5
-6
-5
-6
-4
-6
-4
-3
-5
-2
-2
-1
-2
-3
-1
1
0
0
-3
-1
-1
-1
2
-4
-4
-1
-1
0
1
-4
1
0
-3
-2
-4
-1
-2
0
1
0
0
-1
1
-1
2
3
0
2
2
3
-1
0
3
-3
-1
0
0
-1
-4
-5
-2
-2
-2
0
0
0
-2
0
-3
-3
-2
-5
-4
-3
-4
-5
-1
-3
-6
-5
-4
-4
-5
-4
-8
-6
-5
-4
-2
-2
0
-2
-3
-1
-1
0
0
-3
1
2
0
0
2
0
2
3
-2
-1
-1
-2
-3
-1
-2
-3
-3
-6
-2
-2
-3
0
0
0
-2
0
-1
-4
-5
-1
-2
0
-1
2
2
1
2
1
0
-2
1
-1
4
0
-1
-1
0
-2
-1
1
-2
3
5
4
3
2
2
3
2
3
-1
0
-1
2
2
2
2
2
4
6
7
5
8
10
6
8
7
8
7
5
6
6
5
6
5
5
7
2
4
6
5
5
3
3
3
5
4
6
4
7
8
6
6
6
6
9
9
7
7
7
8
6
4
8
9
10
10
9
7
9
7
7
7
5
7
5
3
5
5
3
4
1
2
3
3
2
0
-3
-1
0
-1
-1
2
3
2
1
-1
1
-1
1
1
-2
-1
1
2
5
1
1
1
3
3
2
2
2
0
0
-3
-4
0
-4
-2
0
0
2
-1
-1
-2
-2
0
-2
-1
-2
-4
-4
-2
-1
-2
-1
-3
-2
-2
-1
-2
0
2
1
0
0
-1
-1
1
1
0
1
0
-2
-3
-1
-3
-1
-6
-5
-4
-5
-5
-2
-2
-4
0
-2
-1
-2
0
0
-2
-2
-3
-2
-1
-3
-4
0
-2
-1
-2
-1
0
-1
-2
-2
-5
-4
-2
-1
0
-2
-3
-5
-6
-5
-3
-4
-4
-3
-6
-6
-1
-3
-5
-5
-5
-4
-3
-5
-6
-6
-3
-2
-1
-2
-4
-1
-3
-3
-3
-4
-1
-1
-1
-2
1
1
2
0
0
1
1
2
3
1
2
0
1
1
-2
1
0
0
-3
-1
0
-1
2
5
4
0
4
4
4
5
6
3
1
3
4
6
2
4
1
2
3
2
1
-3
4
1
-1
1
-1
-1
-4
-2
-1
-3
0
0
-1
0
-1
-2
-4
-1
2
1
0
1
1
-1
3
-1
0
-3
-3
0
0
1
2
3
1
2
-3
1
0
2
3
2
3
5
3
4
5
3
4
8
7
3
5
5
4
7
6
5
3
3
5
5
4
4
4
4
7
4
4
3
3
2
2
3
1
4
1
2
4
2
1
3
3
1
0
1
0
-2
-1
-3
0
2
1
1
3
2
1
3
4
1
2
4
2
3
-2
-2
-2
1
0
-3
0
-3
-3
-2
-2
-3
-5
-2
-3
-4
-3
-5
-4
-5
-2
-2
-4
-4
1
1
-3
-4
-3
-1
-3
-2
-2
-4
-2
-3
-4
-2
-1
0
0
-1
-5
-4
1
-4
-2
-5
-4
1
-3
-4
-2
-4
2
-2
-5
-2
2
-2
-5
-5
-1
0
-2
-2
-4
1
-1
-2
-5
-5
-1
-3
-7
-4
-4
0
-2
-5
-3
-2
0
0
0
-2
0
1
1
0
-1
0
-1
0
2
0
0
2
3
2
1
3
5
1
4
4
0
3
4
-1
2
2
2
4
2
1
-1
2
2
1
0
3
1
4
1
-1
2
2
7
2
0
2
-1
4
2
-2
1
2
4
2
-2
-3
-2
3
0
-4
-1
2
4
-2
-4
-1
4
4
0
-1
1
4
2
2
-1
4
5
0
-3
-2
3
1
-1
-2
1
8
5
1
-1
6
6
0
-2
-3
4
3
2
-4
-1
3
4
1
-4
3
5
4
0
-2
2
4
1
-2
-1
4
4
-1
-1
0
0
1
0
1
2
2
0
-1
2
-1
-4
-3
-1
-2
-1
-2
-4
-1
3
1
-2
0
3
2
-1
-4
3
5
4
5
2
9
11
10
8
5
9
11
10
10
8
-2
0
6
9
6
-9
-13
-2
6
-4
-24
-28
-5
2
-27
-68
-49
11
13
-60
-115
-55
34
10
-100
-135
-35
46
-13
-118
-102
8
48
-38
-115
-55
60
64
-41
-92
-2
105
86
-16
-42
48
133
104
21
30
120
164
108
43
84
191
216
124
41
98
232
262
149
53
111
231
242
137
87
162
217
159
82
111
203
209
103
22
66
164
181
91
7
18
88
94
28
-14
16
49
-1
-83
-90
-11
31
-48
-152
-168
-95
-41
-85
-162
-192
-155
-133
-166
-198
-175
-133
-155
-229
-259
-194
-120
-132
-215
-259
-221
-163
-154
-177
-190
-178
-180
-202
-199
-155
-118
-138
-194
-224
-191
-141
-129
-162
-204
-213
-192
-191
-226
-244
-196
-157
-238
-394
-415
-226
-75
-214
-510
-570
-305
-92
-223
-494
-514
-293
-178
-306
-408
-285
-110
-140
-296
-286
-64
126
104
-10
-17
123
293
390
404
380
431
571
639
563
566
875
1184
954
357
304
1126
1779
1249
185
91
1077
1658
1031
213
359
990
935
271
63
584
900
391
-327
-359
202
515
151
-441
-609
-318
-97
-266
-552
-556
-386
-445
-759
-891
-599
-262
-382
-838
-1042
-757
-372
-348
-603
-733
-614
-488
-506
-515
-364
-202
-260
-459
-501
-274
3
60
-103
-250
-205
-27
106
135
113
95
66
35
74
202
317
293
142
16
52
204
304
242
73
-21
19
69
10
-77
-53
11
-91
-366
-502
-301
-28
-110
-543
-812
-613
-266
-243
-547
-741
-617
-447
-487
-572
-456
-254
-258
-452
-480
-183
166
240
77
0
168
472
714
784
725
729
935
1168
1164
1083
1353
1832
1777
1041
671
1528
2638
2340
866
231
1308
2403
1898
656
474
1242
1327
450
-16
570
1072
475
-581
-895
-317
219
-32
-821
-1339
-1182
-826
-872
-1221
-1338
-1146
-1175
-1613
-1886
-1510
-895
-880
-1495
-1931
-1657
-1041
-758
-943
-1188
-1134
-926
-856
-794
-479
-127
-178
-515
-585
-201
293
534
427
166
84
314
662
834
839
790
677
524
504
753
1059
1060
658
116
-23
401
819
659
-88
-704
-581
-69
2
-587
-1048
-977
-869
-1097
-1375
-1288
-1017
-1061
-1528
-1862
-1524
-908
-779
-1151
-1346
-1045
-589
-301
-224
-161
67
362
575
749
1044
1409
1650
1726
1752
1923
2374
2866
2824
2175
1828
2597
3681
3471
2047
1332
2291
3318
2699
1273
1062
1957
1974
714
-63
515
1055
388
-717
-1140
-881
-628
-820
-1425
-1972
-1962
-1691
-1832
-2315
-2425
-2029
-1901
-2417
-2873
-2527
-1807
-1700
-2216
-2492
-2159
-1702
-1542
-1563
-1538
-1375
-1174
-1110
-1090
-824
-340
-163
-404
-506
-174
306
516
478
430
464
624
814
917
981
1057
1041
862
787
929
984
817
689
734
662
228
-246
-149
386
324
-649
-1389
-1075
-461
-551
-1247
-1763
-1682
-1330
-1342
-1674
-1673
-1374
-1341
-1608
-1593
-1094
-552
-399
-670
-738
-170
597
924
845
942
1324
1771
2126
2299
2457
2759
3255
3453
2932
2381
2941
4386
4711
3183
1744
2280
3861
4023
2570
1556
1965
2380
1561
621
834
1416
901
-430
-1195
-963
-448
-454
-1156
-2099
-2481
-2137
-1851
-2135
-2552
-2538
-2422
-2758
-3202
-3011
-2261
-1927
-2439
-3056
-2930
-2229
-1720
-1674
-1847
-1898
-1704
-1393
-1195
-993
-573
-270
-454
-709
-416
241
661
669
450
299
496
908
1144
1179
1113
1017
953
922
859
867
1161
1174
543
-70
-105
281
479
210
-508
-1133
-1106
-824
-718
-890
-1351
-1876
-1992
-1665
-1512
-1552
-1580
-1740
-1869
-1726
-1292
-916
-660
-594
-774
-511
226
843
1050
1129
1378
1631
2111
2573
2818
3092
3437
3807
3656
3148
2996
3874
5228
4980
3083
1800
2859
4598
4270
2467
1517
2115
2369
1322
492
876
1395
483
-1132
-1768
-1209
-575
-838
-1821
-2858
-3154
-2662
-2305
-2643
-3152
-3154
-3096
-3477
-3808
-3332
-2459
-2349
-3096
-3659
-3220
-2294
-1775
-1831
-2069
-2058
-1795
-1409
-1047
-677
-280
-167
-405
-542
-45
768
1191
1028
666
655
994
1454
1727
1721
1564
1420
1300
1016
1175
1920
2112
882
-544
-246
1114
1622
277
-1448
-1443
-307
-76
-1193
-1730
-1317
-1397
-2024
-2368
-1952
-1362
-1307
-1997
-2616
-1975
-886
-541
-904
-1093
-660
16
611
742
867
1515
2108
2165
2026
2491
3339
3819
3831
3735
3838
3779
3485
3759
4897
5409
3976
2142
2267
4022
4698
3190
1558
1575
2154
1543
499
598
1148
514
-1038
-1903
-1610
-995
-957
-1694
-2798
-3465
-3192
-2550
-2513
-3106
-3476
-3381
-3426
-3728
-3576
-2807
-2324
-2812
-3611
-3511
-2564
-1794
-1665
-1919
-2125
-2026
-1540
-978
-662
-409
-218
-355
-552
-206
604
1165
1087
706
518
800
1307
1661
1761
1563
1223
845
841
1414
1922
1496
51
-639
211
1231
828
-838
-1620
-955
-200
-727
-1844
-1865
-1341
-1455
-2223
-2490
-1898
-1357
-1498
-2232
-2338
-1474
-606
-579
-1046
-870
-136
562
790
821
1245
1877
2365
2346
2350
2869
3605
3978
3873
3964
4072
3846
3498
3886
5070
5232
3811
2237
2502
4107
4408
2976
1572
1679
2133
1486
554
483
918
368
-1013
-1867
-1697
-1111
-1166
-1948
-3002
-3544
-3183
-2717
-2845
-3406
-3674
-3541
-3676
-3989
-3844
-3100
-2627
-3167
-3842
-3630
-2737
-2095
-2016
-2111
-2212
-2060
-1615
-1119
-749
-420
-185
-290
-413
-38
787
1339
1270
966
881
1175
1617
1943
1950
1649
1212
1204
1714
1911
1192
110
203
1183
1218
-105
-1380
-1077
-28
-33
-1392
-2442
-1974
-1161
-1470
-2472
-2597
-2020
-1770
-2063
-2420
-2006
-1280
-930
-1258
-1481
-663
342
678
390
467
1333
2284
2629
2267
2387
3151
3913
4117
3893
4139
4288
3987
3635
4080
5294
5225
3589
2228
2857
4350
4182
2658
1587
1840
2042
1190
393
505
851
52
-1363
-1969
-1651
-1255
-1520
-2252
-3133
-3620
-3283
-2865
-3082
-3625
-3742
-3582
-3819
-4159
-3848
-3090
-2819
-3355
-3867
-3497
-2606
-2136
-2151
-2158
-2010
-1789
-1491
-1021
-613
-279
-34
-110
-152
266
1052
1501
1394
1217
1188
1473
1879
2093
1866
1668
1886
1863
1411
761
843
1617
1641
505
-916
-851
313
517
-647
-1876
-1922
-1387
-1277
-1718
-2106
-2085
-2096
-2233
-2329
-1920
-1321
-1270
-1551
-1666
-1102
-166
328
313
199
650
1493
2061
2289
2397
2705
3062
3449
3878
4240
4370
3919
3569
3765
4592
5247
4589
3359
2687
3391
4223
3739
2620
1967
2235
2057
1129
530
765
1061
131
-1180
-1687
-1294
-981
-1501
-2248
-2889
-3097
-2998
-2950
-3066
-3403
-3522
-3600
-3865
-4020
-3744
-3165
-3053
-3526
-3880
-3518
-2783
-2391
-2344
-2335
-2180
-2015
-1717
-1225
-764
-410
-324
-375
-270
218
935
1353
1305
1055
1108
1529
1867
1810
1740
2027
2029
1464
812
858
1646
1946
1103
-278
-753
59
676
119
-1049
-1667
-1497
-1239
-1350
-1659
-1743
-1811
-2131
-2380
-2024
-1206
-925
-1324
-1708
-1391
-377
356
425
252
527
1271
1846
2225
2493
2842
3123
3267
3612
4193
4765
4417
3586
3475
4465
5645
5170
3558
2641
3456
4670
4159
2701
2016
2504
2550
1377
429
618
1179
508
-1003
-1820
-1568
-1101
-1435
-2261
-2954
-3216
-3159
-3227
-3459
-3651
-3614
-3612
-4047
-4491
-4216
-3426
-3129
-3667
-4194
-3947
-3234
-2770
-2668
-2612
-2459
-2343
-2193
-1770
-1152
-643
-525
-662
-634
-181
559
1098
1183
993
999
1333
1664
1774
1814
2077
2123
1626
1024
927
1598
2114
1541
200
-628
-130
681
543
-541
-1545
-1679
-1319
-1198
-1539
-1869
-2002
-2199
-2381
-2243
-1678
-1233
-1351
-1761
-1821
-1080
-88
379
281
177
597
1370
2093
2470
2599
2799
3076
3433
3908
4512
4680
4049
3434
3781
5141
5746
4553
3017
2981
4324
4683
3397
2271
2497
2980
2087
695
467
1229
1209
-188
-1463
-1611
-1107
-1077
-1744
-2519
-3022
-3078
-3037
-3264
-3614
-3656
-3403
-3583
-4325
-4603
-3882
-3114
-3285
-4050
-4212
-3588
-3030
-2875
-2837
-2560
-2290
-2260
-2149
-1690
-989
-513
-483
-657
-594
27
825
1189
1047
890
1151
1511
1712
1764
1903
2101
1825
1318
1107
1506
1924
1532
729
138
231
538
341
-212
-724
-915
-1150
-1375
-1386
-1380
-1597
-2083
-2289
-2115
-1700
-1400
-1525
-1717
-1690
-1217
-619
-257
-62
93
478
990
1467
1830
2187
2639
2925
3031
3257
3991
4627
4319
3461
3167
4256
5671
5520
3735
2441
3403
4977
4576
2757
2060
2888
3055
1698
516
873
1629
1018
-593
-1551
-1213
-713
-1030
-1866
-2660
-3000
-2925
-2831
-3102
-3569
-3578
-3353
-3740
-4455
-4334
-3362
-2927
-3664
-4365
-4027
-3239
-2838
-2843
-2773
-2564
-2410
-2256
-1882
-1272
-779
-574
-664
-706
-323
434
1136
1198
949
979
1373
1810
1923
1863
1866
2142
2200
1600
1034
1275
2094
2116
928
-224
-144
895
1022
-220
-1281
-1170
-727
-1083
-1629
-1722
-1654
-1820
-2248
-2353
-1957
-1345
-1313
-1898
-1998
-1312
-386
-74
-188
-115
319
1154
1671
1819
1985
2541
3199
3227
3157
3515
4429
4854
4048
3087
3353
5199
6133
4527
2317
2438
4677
5184
3167
1614
2353
3336
2114
390
341
1469
1398
-360
-1703
-1668
-945
-921
-1687
-2573
-3286
-3262
-2889
-2901
-3549
-3945
-3477
-3477
-4345
-4726
-3739
-2746
-3319
-4392
-4377
-3423
-2783
-2813
-2847
-2679
-2483
-2338
-2032
-1505
-990
-681
-668
-757
-567
103
936
1276
966
830
1239
1679
1901
2056
2192
1833
1438
1739
2078
1873
1324
1041
1059
895
500
72
47
58
-572
-1397
-1504
-1081
-1262
-1900
-2252
-2258
-2117
-2077
-2079
-2097
-1989
-1768
-1714
-1498
-977
-550
-345
-169
179
712
1278
1712
1943
2216
2742
3196
3360
3453
3934
4717
4778
3689
2955
4309
6321
5903
3257
1923
3687
5625
4704
2317
1756
3063
3131
1296
223
1089
1794
564
-1276
-1835
-1262
-790
-1111
-2110
-3204
-3554
-3019
-2652
-3227
-3976
-3835
-3441
-3941
-4722
-4331
-3080
-2870
-4006
-4685
-3879
-2733
-2550
-2885
-2857
-2548
-2319
-2031
-1526
-1055
-757
-586
-589
-560
-36
902
1467
1296
979
1160
1751
2204
2303
2191
2010
2048
2237
2201
1768
1356
1630
1980
1431
268
-276
367
851
16
-1324
-1677
-1107
-1035
-1685
-2160
-2106
-2062
-2336
-2545
-2406
-1909
-1642
-1962
-2162
-1648
-788
-357
-394
-346
42
793
1516
1711
1761
2216
2867
3245
3334
3522
4036
4699
4691
3683
3178
4540
6259
5581
3081
2121
3909
5702
4610
2091
1537
2997
3297
1353
24
902
1746
469
-1507
-1943
-1195
-815
-1399
-2445
-3397
-3663
-3142
-2884
-3461
-4194
-4122
-3752
-4192
-4863
-4536
-3320
-3060
-4264
-4971
-4074
-2789
-2645
-3078
-3023
-2664
-2324
-2022
-1577
-1109
-747
-488
-539
-512
99
1082
1599
1239
942
1269
1916
2417
2433
2121
1748
1965
2448
2265
1732
1391
1561
1689
1172
286
-75
588
658
-647
-1666
-1246
-646
-1291
-2078
-2209
-2067
-2026
-2289
-2490
-2351
-1801
-1638
-2079
-1982
-1230
-595
-484
-430
-149
307
1053
1581
1705
1818
2381
3058
3264
3493
3866
4173
4407
4438
4132
3695
4285
5624
5650
3866
2429
3346
5041
4838
2836
1606
2442
3003
1632
128
608
1709
675
-1468
-2151
-1344
-864
-1502
-2416
-3239
-3661
-3403
-3080
-3375
-4064
-4187
-3930
-4159
-4719
-4600
-3614
-3171
-4024
-4884
-4272
-2941
-2595
-3052
-3072
-2550
-2300
-2143
-1596
-963
-636
-608
-518
-388
94
988
1493
1321
904
1176
1839
2196
2309
2110
1832
1485
1664
2230
2156
1480
582
588
1113
918
48
-644
-345
-406
-1217
-1710
-1628
-1395
-1815
-2312
-2596
-2542
-2136
-2160
-2316
-2338
-2033
-1725
-1560
-1129
-858
-580
-199
237
659
1053
1640
1927
2153
2647
3202
3522
3642
4038
4402
4702
4775
4271
3714
4165
5723
6146
4379
2433
2782
4847
5309
3301
1377
1843
3019
2058
183
93
1354
996
-1196
-2406
-1810
-1030
-1386
-2386
-3232
-3729
-3588
-3179
-3247
-3846
-4221
-3974
-3951
-4470
-4596
-3769
-2962
-3510
-4551
-4278
-2962
-2261
-2619
-2756
-2288
-1996
-1817
-1365
-710
-319
-193
-51
-22
279
1043
1821
1887
1351
1364
1924
2408
2532
2454
2263
1708
1540
2051
2495
2080
914
318
680
1075
519
-432
-627
-586
-1086
-1715
-1747
-1559
-1821
-2327
-2760
-2843
-2476
-2123
-2248
-2546
-2461
-2048
-1649
-1242
-907
-745
-417
100
586
938
1457
2065
2298
2510
2902
3402
3878
4363
4707
4548
4566
4752
4509
4267
5036
6253
5600
3375
2427
4000
5678
4638
2156
1373
2636
2939
1155
50
897
1389
-255
-2068
-2003
-1174
-1154
-1957
-2840
-3576
-3835
-3336
-2950
-3433
-4245
-4323
-3939
-4124
-4555
-4183
-3196
-3119
-4176
-4605
-3542
-2329
-2276
-2699
-2596
-2229
-1932
-1476
-846
-463
-345
-183
-80
93
676
1518
1868
1467
1203
1553
2171
2516
2509
2313
1822
1505
1753
2351
2377
1377
399
333
914
824
-44
-592
-715
-990
-1597
-1776
-1620
-1776
-2225
-2751
-2909
-2668
-2242
-2214
-2595
-2627
-2302
-1836
-1438
-1050
-794
-620
-173
317
724
1150
1801
2266
2348
2550
2993
3617
4090
4381
4388
4335
4641
4650
4176
4064
5101
5936
4742
2707
2332
4096
5249
3806
1515
1157
2460
2338
588
-62
859
882
-996
-2371
-1959
-1179
-1325
-2209
-3148
-3865
-3819
-3186
-3037
-3696
-4348
-4271
-4009
-4186
-4412
-3951
-3148
-3299
-4273
-4431
-3248
-2222
-2349
-2701
-2514
-2158
-1850
-1285
-676
-452
-363
-181
-58
154
819
1537
1615
1189
1036
1513
2096
2379
2342
2126
1755
1408
1597
2047
2120
1511
656
277
300
417
288
-83
-701
-1525
-1870
-1553
-1211
-1645
-2487
-2881
-2778
-2466
-2295
-2295
-2426
-2487
-2313
-1956
-1379
-867
-622
-553
-330
229
918
1488
1848
2054
2253
2672
3230
3667
3866
4054
4399
4569
4621
4553
4217
4048
4645
5580
5119
3285
2251
3274
4783
4252
2165
1062
1818
2308
1066
-78
291
756
-401
-2043
-2307
-1628
-1368
-1975
-2918
-3712
-3939
-3477
-3096
-3473
-4193
-4297
-3943
-3999
-4344
-4104
-3257
-2995
-3743
-4280
-3558
-2335
-1962
-2308
-2407
-2097
-1715
-1215
-635
-321
-209
-47
52
124
600
1432
1782
1420
1086
1235
1851
2335
2342
2123
1904
1781
1505
1514
1783
1643
1229
668
198
-186
-148
213
-135
-1084
-1988
-2081
-1545
-1342
-1895
-2810
-2975
-2629
-2470
-2472
-2412
-2255
-2303
-2239
-1900
-1407
-797
-419
-363
-298
182
1031
1733
1935
1941
2164
2773
3423
3649
3786
4052
4394
4519
4562
4815
4628
4118
4120
5050
5555
4299
2690
2585
4021
4651
3280
1565
1218
2033
1877
634
6
282
170
-1093
-2030
-1887
-1505
-1670
-2412
-3200
-3763
-3619
-3068
-3059
-3697
-4201
-4012
-3756
-3837
-3927
-3579
-3035
-3131
-3666
-3652
-2694
-1846
-1971
-2314
-2154
-1645
-1204
-799
-448
-331
-212
15
208
434
923
1481
1546
1249
1201
1545
2027
2236
2103
1924
1861
1839
1526
1320
1526
1551
1108
333
-127
-104
89
20
-864
-1695
-1787
-1558
-1640
-2080
-2333
-2625
-2858
-2872
-2764
-2473
-2320
-2373
-2622
-2463
-1675
-1105
-924
-861
-568
-97
394
978
1383
1671
2078
2476
2716
2975
3469
3937
4028
4090
4374
4662
4800
4511
3999
3875
4648
5466
4733
3039
2277
3341
4504
3702
1813
1010
1841
2074
759
-232
34
422
-572
-1959
-2255
-1796
-1541
-2141
-2986
-3600
-3724
-3315
-3136
-3489
-4041
-4019
-3660
-3747
-4013
-3786
-3023
-2758
-3337
-3714
-3038
-1990
-1782
-2117
-2126
-1720
-1336
-1028
-662
-370
-113
44
58
110
547
1243
1507
1278
1001
1137
1576
1866
1920
1722
1569
1549
1397
1129
954
1158
1282
772
-105
-786
-512
233
99
-1182
-2297
-1989
-1313
-1390
-2011
-2548
-2587
-2472
-2372
-2419
-2278
-1861
-1905
-2172
-1990
-1180
-471
-369
-438
-342
261
1059
1494
1571
1725
2219
2611
2764
3004
3434
3745
3701
3690
4054
4435
4453
4113
3616
3403
3930
4863
4674
3045
1847
2524
3923
3690
1935
826
1367
1960
954
-334
-177
536
-135
-1729
-2288
-1761
-1439
-1861
-2565
-3197
-3521
-3291
-2935
-3039
-3516
-3663
-3357
-3282
-3621
-3614
-2835
-2263
-2746
-3415
-3015
-1919
-1481
-1758
-1873
-1586
-1275
-1020
-658
-359
-141
84
110
-5
203
869
1361
1198
833
810
1190
1578
1592
1479
1415
1282
1046
944
1092
1032
846
630
141
-422
-579
-175
-100
-769
-1669
-2101
-1696
-1303
-1652
-2406
-2662
-2407
-2360
-2366
-2219
-2079
-2118
-2185
-1942
-1429
-844
-558
-582
-428
63
666
1152
1469
1670
1932
2395
2761
2873
3141
3623
3879
3809
3931
4361
4560
4443
4126
3732
3660
4335
5063
4401
2693
1895
2977
4159
3411
1503
740
1625
1863
439
-654
-108
428
-774
-2310
-2436
-1786
-1711
-2342
-3018
-3533
-3646
-3308
-3096
-3377
-3790
-3706
-3398
-3504
-3792
-3508
-2647
-2377
-3043
-3400
-2682
-1699
-1533
-1798
-1715
-1420
-1168
-885
-460
-134
-9
113
93
73
448
1121
1442
1096
789
905
1243
1554
1605
1484
1337
1255
1003
666
889
1354
1217
264
-685
-709
35
510
-359
-1806
-2110
-1340
-1015
-1659
-2236
-2283
-2260
-2375
-2517
-2384
-1993
-1814
-2126
-2391
-1867
-1001
-622
-723
-778
-377
323
937
1155
1168
1463
1995
2456
2650
2798
3153
3472
3549
3547
3863
4331
4460
4225
3751
3389
3571
4361
4805
3948
2491
1916
2779
3722
3189
1626
802
1260
1407
389
-463
-162
172
-733
-2058
-2452
-1950
-1566
-1955
-2824
-3492
-3470
-3066
-2942
-3170
-3397
-3386
-3311
-3429
-3557
-3175
-2363
-2122
-2798
-3229
-2567
-1600
-1297
-1437
-1489
-1364
-1102
-744
-422
-163
93
156
-35
-45
422
1053
1311
1054
696
708
1111
1497
1577
1447
1299
1168
1052
991
1039
1170
1121
701
37
-384
-133
390
244
-807
-1671
-1509
-1012
-1078
-1653
-2120
-2261
-2237
-2202
-2201
-2047
-1864
-2019
-2324
-2121
-1346
-754
-678
-826
-735
-170
605
1116
1166
1279
1695
2135
2533
2908
3281
3388
3356
3497
3764
4248
4658
4664
4175
3564
3568
4016
4483
4514
3808
2850
2264
2571
3096
2873
2033
1138
786
654
268
-154
-292
-201
-836
-2106
-2689
-2195
-1586
-1950
-2815
-3369
-3525
-3310
-3022
-2848
-2986
-3327
-3456
-3392
-3123
-2727
-2330
-2116
-2414
-2753
-2488
-1662
-1025
-1104
-1352
-1336
-1110
-773
-378
28
135
-35
-119
13
399
866
1166
1070
658
534
876
1304
1539
1470
1187
919
929
1142
1114
868
734
712
576
121
-375
-376
69
76
-909
-1845
-1688
-1025
-1025
-1785
-2386
-2394
-2069
-1898
-2068
-2142
-1980
-1867
-1945
-1853
-1260
-647
-493
-707
-689
18
905
1361
1269
1193
1632
2226
2674
2845
2985
3226
3281
3356
3480
3741
4078
4152
4006
3553
3255
3342
3547
3880
3807
3085
2046
1658
2326
2766
2255
1192
543
547
447
61
-314
-299
-428
-1329
-2191
-2166
-1532
-1383
-2010
-2705
-3100
-3017
-2587
-2304
-2453
-2845
-2951
-2860
-2824
-2623
-2195
-1840
-2017
-2500
-2563
-1976
-1213
-1039
-1393
-1631
-1483
-1137
-786
-441
-308
-440
-576
-519
-297
73
473
521
209
1
204
577
877
987
794
513
418
625
851
898
779
448
184
83
114
158
67
-159
-658
-1058
-1062
-925
-940
-1247
-1584
-1854
-1896
-1663
-1550
-1640
-1803
-1825
-1713
-1507
-1157
-911
-784
-688
-556
-241
277
821
1010
933
1071
1457
1914
2230
2374
2487
2572
2709
2799
2947
3198
3256
3271
3296
3326
3122
2766
2761
2970
3284
3201
2487
1644
1407
2115
2576
2044
949
346
576
735
482
-3
-216
-347
-818
-1344
-1525
-1185
-1048
-1481
-2127
-2456
-2268
-2004
-1934
-2181
-2453
-2516
-2451
-2369
-2322
-2138
-2003
-2070
-2268
-2331
-1999
-1553
-1391
-1631
-1838
-1668
-1365
-1125
-980
-878
-876
-927
-838
-629
-294
9
47
-146
-222
67
461
650
662
627
592
663
843
989
989
921
899
765
606
581
623
601
351
8
-285
-304
-171
-359
-700
-950
-1058
-1231
-1313
-1135
-1196
-1431
-1575
-1496
-1306
-1151
-959
-996
-980
-728
-472
-210
61
336
335
340
720
1115
1340
1458
1585
1692
1841
2129
2278
2316
2423
2524
2672
2940
3078
2750
2383
2602
3008
3058
2957
2903
2575
1987
1919
2493
2780
2193
1284
1001
1253
1196
690
357
408
116
-642
-988
-760
-654
-1076
-1547
-1774
-2019
-2140
-2039
-1931
-2182
-2650
-2811
-2696
-2551
-2544
-2513
-2452
-2610
-2841
-2749
-2272
-1959
-2091
-2272
-2180
-1953
-1738
-1472
-1204
-1065
-1048
-986
-787
-444
4
287
272
163
301
744
1160
1342
1323
1326
1378
1429
1651
1914
1945
1662
1432
1488
1479
1374
1236
1082
812
367
108
39
44
-218
-796
-1191
-1320
-1287
-1389
-1608
-1820
-2039
-2072
-2025
-1911
-1808
-1795
-1771
-1709
-1490
-1235
-955
-642
-480
-387
-164
252
585
778
1059
1298
1412
1566
1883
2186
2323
2448
2572
2788
3194
3364
3033
2754
3104
3531
3450
3309
3337
3123
2600
2445
2834
3040
2547
1662
1229
1430
1474
875
306
266
48
-735
-1269
-1129
-1043
-1485
-2021
-2341
-2610
-2767
-2698
-2630
-2855
-3245
-3407
-3289
-3157
-3156
-3114
-2941
-2924
-3135
-3142
-2705
-2239
-2163
-2244
-2221
-2085
-1791
-1306
-882
-820
-843
-672
-367
-40
335
691
793
742
780
1039
1438
1738
1819
1736
1673
1702
1878
2114
2071
1721
1505
1576
1480
1111
881
867
700
221
-276
-516
-465
-515
-1016
-1648
-1922
-1849
-1880
-2079
-2325
-2521
-2521
-2433
-2391
-2408
-2233
-1955
-1852
-1797
-1580
-1136
-729
-488
-348
-138
296
768
1107
1296
1499
1769
2058
2349
2577
2737
2896
3074
3231
3419
3744
3902
3565
3188
3382
3787
3694
3389
3382
3277
2682
2142
2279
2678
2490
1559
684
603
842
498
-170
-370
-485
-1165
-1856
-1831
-1582
-1801
-2261
-2638
-2949
-3088
-2869
-2626
-2774
-3180
-3391
-3236
-2974
-2819
-2723
-2565
-2529
-2701
-2675
-2150
-1528
-1379
-1538
-1553
-1341
-1036
-650
-229
-51
-85
-73
112
406
751
1094
1160
1001
929
1107
1400
1607
1666
1503
1319
1306
1396
1527
1616
1516
1122
805
847
895
697
413
202
-33
-288
-516
-762
-899
-929
-1164
-1627
-1919
-1868
-1771
-1844
-2071
-2307
-2316
-2073
-1871
-1870
-1817
-1615
-1440
-1278
-997
-615
-310
-117
15
245
673
1087
1316
1366
1475
1744
2073
2347
2449
2456
2447
2532
2758
2925
3012
3084
3062
2798
2502
2601
2802
2803
2758
2625
2147
1439
1374
2040
2368
1687
561
253
694
787
210
-292
-193
-307
-1004
-1550
-1428
-1009
-1114
-1654
-2171
-2440
-2279
-1916
-1759
-2143
-2637
-2605
-2318
-2182
-2233
-2095
-1812
-1902
-2234
-2255
-1668
-1090
-1135
-1432
-1533
-1321
-968
-631
-418
-480
-530
-429
-286
-77
230
510
462
201
168
472
893
1068
951
780
727
875
1068
1196
1260
1179
964
715
695
881
964
801
337
-56
-51
141
19
-449
-722
-808
-960
-1133
-1241
-1284
-1364
-1520
-1791
-1900
-1622
-1376
-1448
-1623
-1601
-1395
-1140
-889
-770
-679
-492
-295
-105
161
501
676
677
708
881
1236
1542
1614
1518
1518
1732
1920
2064
2174
2324
2546
2569
2344
2127
2371
2740
2704
2566
2522
2412
2006
1818
2209
2561
2310
1454
933
1132
1361
1054
466
319
203
-314
-747
-738
-584
-854
-1289
-1642
-1932
-1932
-1755
-1718
-2073
-2462
-2503
-2378
-2250
-2274
-2306
-2223
-2218
-2380
-2457
-2097
-1665
-1686
-1867
-1832
-1620
-1395
-1113
-848
-810
-776
-594
-367
-181
76
394
506
457
514
786
1133
1339
1413
1408
1414
1493
1639
1803
1892
1878
1696
1462
1401
1546
1591
1293
883
636
625
557
169
-262
-374
-369
-793
-1351
-1417
-1238
-1392
-1881
-2195
-2182
-2022
-1965
-2137
-2284
-2217
-2055
-1962
-1877
-1664
-1435
-1281
-1165
-996
-689
-331
-44
82
166
406
741
1036
1231
1381
1553
1756
2010
2215
2328
2500
2725
2952
3117
3136
2965
2829
3089
3442
3409
3143
2951
2770
2525
2506
2712
2665
2108
1366
1095
1294
1222
586
39
-58
-315
-915
-1254
-1208
-1301
-1733
-2191
-2486
-2622
-2582
-2522
-2640
-2941
-3220
-3209
-2977
-2846
-2875
-2807
-2668
-2733
-2796
-2484
-1979
-1754
-1827
-1818
-1575
-1253
-928
-641
-456
-370
-242
10
264
521
815
1021
1015
968
1150
1472
1709
1775
1715
1658
1678
1753
1858
1929
1845
1648
1529
1423
1234
1156
1204
967
355
-48
23
108
-274
-933
-1309
-1270
-1278
-1674
-2081
-2113
-2072
-2325
-2618
-2624
-2453
-2318
-2374
-2529
-2464
-2106
-1779
-1694
-1612
-1374
-1094
-759
-420
-191
25
367
697
815
991
1420
1769
1843
1845
2015
2331
2615
2731
2658
2655
2862
3083
3219
3258
3112
2843
2859
3157
3105
2723
2602
2749
2538
1914
1610
1875
2144
1734
802
302
536
700
187
-398
-502
-631
-1117
-1507
-1499
-1423
-1585
-1889
-2222
-2455
-2375
-2096
-1995
-2236
-2495
-2462
-2240
-2061
-2008
-1911
-1741
-1710
-1833
-1757
-1300
-896
-898
-1030
-1004
-839
-557
-215
-56
-151
-158
28
186
312
509
690
705
617
612
751
987
1102
1007
896
887
921
928
968
984
838
669
614
554
420
343
331
133
-179
-300
-293
-410
-598
-719
-885
-1091
-1186
-1225
-1274
-1314
-1455
-1694
-1742
-1575
-1514
-1582
-1558
-1519
-1516
-1390
-1193
-1061
-956
-825
-722
-575
-297
-61
70
222
385
536
732
950
1084
1146
1226
1319
1486
1662
1735
1797
1936
2054
2066
2133
2373
2627
2640
2371
2243
2559
2829
2643
2437
2637
2721
2249
1794
2000
2514
2399
1499
803
1009
1386
1009
295
59
49
-287
-735
-913
-951
-1097
-1339
-1629
-1939
-2107
-1972
-1779
-1984
-2498
-2693
-2375
-2151
-2374
-2585
-2408
-2209
-2361
-2524
-2271
-1862
-1764
-1907
-1946
-1798
-1529
-1189
-962
-956
-932
-710
-468
-301
-69
225
392
402
422
598
900
1144
1189
1135
1132
1204
1359
1512
1491
1332
1271
1323
1303
1209
1143
1082
939
697
498
454
384
90
-249
-384
-483
-729
-988
-1168
-1331
-1469
-1633
-1883
-2013
-1923
-1944
-2182
-2308
-2201
-2087
-2045
-1998
-1956
-1823
-1567
-1408
-1354
-1137
-800
-599
-463
-230
28
280
548
709
791
1042
1441
1677
1750
1895
2142
2367
2513
2608
2721
2941
3208
3311
3132
2894
3047
3499
3568
3053
2687
2966
3219
2756
2055
2052
2564
2401
1344
639
982
1334
722
-171
-437
-360
-576
-1020
-1340
-1528
-1677
-1851
-2131
-2460
-2603
-2449
-2323
-2599
-3036
-3040
-2607
-2407
-2675
-2825
-2518
-2195
-2210
-2252
-1988
-1625
-1463
-1442
-1357
-1118
-768
-462
-372
-405
-270
64
318
377
428
614
831
909
872
944
1169
1326
1326
1276
1276
1336
1433
1448
1308
1200
1214
1177
1048
953
853
670
526
403
185
-17
-104
-249
-524
-775
-960
-1109
-1188
-1315
-1585
-1788
-1801
-1825
-1938
-1957
-1923
-1969
-2005
-1941
-1816
-1666
-1483
-1381
-1324
-1151
-919
-731
-525
-272
-87
50
257
488
720
952
1116
1180
1285
1519
1764
1918
1963
1967
2059
2242
2386
2417
2398
2446
2610
2778
2656
2319
2314
2706
2829
2350
1965
2231
2571
2187
1392
1294
1875
1920
1016
282
552
941
480
-317
-542
-330
-409
-847
-1194
-1287
-1304
-1423
-1665
-1944
-2039
-1886
-1795
-2025
-2383
-2379
-2016
-1869
-2170
-2388
-2108
-1786
-1891
-2089
-1947
-1645
-1515
-1544
-1574
-1464
-1162
-880
-856
-929
-774
-454
-231
-173
-110
114
394
503
462
579
887
1076
1053
1024
1085
1190
1326
1382
1242
1096
1159
1244
1120
963
972
917
675
490
467
434
274
40
-162
-279
-378
-543
-687
-785
-960
-1169
-1220
-1207
-1357
-1541
-1588
-1591
-1640
-1678
-1701
-1722
-1684
-1618
-1606
-1576
-1445
-1300
-1246
-1194
-1059
-886
-703
-530
-390
-267
-96
122
317
486
650
809
1007
1224
1363
1469
1705
1976
2118
2198
2342
2565
2803
2879
2665
2580
3015
3392
2955
2300
2561
3281
3118
2096
1608
2238
2763
2024
800
673
1339
1187
150
-432
-241
-239
-729
-1185
-1431
-1550
-1604
-1738
-2130
-2518
-2460
-2174
-2214
-2693
-2993
-2670
-2275
-2432
-2800
-2624
-2131
-2039
-2253
-2215
-1837
-1516
-1396
-1357
-1311
-1078
-689
-440
-449
-403
-84
239
349
388
589
891
1038
1020
1061
1273
1470
1501
1460
1466
1542
1605
1612
1533
1415
1403
1418
1313
1102
1001
1008
855
579
411
385
262
14
-148
-288
-507
-750
-890
-941
-1078
-1353
-1657
-1709
-1639
-1810
-2043
-2096
-2052
-2137
-2215
-2123
-2079
-2031
-1953
-1879
-1759
-1578
-1380
-1286
-1115
-857
-703
-518
-265
1
198
386
636
822
1034
1238
1392
1495
1552
1697
1851
1979
2017
1998
2105
2227
2294
2291
2369
2548
2435
2125
2124
2553
2609
1864
1480
2068
2603
1910
782
891
1875
2013
769
-139
434
1085
501
-563
-649
-172
-324
-923
-1297
-1291
-1214
-1185
-1403
-1901
-2064
-1728
-1428
-1724
-2234
-2196
-1750
-1588
-2001
-2232
-1817
-1443
-1622
-1922
-1702
-1293
-1122
-1147
-1253
-1182
-862
-519
-522
-679
-505
-178
-28
-77
-8
289
515
527
406
493
771
929
937
889
883
920
1052
1162
1066
987
1100
1168
1021
853
904
993
899
660
462
527
608
384
55
-73
-66
-189
-369
-517
-702
-825
-909
-1060
-1263
-1332
-1324
-1491
-1641
-1667
-1669
-1701
-1760
-1779
-1764
-1651
-1569
-1574
-1492
-1378
-1262
-1176
-1102
-999
-885
-669
-526
-458
-291
-72
115
207
381
590
755
927
1006
1137
1327
1539
1670
1720
1889
2043
2207
2393
2615
2717
2469
2356
2736
3260
3012
2162
2163
3029
3281
2161
1276
1920
2773
2300
882
440
1201
1453
564
-376
-266
16
-390
-997
-1342
-1362
-1377
-1469
-1852
-2393
-2401
-2034
-1946
-2431
-2850
-2616
-2203
-2243
-2673
-2699
-2196
-1987
-2268
-2417
-2050
-1614
-1508
-1579
-1603
-1342
-883
-607
-657
-655
-294
79
179
228
482
821
1016
1053
1076
1301
1641
1791
1722
1689
1822
1949
1997
1967
1850
1813
1855
1763
1509
1387
1413
1288
1019
729
529
465
437
172
-307
-537
-523
-625
-904
-1192
-1393
-1510
-1587
-1784
-1991
-1973
-1954
-2172
-2371
-2293
-2139
-2133
-2179
-2213
-2157
-1966
-1804
-1763
-1675
-1440
-1239
-1139
-988
-744
-505
-283
-85
61
265
562
799
909
1071
1308
1456
1600
1783
1899
1964
2119
2289
2327
2415
2541
2541
2557
2696
2805
2704
2559
2529
2599
2781
2610
2014
1846
2401
2664
1837
956
1126
1822
1779
715
-64
254
727
227
-728
-854
-486
-655
-1294
-1724
-1663
-1452
-1464
-1862
-2353
-2371
-2007
-1799
-2035
-2388
-2340
-1964
-1815
-2069
-2138
-1699
-1339
-1520
-1756
-1504
-1004
-766
-820
-863
-723
-415
-146
-86
-87
98
392
479
424
518
794
1051
1073
948
932
1138
1357
1355
1254
1203
1213
1275
1306
1218
1088
1100
1113
902
700
725
773
620
358
153
28
15
30
-178
-569
-800
-762
-756
-1001
-1340
-1466
-1364
-1437
-1840
-2087
-1834
-1589
-1890
-2325
-2263
-1903
-1774
-1938
-2053
-1912
-1673
-1563
-1572
-1439
-1121
-929
-915
-837
-570
-224
6
89
148
358
683
881
955
1066
1250
1410
1480
1563
1696
1858
1973
1970
1966
2044
2215
2321
2267
2244
2314
2369
2299
2197
2230
2401
2475
2118
1564
1611
2322
2546
1627
644
860
1746
1766
697
-78
268
728
197
-705
-783
-308
-405
-1166
-1738
-1663
-1289
-1231
-1663
-2156
-2201
-1860
-1682
-1894
-2113
-1934
-1589
-1607
-1907
-1861
-1292
-877
-1058
-1358
-1194
-670
-333
-356
-442
-326
-52
145
178
217
413
642
659
524
542
819
1079
1045
834
754
891
1059
1075
967
862
817
782
697
614
597
585
429
116
-92
-55
19
-111
-383
-619
-792
-862
-814
-803
-1040
-1379
-1485
-1366
-1345
-1531
-1665
-1578
-1498
-1680
-1891
-1730
-1359
-1301
-1604
-1768
-1517
-1170
-1064
-1157
-1183
-1023
-829
-740
-663
-474
-263
-189
-190
-87
163
434
564
536
539
725
957
1045
1036
1086
1187
1230
1220
1247
1326
1393
1375
1294
1271
1345
1405
1386
1359
1369
1407
1437
1422
1370
1390
1521
1627
1571
1363
1172
1253
1641
1839
1403
747
700
1270
1559
1070
399
345
691
626
106
-112
161
220
-283
-784
-744
-393
-265
-563
-1007
-1175
-971
-728
-760
-991
-1114
-1030
-957
-1079
-1180
-1003
-769
-868
-1176
-1233
-974
-739
-744
-868
-919
-843
-730
-656
-596
-490
-412
-439
-503
-445
-212
2
19
-118
-170
-39
144
250
266
223
170
160
222
296
330
341
319
221
111
126
257
325
238
82
-30
-77
-85
-19
41
-94
-410
-594
-461
-291
-439
-746
-852
-795
-841
-1036
-1140
-1055
-1025
-1255
-1514
-1469
-1233
-1205
-1431
-1591
-1491
-1289
-1192
-1213
-1216
-1109
-978
-870
-744
-569
-402
-291
-200
-86
85
331
538
614
651
779
980
1155
1245
1302
1400
1507
1571
1632
1737
1835
1871
1888
1941
2002
2086
2187
2226
2141
2061
2171
2389
2432
2229
2040
2048
2096
2050
2031
2024
1796
1349
1124
1303
1445
1127
564
282
298
213
-73
-299
-365
-536
-899
-1183
-1229
-1139
-1160
-1349
-1621
-1787
-1734
-1578
-1524
-1618
-1702
-1681
-1635
-1596
-1505
-1338
-1222
-1277
-1360
-1264
-1008
-804
-739
-759
-774
-700
-520
-326
-230
-197
-174
-170
-140
-36
149
288
247
112
71
201
369
438
403
327
264
251
312
388
410
378
277
157
101
159
248
223
98
-51
-149
-190
-179
-110
-130
-353
-665
-744
-545
-461
-682
-980
-1053
-996
-1047
-1156
-1177
-1115
-1186
-1412
-1500
-1305
-1084
-1116
-1314
-1386
-1240
-1024
-896
-877
-879
-810
-669
-532
-383
-238
-107
-7
53
138
310
562
732
740
714
813
1036
1228
1290
1285
1322
1416
1503
1573
1669
1766
1793
1767
1789
1875
1969
2035
2046
2026
1988
1981
2047
2140
2143
2003
1857
1870
1984
1931
1646
1387
1381
1513
1405
963
559
516
674
546
66
-349
-432
-377
-543
-901
-1147
-1164
-1188
-1433
-1703
-1733
-1603
-1605
-1836
-2051
-2018
-1806
-1703
-1811
-1915
-1835
-1659
-1571
-1574
-1513
-1340
-1186
-1153
-1171
-1047
-785
-582
-547
-572
-467
-238
-47
10
18
133
306
382
358
387
539
668
647
540
528
622
679
610
496
458
466
412
303
237
220
175
56
-81
-169
-176
-180
-254
-435
-613
-645
-561
-523
-690
-928
-1001
-886
-813
-917
-1051
-1075
-1031
-1027
-1073
-1060
-968
-908
-943
-990
-903
-720
-586
-573
-577
-487
-321
-167
-75
22
153
263
345
449
607
766
841
859
906
1026
1164
1237
1222
1199
1249
1318
1344
1312
1282
1274
1246
1191
1143
1134
1124
1068
1000
930
890
875
874
867
812
739
676
644
656
711
747
675
541
499
592
679
631
502
445
499
574
515
304
167
306
541
446
-14
-277
-5
334
165
-319
-466
-224
-131
-393
-600
-486
-354
-502
-783
-871
-719
-584
-644
-843
-995
-943
-782
-748
-880
-971
-889
-806
-882
-982
-909
-750
-745
-892
-968
-865
-712
-678
-751
-802
-752
-657
-610
-613
-578
-484
-441
-484
-491
-350
-169
-117
-191
-215
-117
13
94
126
149
184
217
238
261
320
408
435
354
261
272
368
407
348
268
216
169
97
69
125
154
42
-165
-289
-238
-135
-141
-282
-432
-483
-460
-440
-437
-438
-480
-564
-621
-583
-472
-374
-388
-469
-505
-427
-293
-213
-204
-208
-180
-141
-85
-7
68
96
86
106
178
261
315
341
339
353
411
495
562
602
635
669
710
767
853
928
996
1075
1120
1086
1068
1198
1377
1432
1378
1337
1276
1119
1131
1500
1771
1353
597
486
1131
1508
987
294
251
538
441
37
-83
86
19
-414
-803
-821
-603
-494
-693
-1108
-1392
-1300
-1043
-1026
-1270
-1406
-1328
-1308
-1457
-1481
-1231
-1014
-1130
-1421
-1480
-1201
-868
-789
-941
-1052
-955
-758
-640
-575
-445
-320
-336
-432
-358
-68
184
220
119
66
145
338
542
639
613
548
546
597
671
791
917
906
734
589
649
842
944
862
685
562
554
620
662
638
561
445
290
185
238
384
376
114
-172
-213
-69
-29
-194
-377
-437
-459
-557
-679
-684
-618
-659
-862
-1062
-1040
-841
-744
-901
-1110
-1101
-923
-813
-856
-879
-784
-687
-688
-692
-556
-353
-249
-290
-307
-180
35
193
228
218
266
382
506
593
663
732
771
770
778
865
992
1059
1020
972
1004
1067
1089
1074
1083
1120
1120
1057
991
960
975
1006
1010
938
786
650
633
701
695
555
367
260
228
179
74
-32
-98
-171
-309
-473
-559
-548
-549
-664
-834
-926
-903
-864
-918
-1020
-1069
-1037
-993
-1002
-1026
-1015
-967
-924
-923
-896
-814
-722
-687
-701
-664
-567
-472
-410
-362
-318
-291
-265
-186
-75
-16
-31
-31
32
103
132
140
179
216
219
207
211
232
269
293
273
208
185
239
296
259
160
132
203
264
225
151
130
167
196
198
188
197
213
207
184
181
226
282
282
228
197
226
272
278
259
250
243
226
218
235
242
216
200
221
226
199
203
252
280
259
274
348
388
374
397
476
515
508
583
700
654
501
547
793
814
511
379
648
797
431
41
196
552
390
-168
-389
-144
-27
-316
-637
-668
-599
-702
-888
-993
-971
-922
-948
-1079
-1217
-1177
-980
-866
-983
-1117
-1045
-858
-743
-739
-726
-648
-565
-518
-484
-408
-267
-135
-134
-219
-197
-6
158
154
88
121
213
243
249
314
402
417
369
349
383
445
511
528
470
404
413
472
487
435
393
389
367
312
274
275
265
223
140
65
53
80
65
-28
-114
-113
-77
-110
-171
-181
-168
-198
-234
-224
-189
-189
-209
-188
-180
-219
-224
-139
-62
-95
-168
-160
-84
-46
-45
-21
8
3
-14
12
59
98
118
126
108
84
106
156
172
149
137
141
118
68
56
74
70
14
-39
-72
-107
-136
-160
-189
-246
-300
-325
-341
-377
-426
-454
-465
-473
-472
-468
-490
-511
-488
-432
-404
-409
-393
-335
-284
-254
-215
-148
-77
-37
15
89
155
203
251
319
399
460
507
545
586
635
702
753
765
773
802
845
864
850
840
854
863
848
817
791
767
720
663
613
572
517
439
361
274
181
100
38
-36
-150
-278
-363
-420
-506
-615
-694
-729
-796
-900
-958
-949
-949
-1007
-1051
-1044
-1004
-995
-981
-923
-870
-853
-822
-724
-609
-541
-495
-422
-328
-250
-172
-62
52
134
178
237
342
461
551
604
649
709
784
844
891
942
992
1014
1025
1049
1088
1096
1065
1048
1056
1050
1016
974
939
897
850
828
806
755
681
636
600
549
493
465
462
431
374
338
324
286
204
145
200
333
325
9
-362
-307
198
467
-27
-775
-860
-266
66
-368
-950
-959
-654
-720
-1132
-1276
-982
-788
-1094
-1587
-1688
-1335
-1018
-1126
-1498
-1673
-1486
-1249
-1232
-1342
-1301
-1116
-1060
-1200
-1253
-1011
-670
-581
-790
-945
-761
-395
-211
-288
-377
-259
-69
0
9
127
320
398
319
267
393
634
784
749
626
600
732
881
904
848
847
886
841
752
766
896
964
843
656
580
650
740
739
626
502
437
420
399
380
378
347
236
79
11
47
66
4
-80
-174
-279
-374
-365
-270
-270
-440
-627
-636
-509
-439
-510
-610
-624
-581
-553
-537
-495
-432
-415
-444
-446
-369
-242
-166
-175
-208
-182
-85
17
61
63
72
98
108
136
201
263
257
196
177
226
288
305
280
240
215
233
275
295
250
193
193
214
213
199
207
212
164
104
120
190
214
165
111
108
133
150
154
169
184
175
123
76
108
213
268
196
84
77
174
240
207
152
145
154
149
137
141
144
134
112
84
60
65
97
109
75
21
5
23
39
34
19
-7
-40
-63
-60
-36
-37
-80
-133
-167
-177
-174
-170
-192
-254
-323
-341
-309
-305
-366
-432
-430
-410
-432
-472
-477
-446
-430
-443
-450
-441
-410
-366
-324
-332
-357
-332
-257
-201
-211
-224
-206
-164
-124
-88
-69
-65
-57
-25
13
27
56
104
118
99
119
186
223
210
223
295
324
281
273
351
433
436
408
418
459
491
525
556
573
586
626
665
668
697
776
840
836
841
906
991
1006
967
925
942
1077
1220
1099
682
472
835
1281
1029
249
-63
403
770
368
-276
-347
-17
-55
-564
-900
-732
-497
-674
-1142
-1410
-1265
-1012
-1057
-1376
-1597
-1489
-1281
-1295
-1480
-1515
-1323
-1198
-1303
-1446
-1333
-1030
-873
-994
-1145
-1042
-735
-525
-551
-612
-522
-349
-261
-244
-150
29
146
126
82
152
331
491
533
487
473
553
660
707
712
751
820
824
759
731
806
905
896
780
690
703
752
744
670
597
549
513
465
421
383
327
257
180
118
76
61
43
-11
-109
-172
-162
-136
-152
-214
-256
-274
-285
-298
-283
-270
-292
-336
-356
-339
-321
-322
-336
-349
-353
-352
-353
-351
-343
-325
-304
-312
-345
-349
-302
-244
-238
-290
-324
-301
-235
-195
-208
-226
-218
-200
-193
-183
-151
-119
-132
-171
-177
-132
-86
-85
-112
-114
-88
-63
-58
-64
-66
-59
-53
-48
-34
-32
-50
-78
-56
-4
6
-51
-100
-57
12
5
-68
-80
-11
33
-5
-42
-4
47
44
23
44
73
84
93
112
128
128
155
206
223
195
195
236
262
260
258
278
295
297
303
304
294
303
341
347
295
256
295
337
299
234
257
328
317
245
214
267
312
293
256
257
276
275
270
277
289
299
305
301
286
268
267
267
274
296
296
214
78
42
181
304
175
-124
-240
-56
121
-5
-294
-380
-233
-170
-323
-477
-426
-320
-376
-542
-601
-485
-394
-442
-542
-566
-485
-401
-402
-444
-441
-373
-314
-315
-332
-300
-219
-175
-189
-202
-156
-76
-37
-59
-64
-13
44
65
39
44
95
136
124
106
133
176
191
161
144
175
226
222
168
135
176
219
179
121
119
167
157
97
85
118
118
83
93
128
113
70
87
159
181
134
111
164
213
221
224
243
262
277
314
355
377
386
410
438
454
473
508
532
538
539
547
561
575
595
599
581
557
543
526
509
507
506
444
332
277
305
325
236
93
13
1
-21
-102
-205
-278
-318
-377
-476
-561
-597
-612
-668
-786
-881
-882
-850
-879
-963
-1019
-1000
-957
-953
-982
-969
-904
-858
-855
-837
-746
-647
-605
-589
-524
-411
-340
-309
-267
-192
-121
-81
-53
-37
-10
34
82
79
34
30
69
96
48
-4
-9
12
5
-41
-67
-83
-85
-88
-99
-121
-142
-139
-139
-144
-152
-151
-151
-158
-158
-157
-147
-146
-146
-152
-165
-154
-113
-90
-112
-131
-98
-50
-40
-46
-20
14
23
25
63
120
144
148
164
206
252
279
303
321
345
374
405
414
426
462
485
491
478
489
527
546
537
516
515
528
541
543
522
510
516
522
511
488
487
503
497
470
454
449
434
417
414
402
369
323
300
296
283
232
168
129
114
97
45
-28
-68
-77
-98
-152
-216
-240
-247
-275
-331
-375
-377
-372
-393
-432
-457
-456
-444
-445
-465
-476
-462
-455
-459
-456
-439
-423
-413
-411
-394
-361
-337
-324
-316
-283
-250
-228
-217
-196
-157
-128
-111
-105
-80
-41
-13
-12
-15
13
45
53
43
38
61
79
72
45
43
58
73
55
21
20
28
35
14
-11
-6
13
12
-7
-19
-6
16
20
13
18
38
60
65
65
87
116
136
144
163
194
225
241
249
277
312
342
350
362
392
430
451
456
470
503
533
542
551
568
584
591
593
607
620
618
596
588
598
597
564
516
505
514
483
410
339
320
329
283
173
81
68
69
4
-125
-201
-204
-208
-284
-403
-455
-432
-428
-503
-592
-610
-564
-551
-611
-657
-626
-565
-552
-591
-595
-535
-464
-448
-467
-447
-373
-314
-307
-313
-283
-221
-182
-186
-203
-183
-143
-123
-141
-166
-168
-158
-159
-186
-214
-240
-247
-257
-290
-327
-347
-356
-365
-389
-417
-427
-422
-422
-430
-439
-432
-409
-392
-379
-363
-333
-300
-272
-250
-206
-164
-122
-88
-49
-12
32
73
109
154
188
220
246
286
320
348
364
382
403
421
435
446
457
467
470
464
457
465
464
456
437
417
409
402
380
353
328
312
305
269
237
212
195
176
145
113
91
77
54
33
2
-15
-26
-40
-56
-73
-88
-101
-104
-104
-113
-125
-126
-119
-110
-114
-121
-109
-86
-70
-72
-75
-51
-16
5
1
6
35
71
88
89
101
129
158
170
167
173
201
214
212
200
196
202
204
187
159
136
123
107
77
37
2
-30
-62
-107
-153
-198
-238
-272
-315
-363
-407
-436
-465
-497
-536
-568
-587
-593
-609
-633
-640
-636
-624
-624
-627
-614
-586
-559
-546
-531
-499
-449
-411
-386
-354
-302
-242
-200
-165
-115
-52
6
48
83
137
201
251
284
319
366
418
454
475
498
533
560
575
581
591
603
609
603
594
594
589
582
575
568
559
547
541
539
535
526
520
520
536
536
527
522
529
550
546
535
529
539
545
533
510
496
500
485
451
411
383
364
328
272
215
174
133
79
14
-48
-91
-140
-206
-273
-325
-369
-408
-461
-511
-538
-556
-583
-615
-630
-631
-625
-628
-630
-618
-595
-577
-561
-545
-523
-482
-455
-442
-418
-392
-364
-340
-330
-306
-286
-268
-253
-247
-235
-216
-207
-205
-202
-190
-183
-179
-173
-162
-152
-143
-137
-129
-116
-95
-82
-79
-67
-43
-22
-16
-7
10
36
53
60
68
86
111
121
119
124
146
161
163
159
163
183
190
187
181
186
199
207
202
207
226
244
250
258
270
297
323
337
350
369
406
428
445
461
482
506
522
529
537
541
546
542
526
511
496
479
455
419
379
334
298
257
207
145
88
40
-10
-65
-129
-186
-234
-282
-336
-390
-437
-467
-493
-530
-570
-587
-595
-594
-607
-619
-612
-597
-580
-575
-566
-537
-513
-501
-482
-464
-436
-412
-392
-387
-373
-358
-344
-342
-339
-333
-330
-326
-328
-324
-323
-317
-318
-316
-312
-299
-288
-273
-257
-242
-222
-198
-166
-140
-112
-92
-60
-32
5
36
64
86
117
146
165
186
204
228
240
247
250
261
271
283
282
277
279
283
285
287
288
289
291
288
297
299
298
301
308
310
311
315
325
335
340
335
330
337
339
338
323
313
309
303
296
283
275
262
247
227
205
196
184
164
141
123
112
101
91
72
62
50
40
30
18
18
15
13
4
8
8
16
24
25
30
29
39
47
56
61
66
75
83
87
97
101
106
113
107
109
101
101
95
84
67
50
36
23
6
-23
-47
-69
-89
-119
-146
-176
-198
-224
-257
-287
-310
-326
-346
-371
-393
-403
-409
-418
-426
-434
-436
-433
-432
-427
-421
-405
-394
-376
-365
-342
-322
-303
-283
-265
-242
-225
-196
-176
-152
-126
-101
-77
-49
-28
-5
21
45
66
90
110
126
151
169
191
208
228
248
267
279
291
309
322
335
342
356
364
375
383
392
400
405
417
419
421
427
424
426
425
421
419
413
407
398
388
379
365
351
334
315
297
278
254
239
219
201
177
153
130
105
85
60
37
12
-15
-40
-57
-83
-104
-125
-148
-170
-190
-204
-227
-242
-264
-280
-292
-307
-315
-325
-334
-339
-348
-353
-357
-354
-351
-351
-349
-346
-340
-332
-317
-313
-304
-294
-279
-263
-254
-238
-228
-215
-201
-189
-176
-161
-151
-140
-130
-121
-114
-105
-94
-93
-89
-85
-80
-76
-76
-69
-68
-70
-68
-66
-61
-65
-63
-61
-64
-63
-55
-58
-55
-52
-49
-44
-46
-40
-37
-32
-26
-18
-14
-9
4
13
22
31
41
54
71
84
99
116
129
144
155
167
178
193
203
210
218
227
230
232
231
225
228
224
221
217
208
200
198
185
172
163
156
146
133
127
118
112
106
100
89
83
79
72
64
58
52
42
40
37
28
14
6
3
1
-3
-18
-29
-31
-36
-43
-53
-63
-66
-70
-82
-90
-93
-98
-104
-113
-126
-129
-129
-137
-141
-150
-154
-156
-163
-167
-170
-174
-174
-183
-187
-181
-176
-178
-178
-177
-173
-160
-155
-153
-148
-138
-132
-118
-108
-96
-81
-68
-54
-41
-21
-5
11
28
44
61
81
98
117
138
153
164
175
189
207
215
224
219
229
233
237
241
235
235
226
217
204
195
184
174
158
136
117
103
86
68
43
23
11
-15
-36
-52
-69
-84
-103
-122
-139
-143
-146
-158
-174
-184
-176
-167
-166
-170
-166
-161
-140
-136
-130
-113
-97
-73
-62
-50
-34
-6
20
35
43
55
82
110
128
140
152
171
186
200
204
210
223
234
232
224
226
234
236
217
203
192
189
176
149
116
103
94
70
36
-1
-19
-29
-49
-95
-128
-142
-146
-171
-212
-241
-247
-250
-265
-298
-318
-312
-297
-308
-325
-327
-314
-289
-290
-299
-299
-271
-240
-222
-222
-210
-179
-146
-123
-109
-89
-59
-23
-9
10
32
63
88
111
123
137
166
187
204
212
221
233
250
257
257
263
268
270
265
262
260
261
256
244
232
219
213
204
191
168
152
140
123
106
88
72
56
39
13
-1
-15
-29
-48
-68
-85
-98
-106
-122
-132
-142
-149
-161
-175
-183
-178
-179
-190
-198
-205
-200
-185
-189
-196
-195
-183
-177
-174
-170
-162
-139
-135
-134
-128
-109
-90
-79
-76
-68
-49
-30
-11
-4
7
24
38
51
59
72
93
101
105
113
126
142
156
156
159
161
170
176
181
179
177
181
174
174
165
162
160
153
134
125
121
115
109
91
73
59
49
39
25
3
-8
-19
-34
-46
-62
-67
-78
-95
-110
-119
-123
-127
-132
-146
-154
-152
-150
-152
-156
-155
-152
-150
-150
-145
-136
-126
-115
-116
-112
-99
-87
-75
-71
-64
-54
-42
-31
-25
-20
-11
1
2
5
8
21
28
31
28
28
34
42
45
36
38
40
41
39
32
31
29
28
21
15
15
12
13
4
-3
-8
-9
-11
-16
-25
-23
-21
-19
-17
-20
-19
-16
-10
-13
-9
-7
0
7
9
13
15
23
26
30
29
32
37
41
48
48
51
56
58
60
58
58
67
69
69
71
72
79
79
79
77
78
80
79
82
80
83
84
81
78
73
75
72
67
59
55
52
51
49
44
40
37
30
24
20
16
13
10
4
3
1
0
2
-3
-4
-9
-11
-11
-11
-13
-13
-19
-24
-26
-28
-30
-37
-43
-48
-54
-62
-67
-71
-76
-82
-87
-96
-97
-101
-102
-106
-108
-110
-109
-106
-105
-101
-102
-96
-96
-92
-85
-75
-71
-66
-63
-53
-43
-34
-26
-19
-7
-2
6
15
27
36
45
52
58
65
76
84
86
90
94
101
105
108
109
109
103
103
99
100
96
87
80
71
65
61
50
41
27
16
7
-7
-11
-17
-29
-39
-47
-51
-54
-60
-62
-71
-75
-76
-75
-73
-74
-71
-69
-71
-67
-60
-56
-50
-51
-48
-41
-38
-31
-28
-24
-16
-12
-7
-2
3
13
17
19
22
25
34
38
37
40
42
44
45
49
50
49
50
49
45
46
44
39
34
31
27
26
23
17
14
13
6
2
8
3
2
4
-1
1
2
-2
-3
-4
-9
-6
-10
-11
-13
-14
-20
-24
-31
-38
-39
-50
-55
-64
-69
-72
-82
-89
-92
-103
-109
-114
-119
-121
-127
-126
-127
-129
-123
-122
-120
-117
-117
-110
-102
-95
-89
-79
-69
-63
-52
-43
-32
-23
-11
0
12
22
37
49
59
68
76
91
99
107
115
126
134
140
154
157
165
168
173
175
180
179
178
179
175
174
167
164
155
145
133
123
112
99
86
76
63
46
32
22
7
-9
-22
-37
-45
-59
-69
-81
-89
-100
-114
-119
-128
-134
-139
-138
-143
-148
-143
-142
-143
-137
-131
-129
-117
-112
-105
-90
-80
-68
-58
-47
-32
-16
-4
11
21
34
49
60
74
85
92
100
109
114
120
125
126
126
128
126
123
121
113
107
100
91
79
72
61
50
37
25
12
-1
-13
-28
-38
-52
-65
-71
-80
-87
-96
-107
-113
-118
-119
-125
-121
-126
-122
-117
-110
-104
-98
-93
-86
-76
-68
-54
-43
-31
-21
-11
-1
9
23
33
44
53
60
71
76
82
88
90
95
98
102
103
105
106
104
102
101
99
96
96
93
88
82
80
76
75
70
67
65
61
62
59
54
53
49
47
44
39
40
36
32
34
28
26
23
19
18
12
6
4
-1
-5
-7
-13
-21
-25
-32
-44
-45
-55
-58
-64
-74
-76
-84
-90
-100
-104
-106
-111
-115
-117
-122
-125
-126
-130
-130
-131
-130
-129
-124
-125
-124
-122
-122
-116
-112
-106
-102
-96
-92
-87
-83
-82
-73
-70
-61
-58
-54
-45
-43
-38
-35
-32
-32
-29
-21
-22
-18
-17
-16
-14
-14
-11
-9
-11
-7
-7
-11
-9
-8
-5
-5
-6
-4
-1
-2
1
6
6
7
10
14
17
21
23
26
31
35
43
46
51
57
61
67
73
76
85
89
90
98
99
108
110
118
121
122
128
129
133
132
132
136
139
137
143
143
142
140
139
137
137
131
124
124
116
112
109
103
97
90
84
78
70
65
59
56
47
37
34
25
16
12
7
0
-8
-14
-20
-27
-31
-39
-44
-51
-56
-61
-67
-74
-80
-83
-93
-97
-100
-109
-109
-118
-126
-126
-133
-136
-139
-148
-153
-157
-160
-158
-164
-164
-166
-170
-168
-167
-164
-163
-160
-160
-157
-149
-150
-141
-132
-129
-118
-105
-100
-89
-75
-67
-51
-44
-30
-18
-5
11
20
35
48
59
73
88
96
105
115
124
133
138
147
152
150
162
156
158
163
156
157
152
149
142
136
129
117
112
103
94
88
77
68
59
49
41
30
23
21
7
1
-5
-11
-13
-14
-21
-22
-24
-28
-24
-26
-22
-22
-18
-11
-12
-3
6
12
17
22
31
36
43
50
54
62
66
71
76
81
81
86
86
83
85
84
78
75
71
66
61
53
49
39
31
23
15
2
-10
-21
-31
-45
-59
-69
-76
-88
-101
-103
-119
-126
-133
-147
-148
-156
-161
-164
-167
-166
-174
-171
-170
-175
-172
-169
-166
-162
-161
-151
-147
-143
-137
-133
-123
-119
-112
-100
-92
-84
-73
-70
-60
-54
-48
-41
-32
-23
-23
-14
-8
-5
0
6
10
13
16
19
26
26
29
35
30
34
36
38
44
46
47
50
53
55
57
61
64
71
71
70
79
78
80
85
90
95
95
104
108
106
112
111
110
111
114
120
122
122
125
124
122
120
118
115
113
110
107
100
97
94
86
81
74
67
61
53
47
40
31
26
19
10
4
-2
-10
-15
-20
-26
-35
-40
-44
-51
-52
-58
-58
-57
-65
-68
-66
-71
-66
-65
-67
-63
-62
-62
-60
-59
-59
-53
-49
-51
-48
-45
-42
-41
-39
-36
-36
-34
-33
-31
-31
-30
-31
-31
-24
-30
-26
-22
-23
-23
-25
-26
-27
-28
-31
-30
-32
-34
-33
-31
-36
-36
-36
-42
-41
-45
-44
-45
-44
-44
-46
-43
-43
-45
-48
-46
-48
-41
-40
-37
-32
-37
-32
-30
-27
-23
-21
-17
-15
-10
-7
-1
5
8
14
20
27
30
35
38
45
48
52
59
63
70
75
74
80
83
89
93
93
98
97
100
103
102
103
104
102
105
104
101
104
103
99
95
90
86
82
78
75
70
65
59
49
44
38
33
26
20
11
1
-2
-10
-21
-25
-31
-36
-41
-48
-52
-59
-66
-71
-74
-75
-81
-82
-84
-85
-89
-88
-88
-92
-90
-92
-88
-86
-79
-75
-78
-72
-71
-66
-59
-58
-47
-44
-40
-30
-24
-21
-16
-10
-6
1
8
13
23
25
27
32
30
34
40
41
42
44
43
41
42
37
34
32
23
20
18
12
7
-1
-4
-13
-21
-24
-29
-33
-41
-45
-50
-59
-61
-64
-69
-73
-75
-75
-74
-71
-70
-73
-70
-71
-69
-64
-57
-49
-45
-34
-29
-20
-10
-6
6
12
25
36
49
58
66
79
79
91
99
102
115
119
125
131
131
134
140
138
136
137
133
132
129
123
119
112
106
97
87
79
68
62
47
35
24
18
8
-7
-15
-27
-40
-52
-57
-67
-76
-86
-94
-100
-108
-113
-115
-119
-126
-129
-131
-131
-136
-132
-132
-134
-126
-125
-119
-116
-109
-101
-97
-91
-84
-78
-69
-66
-59
-49
-44
-34
-26
-17
-13
-8
-1
6
11
18
27
31
38
47
50
55
58
60
65
65
70
77
81
84
85
88
88
89
88
87
89
85
88
87
86
86
83
85
79
75
74
74
70
63
61
57
52
50
47
41
40
36
34
27
25
21
14
11
5
2
-3
-3
-11
-13
-20
-24
-25
-30
-32
-36
-36
-40
-45
-42
-44
-43
-42
-41
-42
-41
-39
-39
-38
-37
-35
-30
-24
-22
-20
-16
-11
-11
-3
1
4
9
11
18
17
21
27
31
33
35
36
34
36
33
35
33
35
33
31
30
26
23
22
15
8
9
-2
-5
-8
-15
-22
-30
-34
-38
-44
-53
-58
-65
-68
-72
-79
-84
-85
-92
-92
-96
-96
-98
-97
-96
-96
-93
-95
-85
-89
-80
-75
-70
-64
-57
-50
-45
-36
-31
-18
-11
-4
3
12
20
26
34
38
46
52
61
64
69
74
77
83
81
86
88
88
92
87
92
89
87
85
82
82
74
74
72
66
57
56
49
42
39
31
27
18
15
10
3
-2
-6
-8
-16
-19
-24
-29
-31
-35
-35
-35
-41
-42
-42
-43
-44
-41
-45
-44
-46
-44
-42
-42
-41
-42
-40
-41
-40
-37
-37
-36
-32
-30
-28
-26
-23
-23
-25
-28
-23
-23
-21
-20
-21
-19
-21
-15
-13
-13
-12
-14
-13
-13
-10
-8
-6
-5
-6
-4
-4
-3
-4
-4
-2
-5
-4
-2
-1
-5
-3
-5
-3
-8
-10
-8
-15
-13
-12
-10
-10
-11
-11
-14
-13
-16
-14
-8
-12
-9
-7
-12
-12
-11
-8
-7
-5
-1
-1
1
3
4
10
13
17
20
23
26
27
32
37
36
43
46
49
51
56
58
59
60
60
62
59
62
64
64
63
62
64
62
61
59
56
53
50
50
48
43
40
38
33
27
24
20
16
12
10
5
0
-5
-8
-10
-14
-21
-20
-22
-28
-31
-32
-34
-37
-40
-38
-37
-38
-39
-37
-39
-39
-39
-41
-39
-37
-37
-35
-36
-35
-34
-34
-33
-35
-33
-29
-30
-27
-26
-26
-26
-27
-26
-25
-24
-24
-21
-19
-23
-16
-18
-21
-17
-18
-17
-14
-18
-17
-15
-13
-10
-9
-10
-8
-9
-12
-10
-12
-8
-9
-6
-9
-9
-5
-7
-3
-5
-5
-3
-2
-2
-2
-1
-3
0
1
1
1
5
4
1
4
4
1
1
6
3
4
9
9
11
13
14
14
16
16
17
22
22
24
26
27
27
28
31
33
36
38
38
42
43
44
45
44
48
48
46
49
48
49
49
47
50
50
48
50
45
41
42
40
37
37
34
29
27
27
26
21
19
18
14
11
11
7
4
0
-2
-4
-7
-7
-10
-10
-15
-18
-20
-23
-22
-26
-25
-28
-30
-31
-31
-33
-37
-36
-40
-38
-40
-42
-44
-46
-50
-51
-48
-51
-47
-47
-48
-51
-55
-54
-50
-53
-54
-53
-54
-50
-49
-47
-45
-44
-39
-39
-39
-32
-33
-32
-27
-27
-26
-21
-18
-17
-13
-12
-7
-4
0
2
4
6
8
11
12
19
22
23
26
29
30
30
33
31
34
36
37
40
39
41
38
37
35
36
35
35
36
33
37
37
32
34
32
30
32
31
31
36
35
31
29
29
29
28
28
29
29
27
27
23
20
20
20
21
21
18
18
19
18
16
16
12
14
16
12
15
15
14
11
9
9
5
2
3
4
3
3
1
2
-2
-1
-2
-4
-4
-8
-7
-11
-11
-13
-15
-16
-16
-19
-21
-22
-25
-27
-33
-32
-35
-40
-37
-36
-40
-41
-46
-49
-51
-51
-53
-56
-55
-57
-56
-56
-59
-59
-61
-60
-61
-59
-56
-58
-56
-53
-52
-49
-46
-43
-40
-38
-34
-32
-27
-23
-20
-18
-11
-6
-4
-1
0
1
6
7
11
18
22
26
30
30
32
32
33
37
35
37
40
37
39
36
37
35
34
35
32
34
35
29
33
31
28
29
27
27
26
26
22
22
21
18
22
22
20
19
21
21
22
19
21
23
19
22
24
24
27
25
28
26
22
27
27
23
26
27
26
27
25
27
25
25
26
23
21
17
17
14
10
13
10
8
5
3
0
-4
-7
-6
-7
-11
-13
-17
-18
-20
-23
-24
-27
-31
-30
-33
-34
-35
-37
-36
-37
-36
-39
-37
-36
-37
-37
-35
-33
-33
-32
-28
-31
-31
-24
-27
-26
-25
-24
-20
-21
-14
-14
-12
-12
-11
-6
-10
-9
-5
-6
-3
-1
2
3
3
4
6
2
3
3
3
3
4
7
7
9
9
9
13
8
11
11
13
13
13
18
16
16
18
21
24
22
25
25
20
19
22
25
26
27
27
27
25
26
27
31
28
29
31
25
27
26
27
25
23
24
22
21
22
19
18
16
14
13
11
6
7
5
2
2
1
0
-5
-8
-8
-11
-15
-13
-19
-16
-17
-18
-18
-25
-22
-26
-27
-24
-24
-24
-24
-23
-23
-24
-21
-22
-26
-25
-21
-20
-21
-21
-18
-20
-19
-19
-16
-16
-14
-13
-12
-5
-8
-9
-6
-6
-5
-2
1
-1
-1
0
-1
3
2
-1
0
-1
0
2
0
1
-1
1
1
-3
-1
-3
-2
-1
-3
-3
-2
-2
-6
-5
-2
-2
-5
-4
-6
-8
-6
-7
-5
-5
-6
-4
-6
-5
-6
-6
-1
-2
-1
1
1
2
5
2
3
5
7
8
8
10
11
17
13
16
17
14
17
21
20
22
26
22
23
22
24
24
22
21
26
26
23
29
19
22
22
22
20
21
17
13
10
7
9
8
8
4
3
0
-6
-5
-9
-12
-13
-15
-15
-18
-25
-24
-29
-33
-30
-37
-36
-37
-42
-41
-40
-41
-41
-40
-40
-41
-40
-41
-42
-41
-41
-39
-40
-36
-37
-35
-31
-31
-25
-20
-22
-19
-15
-13
-10
-7
-2
4
4
7
12
11
17
23
18
23
26
25
29
33
33
31
34
36
37
35
37
37
38
39
39
36
37
36
34
36
33
32
31
29
29
28
26
27
22
19
21
16
15
14
12
14
10
9
8
9
9
7
8
6
6
7
8
8
7
10
7
8
6
6
10
9
7
9
9
7
10
7
8
8
9
9
7
8
5
7
6
7
4
3
5
3
0
-1
-4
-6
-5
-10
-8
-11
-10
-12
-13
-16
-17
-19
-19
-22
-24
-22
-29
-28
-30
-29
-29
-32
-30
-29
-34
-33
-32
-34
-35
-35
-35
-37
-34
-35
-34
-33
-30
-27
-26
-29
-27
-28
-25
-24
-22
-18
-20
-16
-15
-14
-9
-6
-5
-4
-2
1
1
4
4
4
8
11
12
15
19
15
15
19
20
17
22
25
21
22
23
23
20
23
20
20
19
18
18
16
14
14
13
12
16
13
12
12
11
12
8
7
8
7
9
11
7
7
7
8
8
5
5
5
5
4
6
5
5
6
5
6
8
5
7
7
5
4
5
4
-1
0
-2
0
-3
-4
-3
-4
-5
-7
-6
-6
-8
-8
-12
-11
-12
-16
-15
-19
-19
-16
-17
-19
-18
-20
-23
-20
-23
-23
-20
-20
-18
-21
-22
-19
-20
-18
-17
-16
-16
-19
-15
-17
-17
-15
-17
-13
-15
-11
-7
-9
-6
-8
-9
-7
-5
-3
-1
-2
-2
-2
-2
2
0
2
4
4
7
7
6
4
8
5
6
6
4
6
6
8
10
9
10
9
9
7
11
14
12
15
12
12
15
13
13
8
11
11
8
12
10
13
13
10
12
9
11
14
11
14
13
13
15
14
15
14
13
13
12
12
12
11
13
12
14
15
14
15
17
15
13
16
15
16
13
14
16
13
13
13
12
11
12
10
10
7
8
7
5
6
2
3
2
1
0
-4
-5
-3
-4
-8
-4
-9
-11
-10
-10
-12
-10
-10
-12
-10
-13
-12
-15
-15
-14
-19
-15
-17
-15
-15
-16
-12
-17
-13
-14
-14
-12
-14
-9
-9
-8
-9
-12
-12
-10
-12
-10
-8
-7
-9
-9
-5
-9
-7
-6
-5
-4
-6
-4
-6
-7
-7
-6
-7
-7
-3
-5
-7
-8
-6
-7
-5
-5
-5
-1
-2
0
-1
0
-1
-3
3
-1
1
1
-1
2
0
0
2
6
4
6
6
1
5
7
4
7
7
5
10
8
6
9
3
6
7
5
9
7
9
6
7
7
3
4
3
3
0
4
2
-1
-1
0
0
-1
1
0
0
-3
-2
-2
-4
-2
-2
-5
-6
-6
-6
-6
-7
-6
-6
-7
-6
-7
-5
-6
-7
-7
-10
-11
-10
-11
-11
-11
-11
-11
-15
-15
-12
-12
-13
-11
-11
-13
-10
-12
-10
-12
-13
-11
-16
-15
-15
-15
-14
-18
-16
-15
-17
-14
-14
-14
-11
-10
-14
-10
-13
-10
-11
-10
-7
-10
-6
-7
-7
-6
-5
-4
1
1
0
4
3
4
7
5
7
8
7
8
9
11
11
14
15
14
14
16
16
16
17
18
18
21
20
22
21
23
21
20
23
20
21
19
17
19
15
16
18
17
18
19
19
15
17
16
14
15
18
13
16
18
12
11
12
13
13
11
10
12
7
7
7
6
5
7
6
3
0
1
1
1
3
1
5
4
4
4
5
-1
1
2
-2
-2
-2
2
-3
-3
-5
-8
-8
-8
-8
-7
-4
-7
-5
-4
-7
-5
-7
-9
-5
-5
-6
-5
-7
-8
-8
-8
-8
-10
-10
-10
-9
-7
-8
-10
-9
-4
-6
-6
-6
-6
-5
-4
-8
-5
-4
-6
-4
-5
-2
-1
-3
-2
-1
1
2
3
2
4
5
7
7
8
12
9
12
13
12
13
13
12
10
14
13
14
13
15
17
16
16
18
16
16
17
14
14
11
17
13
9
10
10
10
13
13
9
11
7
7
8
7
3
6
-1
0
0
-2
-5
-3
-1
-1
-1
-1
3
-5
-1
-1
-3
-1
-5
-8
-6
-7
-11
-11
-12
-10
-12
-10
-12
-9
-8
-9
-10
-8
-11
-12
-9
-10
-9
