-1
0
-2
-2
-3
-2
-1
-5
-2
-3
-1
-5
-6
-1
-1
-3
-6
-2
-2
-5
-4
-1
0
-4
0
0
1
0
-3
-2
-3
-5
-2
-4
-6
-5
-5
-7
-6
-3
-4
-4
-4
-2
-5
-5
-2
-3
0
-4
-5
-5
-7
-7
-3
-3
-2
-2
0
-3
-3
-4
-4
-2
-1
-2
-5
-2
-5
-1
-2
-2
0
-2
0
0
-2
-2
1
0
-1
-2
-2
3
0
1
3
5
6
3
3
2
4
4
0
2
6
7
4
3
4
3
5
4
6
3
3
4
1
3
3
3
4
6
6
6
4
6
5
2
5
3
6
7
6
6
6
7
8
8
6
5
5
6
8
7
5
3
4
4
3
2
3
6
7
5
5
7
7
7
2
6
8
2
2
2
5
5
4
5
3
1
2
4
5
4
3
5
4
4
3
3
4
4
2
3
6
4
4
6
3
6
3
5
6
0
4
4
4
4
2
3
3
2
3
2
2
1
3
1
1
0
1
2
3
1
0
2
2
-1
3
1
0
4
2
3
2
0
-1
0
-2
-4
-2
-3
-1
-2
0
2
0
-2
-3
1
-2
-4
-5
-8
-4
-2
-1
0
-5
-4
-3
-3
-3
1
0
2
1
2
5
0
-2
2
2
3
2
2
1
0
1
1
-2
1
1
0
0
1
-4
-2
-1
-3
-1
-3
0
-5
-4
-3
-2
-1
-1
-2
-5
0
-5
-3
-2
-2
-2
-1
-1
-1
2
0
1
1
-1
1
-1
-1
1
1
-1
0
1
-1
-3
-1
-2
-2
0
-2
-2
0
-1
-1
-3
-4
-4
-6
-5
-3
-2
-3
-1
-2
-2
0
-1
-1
0
-1
-2
-3
-5
-3
-4
-3
-3
-3
-3
-3
-2
-3
-3
-3
-3
-5
-4
0
-3
-3
-2
-3
-1
-2
-3
-2
2
3
-1
2
0
-1
1
1
2
2
0
-1
2
1
2
1
-2
-1
0
-2
-3
-4
-1
-1
-3
-2
-3
0
-4
-1
-1
-2
-2
-1
0
-1
-2
-2
-1
1
0
0
0
0
2
2
0
2
0
-2
2
2
2
5
4
1
5
5
1
1
3
4
2
3
3
2
0
2
2
0
2
3
2
2
1
1
1
0
-1
2
2
0
-2
-1
0
1
0
-1
-2
-2
1
4
2
1
2
1
0
0
-2
2
1
-1
-1
-1
0
-3
0
1
-2
0
0
-1
0
-2
0
1
1
4
2
4
2
2
1
3
2
1
4
2
1
1
3
3
3
1
-2
0
-2
0
-3
-4
0
-3
-2
-2
-5
-4
-4
-3
-3
-3
-2
-1
-2
-2
0
-1
-2
-3
-2
-1
-1
-3
-3
-5
-6
-4
-2
0
-2
-3
-1
1
-2
0
-3
-6
-1
-1
-2
-4
-2
0
-1
0
-4
-3
-2
-3
-5
-3
-4
-2
-3
-3
-1
-1
1
0
0
2
3
1
0
0
-2
0
-2
-1
-1
-2
0
-1
-2
-3
-2
-4
-2
-1
0
2
2
-1
1
0
1
-2
2
5
3
3
3
1
0
3
0
3
1
0
2
0
1
1
-2
0
0
-1
-2
-2
0
0
-1
0
-1
-1
-3
-1
-1
1
2
-2
-6
-2
0
0
2
1
-1
-1
0
-2
-1
-1
2
0
-2
0
-3
-4
-2
1
1
0
0
-2
0
-1
-1
3
-1
-2
-2
1
-1
-1
-1
1
1
-3
-1
-3
-5
-5
-5
-4
-4
-1
-4
-5
0
-8
-4
-2
-4
-2
-6
-1
-5
-8
-5
-4
-3
-4
-5
-4
-3
-5
-4
-5
-4
0
0
0
-1
-3
-2
-2
-1
-1
-1
-2
0
3
2
3
0
3
5
2
5
4
3
0
2
6
1
2
5
2
-2
1
2
0
1
-2
2
3
-2
-1
-2
-1
1
0
-5
-2
0
-2
1
0
-2
-3
1
-1
1
1
2
1
1
0
-1
2
1
0
1
1
1
1
3
5
4
5
4
1
4
3
0
0
0
4
3
4
3
5
4
1
2
1
2
1
1
1
3
4
4
5
6
4
5
6
1
4
5
6
4
4
6
2
2
4
3
4
7
6
5
4
5
6
4
10
6
3
5
3
5
1
2
2
1
6
1
1
3
3
-1
-1
2
-1
0
0
-2
-1
-1
-1
0
2
1
3
5
6
4
0
0
0
-1
-2
-3
-2
-3
-2
-2
-1
-2
-2
1
2
2
1
-1
3
-1
0
3
-1
1
1
3
0
1
0
-2
4
3
1
1
3
1
-1
0
2
1
0
-1
-2
0
-2
-1
1
-3
-1
0
-1
0
-1
-1
1
1
-1
2
0
0
-2
-4
-4
-5
-1
0
-1
1
-2
-2
-2
2
-3
1
6
2
1
1
0
-3
0
-1
1
4
3
3
2
1
3
0
-1
1
0
3
1
1
-1
-2
-2
0
2
-2
0
-2
-4
1
-2
1
2
-1
0
0
-2
-1
0
-1
0
0
-2
-4
-2
-5
-1
0
-3
-2
-5
-4
0
0
-2
-2
-3
-6
-3
-5
-7
-3
-6
-4
-4
-2
-3
-7
-5
-3
-4
-5
-6
-3
0
-2
-3
-5
-6
-3
-4
-5
-4
-2
-4
-5
-4
-6
-1
-2
0
2
0
0
0
0
1
1
1
1
4
3
4
3
4
3
2
2
2
3
4
6
4
5
7
5
3
3
3
6
4
4
9
6
4
4
4
5
6
1
4
4
-1
0
0
1
2
4
4
-1
-1
2
-5
-3
-1
-2
0
-1
3
4
6
3
3
4
3
4
3
6
5
4
3
6
8
9
8
5
6
4
3
3
1
4
4
8
5
4
2
5
9
5
9
10
10
9
6
6
6
10
7
7
6
7
5
6
8
4
4
6
3
1
3
5
4
3
0
2
4
1
2
3
-1
0
-1
1
-2
-3
1
0
1
0
3
2
0
0
-3
-1
-2
-2
1
0
-1
0
2
0
-1
1
0
-1
0
-1
0
3
-2
-2
-2
-1
-3
-2
-1
-2
-2
0
-2
-4
-2
-1
-2
-1
-1
-2
0
-2
-4
-1
1
0
-1
1
1
3
2
2
-1
-3
-1
-1
-2
-4
-4
-4
-2
-2
-3
-4
0
-3
-6
-4
-3
-2
-5
-5
-6
-5
-3
-3
-6
-4
-4
0
-2
-5
-4
-4
-2
-3
-2
0
-4
-1
0
-2
1
0
2
-2
-3
-2
-2
-4
-4
-3
-2
-2
-5
-3
-3
-5
-2
-1
0
-4
-3
-2
-3
-3
-3
-2
-2
-1
-1
0
-2
-3
-5
-5
-5
-7
-7
-3
-3
-4
-4
-3
-5
-7
-5
-6
-5
-4
-2
-7
-5
-2
0
-2
-5
-2
-6
-5
-5
-5
-9
-8
-5
-7
-7
-5
-6
-6
-2
-4
-5
-3
-3
-3
-2
-1
-3
-5
-4
-2
0
-1
-3
-2
-4
-3
-4
-4
-1
-2
-3
-4
-2
-2
0
-4
-4
-4
-5
-4
-2
-1
-4
2
-4
-5
0
-5
1
-1
-6
-5
-4
-4
-2
-2
-4
-3
0
0
-1
0
0
-4
2
2
-2
-3
-2
-2
-3
-1
-2
-2
-2
-2
-2
0
2
2
2
0
1
0
3
0
0
2
1
4
2
5
3
3
5
3
5
6
6
6
6
4
6
6
3
5
7
5
1
2
4
4
5
9
5
4
6
7
8
8
6
7
7
3
8
6
1
3
5
2
0
-2
1
3
1
3
2
2
1
-2
-1
1
2
2
2
2
0
2
3
4
0
0
-3
-2
-1
-2
3
1
1
0
-1
0
-1
0
1
0
2
2
2
2
0
2
2
1
0
-1
2
1
2
4
6
8
4
4
4
5
4
1
4
2
2
1
2
4
1
3
3
1
2
3
2
1
5
4
2
1
6
1
1
3
-1
0
-1
3
2
0
2
2
-1
-1
2
2
1
-2
1
3
2
4
4
3
3
1
2
4
1
3
2
-2
-1
0
1
-1
-2
2
1
1
2
3
3
2
1
2
1
1
1
1
1
-1
0
1
0
-1
5
1
-1
-1
0
1
2
-1
-3
-1
-1
1
-5
1
0
-1
-1
0
3
0
0
0
1
5
2
1
3
5
3
1
2
4
0
2
0
-2
3
-1
-1
-1
-1
-3
0
1
-3
-1
-2
-6
-7
-4
-2
-5
-1
-3
-2
-1
-5
-5
-8
-6
-3
-5
-3
-1
-3
-4
-4
-5
-4
-5
-5
-3
-2
-3
-2
-6
-4
-2
-1
-2
-2
-2
0
1
4
3
0
3
-1
1
1
-1
1
-2
-4
1
4
3
3
0
3
5
3
2
1
1
-3
-2
-3
-1
1
-1
-2
-4
-1
-1
0
-5
-4
-2
-2
-2
-3
-2
0
0
-1
-1
1
0
-1
2
1
1
4
4
1
6
3
-2
3
4
5
2
2
0
2
3
3
4
4
5
6
5
4
3
2
5
8
10
7
7
6
8
7
7
8
5
9
10
8
7
6
7
7
8
6
4
5
2
5
6
4
5
9
8
5
8
6
9
9
4
6
3
5
4
6
5
5
4
4
4
2
2
0
0
-1
-1
1
-3
-2
2
2
-2
-2
-3
-4
-3
-2
-2
-6
-4
-3
-5
-3
-4
0
-2
-5
-3
-1
-3
-7
-5
-2
-2
-3
-4
-5
-1
-3
-7
-6
-3
-2
-3
-6
-3
-1
0
-3
-5
-3
-6
0
-3
-5
-1
-2
-1
-4
-2
0
0
1
2
0
1
4
2
3
5
4
3
4
6
7
5
2
2
6
4
1
2
4
3
2
-2
-1
3
2
-3
-5
-3
0
-6
-9
-7
-8
-11
-13
-14
-11
-10
-16
-17
-15
-13
-17
-23
-20
-15
-16
-26
-25
-21
-20
-25
-30
-21
-17
-20
-24
-23
-17
-16
-23
-28
-22
-16
-17
-22
-20
-10
-11
-16
-15
-11
-7
-7
-13
-8
-1
-3
-6
-5
1
5
-2
-3
8
17
9
1
5
18
23
10
10
18
27
24
15
19
32
36
30
26
33
39
40
39
38
38
37
35
42
42
35
31
32
36
34
26
32
40
30
14
9
27
40
23
1
4
24
27
11
2
11
18
7
-11
-7
12
12
-5
-28
-36
-31
-26
-25
-41
-69
-92
-88
-70
-73
-112
-148
-142
-123
-147
-208
-213
-160
-151
-235
-320
-279
-166
-146
-273
-373
-299
-167
-153
-247
-290
-216
-135
-142
-178
-121
-15
7
-44
-37
91
211
217
173
217
341
421
417
436
530
610
607
608
695
776
759
733
819
915
820
653
730
1004
1038
687
422
612
943
851
423
251
473
604
336
39
91
279
166
-204
-379
-211
-55
-221
-541
-665
-562
-476
-568
-721
-771
-737
-744
-827
-869
-794
-703
-729
-846
-896
-788
-613
-545
-624
-700
-643
-494
-391
-376
-367
-317
-257
-246
-229
-133
1
44
-37
-103
-32
108
162
127
84
59
8
-18
87
211
101
-204
-313
-63
138
-97
-473
-465
-162
-145
-520
-724
-445
-180
-442
-867
-795
-339
-210
-578
-835
-571
-184
-183
-419
-412
-126
67
48
75
266
419
427
484
714
956
1032
1009
1042
1141
1306
1583
1827
1691
1221
1096
1742
2458
2193
1181
769
1511
2300
1972
1021
740
1260
1472
903
418
677
1036
613
-237
-473
53
406
-51
-816
-1074
-800
-605
-806
-1114
-1219
-1206
-1321
-1533
-1559
-1332
-1148
-1321
-1713
-1844
-1525
-1106
-1040
-1318
-1515
-1372
-1082
-930
-908
-836
-710
-709
-801
-728
-385
-62
-77
-341
-455
-214
132
263
173
64
38
54
121
284
425
335
38
-142
12
298
314
26
-230
-235
-122
-112
-196
-252
-296
-408
-531
-500
-365
-321
-433
-552
-533
-412
-301
-259
-235
-189
-107
29
161
228
308
530
787
850
801
916
1234
1489
1506
1546
1791
1879
1557
1431
2105
2835
2437
1249
933
2056
3002
2339
996
791
1645
1905
1132
560
887
1165
494
-399
-400
277
437
-370
-1263
-1363
-883
-701
-1095
-1558
-1696
-1607
-1674
-1918
-1976
-1719
-1558
-1889
-2322
-2296
-1827
-1432
-1514
-1862
-2001
-1729
-1344
-1181
-1146
-1065
-963
-959
-919
-616
-215
-3
-83
-236
-149
171
480
611
607
529
456
563
795
914
784
593
636
712
549
314
307
455
393
57
-340
-384
-110
-133
-516
-789
-791
-754
-796
-872
-917
-852
-872
-987
-906
-661
-444
-349
-368
-321
-26
361
625
822
946
1047
1316
1658
1901
2195
2544
2520
2054
1853
2608
3793
3815
2339
1275
2132
3628
3537
2036
1266
1891
2259
1421
668
1025
1473
775
-554
-1070
-459
114
-371
-1446
-2044
-1982
-1767
-1778
-2059
-2311
-2369
-2533
-2955
-3079
-2548
-2035
-2242
-2931
-3221
-2713
-1964
-1697
-1982
-2228
-2074
-1697
-1402
-1209
-895
-618
-659
-850
-677
-19
574
652
315
159
484
918
1213
1331
1262
1099
1018
982
970
1335
1679
1347
503
-128
148
1016
1230
121
-992
-834
-260
-243
-687
-1062
-1226
-1363
-1584
-1663
-1262
-994
-1409
-1946
-1918
-1287
-697
-609
-911
-1021
-594
66
563
672
695
964
1330
1689
2079
2432
2711
2920
2612
2017
2567
4212
4704
3089
1539
2115
3860
4238
2695
1516
2117
2774
1819
633
993
1868
1344
-284
-1137
-597
97
-164
-1161
-1941
-2046
-1830
-1815
-2034
-2233
-2351
-2507
-2859
-3169
-2873
-2157
-2034
-2777
-3353
-3009
-2209
-1762
-1899
-2199
-2230
-1962
-1596
-1307
-999
-682
-667
-948
-934
-271
449
639
404
155
304
771
1170
1322
1337
1289
1123
1009
952
1139
1705
1856
1044
-93
-292
715
1643
1065
-713
-1468
-546
256
-153
-1028
-1370
-1330
-1370
-1535
-1456
-1011
-992
-1651
-2125
-1635
-637
-284
-675
-1038
-728
91
724
894
796
986
1526
1965
2229
2468
2852
3293
3346
2692
2268
3503
5238
4857
2567
1485
3085
4876
4262
2215
1596
2682
2869
1417
591
1501
2148
855
-973
-1292
-283
290
-466
-1740
-2401
-2251
-1956
-2036
-2365
-2612
-2713
-2949
-3419
-3581
-2942
-2209
-2533
-3579
-3925
-3138
-2231
-2046
-2396
-2682
-2543
-2165
-1799
-1461
-1072
-798
-956
-1201
-920
-60
678
686
283
133
595
1203
1478
1586
1621
1507
1263
1258
1537
1896
2028
1479
805
623
806
1016
985
567
-222
-649
-609
-550
-446
-610
-1317
-2051
-1956
-1373
-1263
-1557
-1951
-2134
-1882
-1437
-1219
-1196
-988
-818
-741
-299
384
769
814
973
1389
1885
2353
2625
2849
3359
3541
2780
2338
3727
5525
5001
2711
1788
3304
4937
4407
2535
1797
2703
2964
1582
745
1605
2158
808
-895
-1122
-342
117
-431
-1657
-2570
-2475
-1990
-2091
-2523
-2748
-2882
-3183
-3557
-3659
-3165
-2443
-2672
-3761
-4144
-3271
-2331
-2227
-2584
-2847
-2713
-2298
-1908
-1603
-1248
-943
-1080
-1350
-1056
-149
597
549
144
-9
409
1079
1448
1519
1419
1310
1167
1183
1381
1585
1887
1769
937
-45
29
1278
1826
622
-1193
-1519
-299
438
-295
-1639
-2005
-1519
-1366
-1674
-1822
-1525
-1590
-2136
-2346
-1756
-812
-642
-1219
-1531
-886
223
691
524
456
1003
1758
1993
2007
2400
3243
3798
3316
2315
2343
4160
5781
4869
2478
1759
3589
5199
4355
2418
1977
2985
2959
1467
793
1777
2339
883
-1023
-1300
-237
357
-447
-1826
-2562
-2396
-2048
-2156
-2480
-2682
-2878
-3282
-3748
-3699
-2978
-2363
-2810
-3898
-4151
-3243
-2281
-2177
-2609
-2863
-2700
-2304
-1927
-1520
-1077
-888
-1142
-1380
-939
32
719
665
274
158
593
1253
1651
1776
1766
1609
1268
1158
1634
2338
2526
1611
345
133
1196
2113
1477
-112
-1032
-514
387
194
-789
-1408
-1350
-1393
-1701
-1606
-1246
-1224
-1824
-2382
-2053
-1054
-404
-832
-1428
-1092
-140
543
652
702
1011
1549
2039
2186
2428
3066
3769
3910
3244
2563
3082
4954
6003
4450
2155
2190
4372
5394
3901
2188
2302
3135
2521
1062
955
2091
2061
56
-1594
-1164
51
81
-1137
-2298
-2696
-2495
-2279
-2448
-2730
-2907
-3168
-3681
-4053
-3728
-2939
-2537
-3230
-4282
-4240
-3136
-2251
-2371
-2835
-2970
-2768
-2312
-1876
-1399
-991
-946
-1215
-1342
-654
337
874
713
264
355
852
1496
1907
1934
1693
1252
1223
1539
2116
2395
1618
628
439
1141
1425
930
346
-294
-464
-313
-342
-670
-980
-1143
-1703
-1912
-1528
-1303
-1443
-1807
-1950
-1842
-1315
-820
-916
-926
-634
-220
137
530
1018
1286
1571
1866
2135
2622
3246
3802
3715
3066
2724
3459
4980
5426
3998
2373
2701
4427
4822
3424
2301
2602
2968
2085
1023
1148
1921
1576
-184
-1461
-1037
-74
-306
-1531
-2409
-2616
-2568
-2607
-2759
-2938
-3106
-3355
-3889
-4243
-3853
-3083
-2916
-3693
-4377
-4124
-3252
-2655
-2736
-3008
-3018
-2711
-2423
-2113
-1519
-1046
-1060
-1373
-1291
-577
280
739
549
287
435
944
1491
1742
1852
1718
1286
1059
1645
2559
2256
939
354
1028
1771
1391
327
-244
64
334
-293
-925
-695
-456
-1053
-1834
-1829
-1253
-975
-1366
-1973
-1930
-1219
-761
-943
-1118
-697
-43
267
273
504
1150
1762
2016
1970
2185
2895
3691
4027
3525
2860
2972
4219
5513
4941
3127
2393
3677
4961
4224
2787
2417
3031
2906
1576
933
1629
2182
974
-875
-1184
-343
67
-743
-1874
-2361
-2355
-2267
-2559
-2853
-2857
-2927
-3302
-3903
-3986
-3383
-2804
-3055
-3939
-4259
-3623
-2771
-2631
-2981
-3064
-2756
-2424
-2317
-1978
-1402
-1018
-1075
-1357
-1091
-271
541
665
311
338
750
1290
1583
1678
1702
1536
1450
1568
2087
2293
1541
884
1086
1640
1462
771
397
293
286
-22
-465
-503
-364
-716
-1426
-1538
-1180
-1073
-1283
-1551
-1602
-1384
-1031
-931
-965
-635
-245
-28
145
475
1020
1483
1776
1816
1953
2605
3281
3657
3589
3164
2877
3245
4555
5325
4319
2770
2505
3801
4619
3876
2700
2321
2692
2290
1237
1055
1740
1704
130
-1227
-1140
-402
-274
-1190
-2205
-2628
-2547
-2536
-2787
-2887
-2969
-3237
-3709
-4073
-3887
-3251
-2858
-3371
-4168
-4208
-3454
-2745
-2678
-2957
-3076
-2837
-2484
-2160
-1759
-1304
-1098
-1266
-1351
-888
1
560
511
279
299
810
1387
1628
1482
1371
1479
1369
1538
1972
1895
1099
580
1187
1624
1157
246
-242
170
479
2
-948
-1106
-540
-725
-1439
-1741
-1376
-1162
-1443
-1698
-1688
-1283
-1009
-1099
-1150
-735
-95
62
6
246
909
1526
1748
1753
1815
2474
3338
3671
3141
2464
2794
3883
4966
4688
3181
2374
3182
4513
4218
2974
2478
2696
2668
1756
1219
1542
1842
1081
-567
-1171
-569
-77
-681
-1840
-2320
-2416
-2423
-2597
-2871
-2971
-3111
-3358
-3894
-4073
-3520
-3005
-3180
-3917
-4209
-3773
-3060
-2730
-2953
-3097
-2934
-2632
-2418
-2011
-1454
-1214
-1308
-1421
-1054
-321
368
554
309
309
653
1234
1621
1704
1572
1309
1345
1627
2107
2123
1412
848
976
1584
1504
728
138
155
405
7
-540
-651
-538
-766
-1370
-1566
-1350
-1117
-1298
-1727
-1729
-1334
-1021
-1087
-1066
-765
-391
-108
61
337
734
1238
1494
1729
2101
2382
2774
3265
3759
3377
2586
2780
4061
5295
4536
2774
2247
3523
4738
3868
2611
2409
2900
2594
1373
1118
1693
1948
727
-878
-1053
-392
1
-800
-1894
-2419
-2481
-2262
-2478
-2790
-3026
-3138
-3349
-3892
-3938
-3417
-2896
-3191
-4045
-4249
-3636
-2802
-2644
-2994
-3102
-2877
-2534
-2268
-1837
-1328
-1115
-1237
-1335
-896
-30
614
642
382
384
858
1480
1803
1714
1584
1616
1483
1554
2084
2400
1865
989
860
1270
1618
1377
515
-26
94
288
-84
-446
-457
-723
-1144
-1370
-1262
-1118
-1103
-1308
-1666
-1541
-1090
-808
-806
-752
-487
-300
-23
373
813
1144
1280
1580
1960
2352
2676
3034
3531
3457
2778
2407
3432
5145
5068
3106
1751
2795
4579
4437
2909
2012
2456
2708
1753
940
1267
1914
1122
-675
-1445
-834
-119
-536
-1645
-2547
-2823
-2556
-2447
-2692
-3049
-3216
-3460
-3967
-4118
-3630
-2973
-3055
-3904
-4472
-4019
-2967
-2503
-2851
-3186
-3040
-2684
-2352
-1912
-1377
-1093
-1179
-1346
-1126
-282
533
746
489
314
647
1185
1713
1805
1600
1514
1310
1484
1985
2209
1654
794
954
1429
1403
796
85
128
361
172
-582
-946
-505
-577
-1228
-1718
-1551
-1184
-1264
-1479
-1695
-1518
-1151
-1118
-1085
-796
-306
-129
-138
194
746
1278
1538
1691
1924
2383
2940
3273
3629
3722
3263
2780
3397
5052
5398
3795
2293
2817
4535
4742
3346
2245
2493
2943
2129
1152
1247
1846
1317
-373
-1311
-946
-292
-552
-1618
-2526
-2886
-2684
-2557
-2854
-3215
-3397
-3554
-3993
-4298
-3947
-3282
-3187
-3945
-4611
-4261
-3251
-2742
-3023
-3335
-3187
-2787
-2475
-2133
-1657
-1242
-1121
-1255
-1143
-507
365
779
600
427
633
1231
1770
2012
1922
1664
1627
1687
1932
2102
1931
1621
1277
1146
955
887
949
625
14
-613
-637
-380
-468
-975
-1656
-1838
-1759
-1631
-1655
-1863
-1892
-1961
-1912
-1734
-1410
-1064
-1034
-919
-686
-300
287
701
934
1071
1441
2063
2488
2828
3061
3334
3848
3871
3362
3176
4161
5536
5138
3442
2546
3556
5096
4789
3219
2223
2662
3123
2200
1271
1362
1830
1092
-591
-1320
-854
-166
-570
-1935
-3023
-3087
-2475
-2442
-3022
-3545
-3655
-3711
-4009
-4100
-3845
-3276
-3281
-4062
-4484
-3901
-2778
-2518
-2939
-3126
-2873
-2316
-1936
-1550
-1116
-804
-734
-839
-549
189
1006
1267
946
804
1196
1897
2384
2460
2128
1928
2142
2197
2067
2246
2607
2035
999
751
1131
1634
1349
188
-915
-765
145
-209
-1238
-1682
-1695
-1805
-2033
-1994
-2002
-1943
-2076
-2507
-2382
-1647
-1097
-1316
-1475
-1101
-560
33
416
622
827
1377
1913
2118
2505
3159
3675
3565
3635
4084
4088
3857
4018
4982
5350
4305
3086
3036
4429
5082
3851
2244
2000
2747
2449
1434
1005
1150
834
-395
-1317
-1363
-862
-847
-1941
-3135
-3522
-3069
-2761
-3154
-3737
-4123
-4171
-4127
-4201
-4170
-3823
-3549
-3937
-4511
-4250
-3233
-2575
-2769
-3158
-3047
-2405
-1685
-1320
-1172
-911
-602
-467
-292
316
1019
1379
1288
1052
1257
1849
2475
2589
2358
2181
1839
1856
2278
2672
2361
1243
678
889
1355
1204
252
-426
-684
-665
-863
-1230
-1371
-1721
-2245
-2695
-2586
-2176
-2167
-2511
-2970
-2919
-2317
-1737
-1602
-1758
-1573
-1093
-534
-61
238
580
1081
1569
1825
2121
2784
3456
3744
3774
3868
4345
4762
4505
4023
4331
5527
5689
4180
2975
3502
4932
4883
3264
2014
2128
2743
2081
869
555
825
398
-1075
-1937
-1713
-1255
-1550
-2841
-3813
-3832
-3263
-3214
-3946
-4427
-4433
-4246
-4366
-4601
-4421
-3980
-3743
-4138
-4436
-3942
-3038
-2582
-2820
-2893
-2473
-1835
-1355
-1144
-839
-417
-75
28
208
801
1445
1725
1586
1467
1816
2393
2703
2647
2446
2261
2186
2373
2403
2056
1876
1726
1219
642
452
524
419
50
-901
-1812
-1562
-918
-1303
-2436
-2921
-2774
-2638
-2581
-2750
-2939
-2863
-2647
-2612
-2367
-1659
-1306
-1410
-1256
-605
35
487
850
1109
1528
2151
2745
2994
3275
3790
4148
4378
4527
4838
4831
4507
4551
5056
5716
5262
3975
3211
3759
4884
4465
2889
1846
2120
2452
1536
613
426
536
-145
-1490
-2136
-1901
-1417
-1938
-3182
-3919
-3806
-3355
-3499
-3935
-4294
-4401
-4332
-4434
-4388
-4094
-3596
-3504
-3952
-4046
-3389
-2425
-2136
-2371
-2380
-1995
-1383
-911
-559
-259
40
229
276
587
1229
1818
1912
1704
1602
1863
2395
2668
2609
2399
2291
2139
1800
1795
2086
2019
1160
282
198
405
370
-182
-1034
-1566
-1563
-1580
-2063
-2382
-2427
-2807
-3292
-3282
-2938
-2791
-2798
-2930
-3078
-2660
-1876
-1450
-1500
-1395
-895
-360
293
801
1100
1466
1920
2375
2656
3204
3779
3928
4021
4281
4798
5060
5072
4872
4395
4360
4896
5524
5072
3684
2930
3323
4154
3778
2413
1531
1600
1732
765
-192
-188
26
-655
-2066
-2660
-2383
-2070
-2414
-3368
-4040
-4143
-3841
-3780
-4078
-4220
-4202
-4167
-4242
-4221
-3827
-3254
-3000
-3309
-3526
-3000
-2052
-1534
-1616
-1670
-1365
-854
-459
-151
222
552
692
571
718
1316
1907
2020
1714
1622
1765
2081
2265
2182
2153
1919
1529
1290
1506
1501
845
584
525
95
-582
-874
-645
-695
-1142
-2249
-2927
-2166
-1531
-2180
-3326
-3329
-2740
-2587
-2518
-2598
-2474
-2186
-2013
-1901
-1474
-543
-244
-431
-213
441
1222
1695
1990
1994
2222
2998
3441
3520
3646
4020
4214
4222
4533
4657
4648
4576
4201
3726
3785
4674
4724
3355
2100
2187
3179
3233
2062
855
669
1059
528
-538
-837
-405
-668
-1999
-2913
-2694
-2048
-2064
-2896
-3712
-3868
-3446
-3211
-3417
-3615
-3569
-3460
-3487
-3510
-3222
-2611
-2170
-2343
-2765
-2572
-1698
-1001
-985
-1221
-1091
-706
-376
-85
251
568
661
538
478
832
1449
1700
1450
1135
1107
1363
1675
1707
1480
1308
1150
794
575
792
813
404
-24
-395
-671
-791
-804
-1018
-1344
-1670
-2223
-2373
-1951
-1800
-2276
-2764
-2672
-2389
-2098
-1915
-2028
-2012
-1733
-1343
-983
-568
-144
-27
154
615
1180
1639
1891
2140
2337
2661
3135
3405
3532
3631
3804
3967
4177
4451
4362
4094
3867
3609
3502
3923
4437
3771
2324
1766
2519
3244
2617
1282
549
734
874
206
-482
-499
-416
-1158
-2240
-2453
-1909
-1646
-2198
-2995
-3425
-3309
-2858
-2730
-2996
-3220
-3152
-3054
-3095
-2917
-2471
-2056
-2043
-2387
-2458
-1897
-1127
-911
-1155
-1243
-1010
-645
-377
-130
140
240
128
24
246
730
1073
1029
708
509
655
963
1187
1127
891
752
662
497
462
683
601
6
-377
-306
-231
-451
-771
-1036
-1233
-1256
-1438
-1759
-1751
-1563
-1717
-2171
-2183
-1798
-1604
-1659
-1799
-1744
-1412
-931
-654
-663
-434
-44
225
499
868
1229
1402
1619
1820
1983
2427
2868
2948
2765
2814
3144
3430
3698
3703
3484
3282
3075
2928
3023
3596
3842
3001
1854
1566
2338
2950
2481
1310
447
546
791
444
-87
-197
-215
-955
-1839
-1935
-1359
-1077
-1729
-2656
-3074
-2764
-2313
-2341
-2612
-2807
-2886
-2975
-2911
-2565
-2172
-1981
-2219
-2644
-2631
-1945
-1220
-1139
-1478
-1699
-1528
-1123
-705
-436
-344
-375
-543
-547
-221
347
694
473
101
30
424
850
997
958
752
699
723
682
753
1028
1020
275
-154
240
567
285
-268
-606
-741
-617
-668
-1122
-1265
-1137
-1449
-1975
-1859
-1428
-1432
-1700
-1935
-1935
-1507
-1023
-1078
-1243
-965
-598
-409
-186
182
417
650
906
1061
1397
1821
2114
2124
2181
2471
2696
2929
3071
3336
3633
3546
3160
2761
2990
3615
4083
3814
2683
1943
2241
3110
3280
2415
1429
925
1152
1229
716
222
118
-41
-945
-1669
-1473
-979
-1069
-1934
-2746
-2999
-2623
-2240
-2484
-2918
-3097
-3087
-3154
-3041
-2662
-2423
-2410
-2643
-2917
-2741
-1997
-1453
-1630
-1985
-2001
-1678
-1212
-825
-692
-657
-579
-591
-497
-93
457
658
451
276
357
847
1375
1561
1355
1053
1114
1298
1517
1742
1651
1194
796
948
994
742
740
616
53
-576
-711
-552
-419
-565
-1547
-2344
-1919
-1271
-1483
-2106
-2256
-2252
-2172
-1875
-1823
-1769
-1520
-1444
-1573
-1303
-501
-37
-21
-47
84
650
1333
1679
1640
1704
2122
2515
2807
2939
3054
3280
3550
3864
3921
3711
3504
3628
3872
3892
3952
3823
3246
2626
2569
2895
2883
2433
1638
1009
922
960
667
102
-224
-606
-1299
-1752
-1764
-1642
-1916
-2438
-2909
-3160
-3000
-2812
-2839
-3051
-3257
-3389
-3421
-3138
-2836
-2728
-2701
-2705
-2675
-2481
-2016
-1606
-1541
-1657
-1632
-1390
-1020
-638
-400
-306
-300
-188
-4
299
757
947
857
734
879
1162
1444
1688
1509
1348
1380
1421
1554
1582
1427
1071
1013
887
334
389
736
417
-526
-1113
-957
-631
-470
-1316
-2450
-2326
-1618
-1655
-2310
-2392
-2193
-2311
-2330
-2253
-1937
-1488
-1417
-1713
-1679
-854
-149
-59
-102
70
551
1107
1548
1711
1799
2121
2417
2583
2881
3274
3368
3197
3249
3554
3858
4116
3960
3261
2904
3307
3628
3435
3244
3043
2424
1831
1843
2185
2232
1618
589
-9
173
335
-140
-697
-929
-1300
-1879
-2107
-1862
-1745
-2106
-2598
-2986
-3101
-2842
-2531
-2501
-2769
-3021
-3080
-2835
-2381
-2159
-2142
-2112
-2115
-2153
-1870
-1259
-939
-1036
-1282
-1322
-995
-498
-165
-174
-229
-259
-189
57
374
689
721
582
403
463
845
1162
1301
996
686
691
837
1112
1183
1024
538
235
341
264
263
185
-137
-704
-1135
-1005
-838
-693
-1133
-1969
-2082
-1602
-1280
-1611
-1870
-1850
-1895
-1700
-1449
-1186
-959
-896
-934
-840
-258
305
457
459
483
714
1171
1640
1810
1718
1811
2060
2229
2405
2544
2553
2482
2519
2697
2825
3118
3377
3045
2373
2136
2638
3096
3071
2739
2216
1837
1697
1854
2107
2092
1573
686
349
616
715
382
28
-196
-714
-1196
-1193
-905
-842
-1241
-1840
-2270
-2176
-1817
-1672
-1785
-2073
-2423
-2600
-2307
-1877
-1762
-1864
-2061
-2262
-2267
-1856
-1365
-1301
-1574
-1843
-1810
-1491
-1089
-857
-875
-947
-1031
-988
-669
-121
186
28
-186
-168
146
590
956
984
777
738
865
1118
1393
1548
1460
1165
896
703
895
1411
1534
847
-219
-518
167
900
598
-640
-1402
-1109
-500
-558
-1105
-1372
-1402
-1507
-1679
-1545
-1133
-1017
-1416
-1864
-1621
-833
-422
-682
-1078
-995
-496
-14
207
178
243
463
667
875
1138
1447
1596
1564
1573
1822
2288
2588
2645
2739
2923
2902
2609
2564
2944
3399
3545
3114
2400
2055
2458
3055
3002
2273
1399
1078
1350
1490
1081
536
288
-79
-722
-1066
-891
-677
-1054
-1890
-2534
-2545
-2133
-2027
-2409
-2895
-3138
-3165
-3109
-2925
-2757
-2795
-2972
-3155
-3139
-2764
-2219
-2040
-2330
-2536
-2345
-1925
-1506
-1225
-1100
-1052
-980
-807
-451
63
461
539
437
424
745
1305
1680
1692
1550
1534
1659
1899
2172
2260
2160
1912
1573
1381
1601
1895
1606
928
498
408
364
181
-125
-519
-873
-1169
-1538
-1714
-1583
-1626
-2152
-2660
-2619
-2315
-2186
-2343
-2576
-2592
-2318
-1996
-1850
-1717
-1467
-1281
-1164
-886
-429
6
261
358
499
887
1381
1660
1820
2003
2161
2347
2640
2915
3013
3133
3417
3758
3781
3315
3048
3478
3922
3746
3342
3133
2898
2618
2561
2642
2614
2109
1236
786
1019
1068
394
-235
-469
-824
-1337
-1581
-1553
-1710
-2155
-2626
-2929
-2964
-2867
-2866
-3013
-3234
-3449
-3516
-3251
-2873
-2805
-2906
-2837
-2681
-2553
-2250
-1773
-1532
-1580
-1570
-1335
-912
-454
-166
-89
-51
118
347
653
1031
1254
1251
1169
1225
1453
1776
1999
1890
1661
1636
1785
1871
1844
1788
1629
1394
1240
1186
1084
759
476
477
388
-124
-709
-841
-653
-725
-1283
-1947
-2094
-1821
-1783
-2125
-2430
-2460
-2372
-2304
-2310
-2287
-2119
-1959
-1925
-1805
-1469
-1073
-833
-797
-749
-432
132
526
587
644
918
1252
1499
1717
1868
1959
2092
2226
2285
2432
2686
2742
2626
2680
2923
3142
3179
2837
2430
2580
3029
2976
2523
2294
2258
2049
1736
1632
1743
1696
1100
336
142
406
344
-215
-679
-898
-1161
-1452
-1574
-1594
-1727
-1946
-2223
-2515
-2528
-2278
-2148
-2303
-2547
-2670
-2528
-2152
-1973
-2106
-2117
-1952
-1899
-1867
-1585
-1247
-1169
-1232
-1288
-1210
-917
-573
-441
-516
-557
-489
-314
-55
120
150
183
212
219
355
681
889
801
670
650
773
984
1145
1130
953
815
823
907
849
685
699
615
142
-183
40
256
-124
-764
-1089
-923
-617
-852
-1467
-1651
-1402
-1447
-1780
-1791
-1608
-1620
-1776
-1905
-1810
-1471
-1229
-1370
-1562
-1378
-1009
-740
-629
-623
-508
-200
71
141
256
561
775
807
849
1075
1446
1716
1737
1677
1837
2151
2340
2460
2694
2891
2727
2403
2600
3186
3305
2911
2775
2936
2761
2351
2301
2663
2833
2230
1281
1058
1542
1563
834
285
171
-72
-500
-794
-885
-966
-1262
-1790
-2208
-2232
-2089
-2090
-2279
-2632
-2946
-2897
-2570
-2457
-2635
-2691
-2553
-2502
-2518
-2328
-1970
-1747
-1784
-1888
-1772
-1341
-915
-778
-801
-730
-483
-196
80
334
576
734
786
858
1091
1462
1707
1701
1625
1689
1838
1972
2072
2069
1912
1775
1715
1619
1574
1557
1236
708
584
687
345
-220
-424
-473
-706
-1075
-1569
-1885
-1672
-1569
-2282
-2898
-2598
-2219
-2495
-2887
-2915
-2724
-2471
-2445
-2620
-2456
-1969
-1783
-1838
-1613
-1181
-856
-610
-456
-301
127
602
793
858
1114
1445
1718
1952
2080
2232
2524
2786
2826
2832
3052
3301
3368
3402
3538
3583
3334
3172
3433
3626
3320
2934
2918
2920
2521
2058
1973
2136
1894
1049
345
389
606
154
-612
-947
-993
-1257
-1680
-1903
-1910
-1990
-2274
-2577
-2707
-2633
-2437
-2349
-2526
-2771
-2713
-2371
-2102
-2074
-2126
-1993
-1760
-1651
-1599
-1335
-956
-808
-864
-821
-548
-174
83
136
125
206
419
633
775
850
927
976
914
888
1027
1210
1231
1088
903
844
957
1050
966
794
643
555
524
461
398
361
225
-141
-479
-447
-255
-273
-648
-1156
-1346
-1138
-1042
-1315
-1546
-1591
-1733
-1886
-1794
-1614
-1620
-1770
-1914
-1912
-1627
-1318
-1287
-1377
-1351
-1189
-935
-670
-565
-523
-368
-208
-101
109
359
476
531
599
680
861
1142
1249
1189
1217
1369
1571
1759
1810
1755
1823
2059
2218
2328
2516
2489
2198
2152
2625
2949
2580
2166
2333
2663
2408
1833
1807
2226
2232
1449
772
948
1288
973
215
-148
-91
-222
-591
-954
-1079
-1124
-1333
-1650
-1987
-2079
-1987
-1912
-2070
-2488
-2641
-2393
-2117
-2195
-2390
-2279
-2124
-2123
-2158
-2012
-1689
-1561
-1673
-1788
-1589
-1162
-937
-924
-934
-787
-520
-297
-132
4
199
389
488
579
745
1034
1258
1288
1284
1355
1532
1720
1795
1728
1634
1683
1723
1657
1595
1523
1429
1321
1082
694
573
808
683
33
-475
-493
-372
-490
-899
-1405
-1564
-1413
-1542
-1953
-2120
-2001
-2016
-2266
-2446
-2363
-2110
-2018
-2222
-2340
-2070
-1679
-1535
-1553
-1489
-1245
-905
-682
-568
-334
22
216
261
488
909
1191
1309
1443
1607
1836
2141
2356
2389
2496
2758
2884
2941
3135
3403
3517
3352
3071
3029
3485
3729
3148
2563
2720
3064
2660
1854
1617
1960
2027
1182
268
230
573
307
-513
-1004
-1099
-1188
-1449
-1844
-2052
-2093
-2185
-2502
-2810
-2814
-2648
-2511
-2655
-2968
-3049
-2700
-2303
-2358
-2532
-2393
-2024
-1811
-1796
-1658
-1362
-1058
-977
-1025
-850
-394
-7
25
-20
107
398
697
830
854
917
1097
1183
1170
1219
1293
1375
1388
1290
1154
1201
1338
1251
1048
903
872
858
741
574
468
446
315
157
31
-252
-427
-277
-245
-711
-1107
-1045
-910
-924
-1227
-1658
-1711
-1315
-1278
-1852
-2049
-1673
-1467
-1673
-1917
-1852
-1561
-1377
-1510
-1598
-1282
-956
-920
-984
-899
-568
-213
-93
-187
-105
283
526
576
659
804
1009
1158
1234
1246
1340
1625
1717
1663
1675
1838
2032
2022
2109
2190
2328
2545
2434
2127
2045
2702
3071
2341
1733
2070
2785
2428
1475
1331
1899
2211
1294
307
473
1100
936
-160
-684
-505
-364
-609
-1226
-1525
-1524
-1437
-1660
-2143
-2300
-2172
-1906
-2049
-2565
-2674
-2219
-1835
-2160
-2514
-2239
-1759
-1650
-1907
-1934
-1580
-1251
-1258
-1439
-1321
-885
-582
-628
-764
-638
-237
73
91
4
141
502
685
640
648
929
1233
1241
1157
1194
1423
1636
1640
1512
1420
1556
1647
1533
1404
1329
1329
1231
1012
815
739
681
386
91
25
-100
-447
-747
-812
-901
-1167
-1456
-1614
-1596
-1688
-2016
-2185
-2043
-1991
-2225
-2373
-2281
-2168
-2106
-2077
-2078
-1958
-1741
-1602
-1508
-1375
-1168
-967
-750
-555
-425
-197
66
307
469
597
838
1100
1300
1386
1526
1744
1897
2040
2164
2300
2430
2508
2535
2596
2795
3008
3068
2837
2473
2545
3206
3392
2469
1803
2366
3048
2416
1259
1202
1970
2110
924
-110
220
899
544
-635
-1125
-833
-668
-1046
-1729
-1945
-1784
-1696
-1986
-2480
-2571
-2321
-2017
-2186
-2712
-2743
-2209
-1787
-2077
-2398
-2073
-1562
-1426
-1636
-1574
-1166
-825
-771
-895
-739
-293
31
25
-54
131
468
728
770
713
824
1099
1236
1139
1115
1261
1416
1443
1332
1235
1284
1399
1331
1139
1042
1049
1052
907
667
538
534
492
267
55
-27
-116
-276
-528
-609
-603
-836
-1157
-1278
-1203
-1305
-1531
-1629
-1724
-1809
-1892
-1900
-1851
-1906
-2002
-2076
-1989
-1893
-1874
-1770
-1730
-1707
-1604
-1396
-1181
-1095
-967
-836
-630
-361
-213
-56
122
359
554
692
914
1078
1268
1408
1510
1681
1815
1991
2080
2131
2215
2324
2494
2507
2542
2620
2696
2879
2818
2477
2352
2935
3291
2417
1667
2178
2986
2530
1277
979
1722
2176
1215
-47
76
842
661
-444
-997
-757
-608
-900
-1547
-1897
-1730
-1565
-1806
-2333
-2524
-2326
-2036
-2075
-2573
-2744
-2258
-1789
-1989
-2396
-2140
-1559
-1365
-1553
-1609
-1249
-827
-653
-765
-778
-375
44
139
40
114
482
791
812
717
863
1194
1282
1178
1150
1302
1511
1553
1415
1248
1278
1437
1437
1259
1068
1039
1054
915
700
533
517
483
243
-49
-188
-202
-366
-649
-888
-1015
-1017
-1214
-1598
-1779
-1670
-1716
-1987
-2136
-2212
-2197
-2063
-2117
-2387
-2357
-1989
-1954
-2175
-2111
-1790
-1569
-1539
-1505
-1364
-1068
-805
-706
-586
-336
-21
159
256
413
718
1032
1087
1135
1340
1586
1690
1723
1830
1847
1940
2089
2088
2009
2073
2277
2207
2083
2135
2181
2216
2248
2308
2128
1855
1924
2333
2478
1663
906
1489
2528
2158
562
2
1033
1833
968
-481
-524
398
464
-618
-1330
-920
-460
-828
-1646
-1949
-1563
-1194
-1341
-1902
-2253
-1980
-1426
-1336
-1811
-2018
-1519
-1019
-1218
-1678
-1429
-672
-468
-929
-1202
-768
-171
-93
-431
-582
-228
142
127
-64
-75
265
514
347
41
141
644
795
498
205
294
631
663
461
269
311
459
360
138
12
194
280
11
-256
-378
-197
-43
-237
-583
-704
-513
-559
-737
-816
-910
-843
-839
-1070
-1304
-1204
-981
-1095
-1267
-1461
-1532
-1224
-1052
-1353
-1650
-1405
-1125
-1277
-1400
-1297
-1093
-1037
-1164
-1129
-881
-639
-626
-679
-563
-351
-87
36
12
100
304
489
537
628
804
891
947
978
1031
1125
1265
1386
1295
1251
1414
1559
1579
1573
1646
1690
1773
1940
1980
1948
1913
1917
2075
2427
2534
1867
1240
1831
2937
2768
1300
551
1416
2398
1939
587
179
915
1161
299
-448
-221
207
-44
-848
-1434
-1202
-653
-734
-1431
-1948
-1821
-1416
-1310
-1687
-2033
-1759
-1383
-1575
-1957
-1823
-1250
-1020
-1347
-1697
-1503
-909
-646
-852
-1046
-882
-542
-407
-434
-399
-182
53
-13
-204
-136
282
592
397
82
69
353
584
540
395
328
383
371
275
311
429
482
314
68
3
140
355
283
-38
-201
-127
-95
-227
-257
-305
-545
-657
-606
-717
-966
-983
-870
-987
-1264
-1496
-1469
-1217
-1188
-1552
-1821
-1622
-1377
-1456
-1595
-1537
-1392
-1374
-1384
-1214
-976
-858
-858
-786
-592
-347
-98
25
57
164
400
624
741
843
942
1013
1120
1272
1356
1369
1481
1594
1570
1587
1737
1869
1917
1935
1925
1989
2201
2353
2337
2302
2327
2340
2397
2640
2902
2702
1973
1697
2553
3338
2621
1170
943
1993
2504
1542
363
457
1114
797
-260
-627
-146
6
-656
-1501
-1748
-1342
-1033
-1334
-2001
-2362
-2127
-1730
-1774
-2232
-2325
-1878
-1678
-2084
-2363
-1913
-1291
-1268
-1754
-1985
-1540
-924
-797
-1071
-1176
-898
-592
-512
-545
-439
-138
59
-78
-287
-80
448
684
429
158
276
622
814
742
618
637
730
695
565
568
749
826
577
219
137
347
503
313
-56
-239
-204
-214
-359
-460
-491
-637
-901
-1021
-969
-975
-1086
-1205
-1380
-1576
-1559
-1379
-1412
-1668
-1786
-1715
-1643
-1601
-1573
-1566
-1544
-1500
-1423
-1258
-1038
-905
-903
-847
-604
-277
-83
-15
108
321
521
686
863
1046
1211
1319
1363
1462
1668
1841
1881
1848
1857
1942
2066
2120
2081
2061
2065
2074
2088
2102
2123
2159
2161
2066
1971
1954
1984
2113
2246
1970
1294
1100
1818
2354
1629
378
222
1137
1487
565
-392
-257
253
-52
-903
-1169
-738
-569
-1131
-1836
-1940
-1505
-1222
-1512
-2028
-2191
-1923
-1628
-1675
-1921
-1887
-1543
-1419
-1710
-1815
-1333
-814
-870
-1278
-1344
-893
-418
-371
-571
-573
-353
-168
-128
-97
65
271
310
140
48
302
657
711
465
264
368
598
675
564
453
437
421
333
228
244
344
310
25
-248
-196
14
10
-214
-422
-491
-438
-393
-461
-600
-628
-582
-677
-839
-847
-693
-616
-733
-970
-1094
-889
-583
-604
-945
-1100
-851
-592
-625
-744
-684
-566
-560
-562
-439
-240
-115
-140
-205
-127
156
411
428
360
418
584
745
869
933
927
945
1010
1051
1077
1157
1214
1134
1037
1032
1094
1175
1193
1080
941
995
1166
1177
1057
1056
1187
1284
1283
1221
1187
1274
1469
1580
1498
1310
1161
1187
1450
1695
1489
894
558
842
1233
1079
497
141
203
245
-20
-312
-309
-244
-501
-976
-1188
-989
-778
-889
-1227
-1486
-1469
-1289
-1179
-1255
-1367
-1342
-1281
-1323
-1373
-1228
-970
-893
-1087
-1273
-1138
-795
-601
-692
-855
-843
-674
-527
-451
-406
-349
-296
-312
-330
-220
31
196
104
-84
-79
163
385
395
281
245
291
332
346
399
488
495
361
211
220
367
477
421
248
104
100
181
248
240
143
-1
-94
-69
0
0
-64
-139
-233
-338
-362
-275
-197
-285
-517
-653
-558
-398
-424
-595
-677
-626
-593
-616
-588
-505
-490
-556
-589
-520
-380
-272
-262
-331
-361
-263
-114
-20
-23
-75
-98
-34
66
118
118
100
105
136
173
214
260
321
372
376
390
481
628
738
766
784
869
1018
1177
1300
1347
1320
1315
1465
1733
1858
1687
1442
1449
1679
1816
1703
1473
1284
1168
1115
1117
1086
890
567
313
203
121
-3
-147
-298
-530
-831
-1040
-1046
-992
-1090
-1341
-1596
-1728
-1741
-1681
-1642
-1718
-1889
-2015
-2004
-1893
-1775
-1703
-1700
-1765
-1812
-1719
-1474
-1249
-1190
-1239
-1217
-1070
-871
-664
-473
-368
-354
-326
-173
89
307
402
411
442
528
654
811
954
1010
963
907
935
1050
1162
1166
1065
959
912
939
968
930
837
729
620
520
478
484
435
260
53
-28
0
-31
-208
-367
-370
-353
-534
-778
-771
-567
-574
-926
-1207
-1075
-770
-782
-1113
-1297
-1142
-950
-988
-1106
-1069
-947
-934
-999
-960
-771
-596
-586
-681
-672
-473
-228
-128
-181
-196
-79
95
203
229
283
387
457
450
474
607
758
792
737
732
837
968
1019
1013
1037
1100
1159
1199
1258
1353
1423
1404
1334
1354
1516
1707
1700
1445
1193
1261
1625
1819
1510
945
740
1067
1351
1102
570
348
476
467
126
-163
-93
19
-249
-741
-959
-767
-564
-725
-1109
-1335
-1268
-1141
-1163
-1293
-1353
-1294
-1263
-1362
-1439
-1302
-1066
-996
-1160
-1287
-1155
-866
-719
-777
-831
-735
-583
-508
-471
-350
-175
-107
-176
-206
-40
217
337
263
171
238
412
539
551
531
555
598
622
623
662
746
790
739
644
627
742
863
837
704
607
648
743
751
679
620
590
507
390
371
470
485
253
-59
-136
48
124
-132
-491
-609
-510
-506
-724
-934
-977
-984
-1137
-1334
-1367
-1278
-1292
-1487
-1665
-1647
-1485
-1405
-1480
-1577
-1559
-1428
-1295
-1243
-1208
-1108
-992
-911
-861
-747
-552
-394
-352
-329
-215
-26
116
168
223
350
506
604
652
726
863
1009
1111
1170
1251
1412
1568
1638
1657
1750
1947
2107
2098
2054
2164
2310
2239
2038
2067
2368
2442
1976
1426
1446
1885
1938
1353
726
609
778
662
223
-104
-151
-246
-608
-1016
-1152
-1023
-984
-1275
-1715
-1913
-1764
-1569
-1638
-1886
-2000
-1889
-1803
-1874
-1893
-1700
-1484
-1523
-1725
-1714
-1362
-1023
-1014
-1193
-1201
-947
-679
-588
-580
-489
-336
-241
-218
-132
71
284
348
275
256
411
657
813
788
706
744
893
1011
1031
1034
1076
1115
1092
1027
1038
1149
1221
1126
939
843
909
1000
949
769
606
545
527
452
308
181
106
9
-165
-365
-499
-564
-633
-769
-986
-1196
-1328
-1384
-1451
-1572
-1728
-1876
-1972
-2020
-2037
-2063
-2119
-2201
-2229
-2164
-2060
-2011
-2008
-1983
-1858
-1688
-1575
-1475
-1345
-1167
-1001
-878
-746
-530
-293
-129
-36
81
300
530
685
784
908
1084
1267
1390
1503
1633
1766
1883
1976
2094
2237
2347
2392
2410
2459
2579
2686
2687
2665
2705
2685
2475
2238
2339
2718
2719
2015
1236
1255
1883
2054
1334
444
192
449
478
30
-405
-508
-570
-937
-1421
-1550
-1281
-1157
-1518
-2053
-2257
-1980
-1620
-1610
-1922
-2122
-1929
-1638
-1580
-1616
-1462
-1173
-1064
-1178
-1162
-796
-366
-235
-382
-449
-192
193
389
384
396
531
686
745
783
926
1148
1226
1076
957
1076
1319
1417
1301
1144
1118
1180
1205
1150
1083
1044
980
843
719
709
721
628
444
281
199
184
162
43
-138
-284
-349
-381
-437
-522
-636
-767
-890
-956
-971
-972
-1021
-1152
-1324
-1404
-1353
-1288
-1329
-1483
-1618
-1643
-1562
-1479
-1515
-1608
-1650
-1616
-1554
-1493
-1421
-1367
-1359
-1375
-1321
-1166
-999
-899
-866
-841
-731
-550
-389
-282
-214
-136
-5
149
246
329
445
579
673
711
786
915
1039
1111
1153
1213
1307
1389
1456
1526
1609
1667
1684
1734
1836
1941
1976
1959
1939
1987
2118
2172
2044
1919
2035
2212
2016
1508
1396
1914
2228
1602
678
574
1246
1562
866
-19
-106
339
361
-229
-677
-558
-351
-656
-1224
-1358
-1032
-831
-1127
-1599
-1720
-1435
-1151
-1240
-1534
-1599
-1358
-1149
-1229
-1367
-1222
-917
-841
-1017
-1069
-807
-473
-408
-590
-658
-446
-187
-107
-180
-195
-45
94
74
5
73
244
327
240
137
206
352
386
306
234
258
337
343
249
170
209
269
234
128
64
98
126
56
-60
-94
-53
-55
-152
-274
-305
-274
-292
-356
-424
-478
-527
-577
-621
-665
-688
-720
-790
-869
-928
-942
-937
-961
-1028
-1121
-1183
-1154
-1095
-1112
-1228
-1309
-1265
-1175
-1149
-1217
-1257
-1199
-1101
-1055
-1072
-1037
-929
-830
-784
-752
-654
-501
-377
-321
-259
-108
58
185
260
363
528
678
785
871
986
1106
1222
1326
1421
1511
1586
1632
1692
1775
1840
1867
1883
1905
1919
1956
1984
1982
1945
1902
1906
1937
1915
1847
1827
1845
1785
1620
1502
1584
1736
1611
1175
856
989
1318
1257
705
227
242
462
399
40
-276
-386
-440
-616
-836
-932
-931
-1009
-1241
-1485
-1536
-1411
-1344
-1474
-1653
-1686
-1566
-1439
-1434
-1463
-1396
-1266
-1203
-1185
-1095
-935
-782
-722
-712
-635
-472
-314
-240
-220
-167
-58
47
91
121
188
265
315
307
283
328
422
464
418
358
363
424
457
406
352
358
359
324
269
257
269
215
110
49
73
74
-10
-130
-210
-226
-238
-295
-386
-464
-498
-531
-574
-621
-645
-656
-693
-733
-758
-749
-723
-717
-732
-735
-709
-689
-701
-681
-607
-555
-589
-647
-590
-479
-424
-464
-516
-466
-349
-293
-328
-324
-239
-157
-135
-142
-83
43
128
110
75
152
310
397
372
340
395
489
536
546
559
591
620
611
603
637
700
723
682
638
652
719
766
732
660
640
695
740
698
627
611
638
621
577
553
544
530
484
445
446
465
448
393
359
369
412
456
427
334
282
371
510
514
361
216
254
423
479
332
131
71
144
164
82
-46
-133
-199
-293
-375
-396
-391
-476
-665
-795
-761
-665
-672
-819
-941
-922
-805
-750
-792
-822
-773
-674
-634
-625
-556
-431
-341
-334
-317
-223
-86
-3
10
28
96
179
211
205
219
265
295
264
194
170
213
231
162
50
-4
11
5
-65
-144
-179
-199
-239
-286
-312
-324
-335
-372
-398
-407
-407
-404
-389
-371
-379
-391
-384
-334
-287
-266
-253
-235
-212
-163
-85
-23
3
11
49
121
206
249
263
287
335
395
423
445
469
497
514
515
506
505
527
532
504
468
451
441
427
433
429
370
315
309
326
320
278
236
214
200
169
149
145
112
38
-14
6
9
-90
-199
-194
-134
-183
-335
-430
-384
-308
-365
-515
-571
-497
-446
-501
-573
-552
-498
-489
-514
-526
-480
-413
-382
-396
-402
-364
-293
-224
-211
-229
-217
-156
-81
-64
-60
-21
32
51
50
96
180
233
216
193
254
372
433
410
395
465
565
618
620
637
688
749
785
805
831
876
904
902
902
923
960
968
938
905
898
901
883
849
806
774
723
653
607
590
568
488
374
295
278
275
213
98
11
-31
-74
-145
-204
-226
-277
-384
-505
-543
-503
-512
-639
-804
-863
-820
-805
-881
-1005
-1068
-1065
-1056
-1084
-1135
-1146
-1144
-1156
-1172
-1162
-1092
-1032
-1028
-1043
-996
-873
-770
-739
-728
-646
-505
-410
-385
-344
-234
-112
-50
-42
-8
78
168
199
203
200
228
274
290
286
252
220
203
205
224
210
142
57
18
59
105
59
-77
-180
-160
-67
-59
-178
-304
-311
-234
-205
-274
-347
-337
-309
-320
-362
-356
-289
-262
-301
-341
-297
-194
-133
-147
-179
-132
-30
47
64
61
111
195
250
267
284
349
413
432
439
474
542
577
556
553
604
674
686
654
639
689
777
818
790
748
769
867
940
918
848
847
938
1002
968
883
882
948
956
861
759
754
775
721
579
461
431
414
313
154
38
-8
-64
-190
-336
-428
-460
-512
-632
-746
-800
-797
-822
-900
-963
-957
-924
-925
-954
-960
-909
-849
-836
-834
-797
-715
-646
-628
-596
-532
-455
-408
-388
-343
-289
-236
-210
-195
-159
-119
-89
-67
-51
-39
-33
-9
16
25
9
-5
10
38
47
27
11
21
36
32
23
23
30
27
25
26
33
37
33
38
49
66
66
69
88
110
127
138
149
171
194
209
225
234
247
261
269
284
303
310
305
293
289
308
321
305
270
248
250
268
251
219
194
185
183
168
153
140
128
110
92
79
86
83
69
58
42
37
33
28
25
11
-15
-33
-42
-40
-47
-76
-105
-117
-115
-123
-149
-167
-168
-161
-169
-189
-200
-180
-151
-157
-169
-160
-129
-101
-96
-91
-67
-37
-21
-19
-6
27
44
45
40
46
65
69
57
50
47
44
37
17
6
0
-23
-43
-66
-78
-86
-112
-139
-152
-166
-186
-213
-236
-252
-274
-296
-322
-340
-350
-374
-403
-416
-420
-434
-455
-482
-483
-475
-488
-507
-513
-498
-480
-488
-498
-483
-446
-427
-433
-424
-388
-335
-309
-303
-277
-226
-169
-137
-119
-78
-12
50
84
107
144
203
263
296
314
343
387
427
449
459
475
493
504
499
484
483
485
467
431
394
372
361
330
284
232
193
175
142
88
44
11
-11
-43
-91
-119
-133
-141
-162
-202
-219
-213
-203
-207
-230
-235
-219
-203
-193
-196
-187
-165
-145
-132
-113
-90
-63
-41
-23
4
35
66
96
116
148
192
231
259
285
324
366
399
428
452
483
512
531
546
560
584
596
593
590
592
595
580
554
534
520
496
456
411
382
351
309
243
193
160
118
66
-2
-57
-94
-133
-193
-252
-293
-329
-367
-407
-445
-467
-488
-512
-530
-541
-547
-554
-555
-552
-532
-508
-498
-488
-463
-422
-385
-359
-334
-300
-255
-214
-182
-148
-111
-73
-40
-7
24
62
97
125
150
172
197
232
251
274
296
313
341
361
381
404
422
434
450
464
489
502
500
500
505
515
516
512
495
487
476
465
441
407
386
356
328
294
255
218
185
148
108
69
38
9
-31
-69
-98
-117
-134
-159
-190
-206
-207
-214
-225
-240
-241
-228
-226
-226
-222
-207
-189
-178
-171
-153
-125
-101
-86
-67
-45
-16
14
40
64
85
111
134
152
174
201
217
224
232
248
270
271
262
244
244
251
236
209
178
162
145
126
90
54
32
6
-20
-54
-87
-109
-133
-157
-181
-208
-229
-242
-260
-275
-289
-307
-325
-336
-341
-348
-361
-384
-398
-398
-402
-419
-437
-448
-447
-449
-461
-473
-477
-477
-477
-480
-481
-472
-462
-447
-437
-426
-402
-382
-361
-332
-307
-280
-250
-218
-188
-161
-127
-94
-64
-37
-4
25
49
82
107
139
161
180
204
229
256
282
299
315
337
356
379
391
401
411
427
432
441
443
441
447
435
432
422
407
394
372
343
317
292
266
234
194
159
119
86
50
6
-39
-82
-117
-154
-190
-236
-272
-298
-329
-360
-398
-418
-432
-455
-475
-497
-499
-496
-501
-511
-514
-494
-470
-458
-446
-426
-395
-364
-338
-312
-269
-224
-195
-162
-129
-80
-29
-2
22
49
86
133
160
172
188
212
240
253
253
255
267
277
269
253
240
245
240
210
186
165
156
137
95
64
42
20
-11
-59
-92
-117
-140
-173
-217
-251
-273
-295
-323
-352
-376
-385
-393
-409
-423
-421
-410
-394
-392
-388
-363
-331
-297
-273
-247
-206
-157
-110
-72
-26
23
70
117
150
204
249
287
326
351
393
426
454
477
489
515
532
542
552
553
565
570
568
569
562
562
559
558
551
547
539
527
520
504
493
487
466
446
424
411
391
366
343
314
294
259
224
200
167
136
94
53
23
-9
-30
-73
-114
-144
-175
-198
-234
-268
-289
-314
-334
-363
-380
-385
-398
-407
-424
-430
-427
-425
-424
-430
-420
-409
-397
-385
-382
-359
-338
-315
-295
-285
-254
-223
-201
-185
-166
-133
-104
-85
-71
-49
-15
10
22
30
46
75
85
91
91
106
121
122
127
120
138
144
132
129
129
142
144
128
122
119
127
127
116
106
105
109
101
84
75
73
73
60
40
29
22
17
0
-17
-26
-32
-38
-59
-78
-85
-83
-88
-103
-113
-117
-115
-114
-118
-113
-110
-106
-98
-95
-81
-68
-58
-47
-42
-23
-6
8
25
29
40
54
70
77
86
97
100
109
110
118
121
126
135
131
123
128
128
130
131
115
116
114
111
105
91
78
80
70
57
40
25
24
16
-7
-30
-51
-59
-69
-100
-122
-143
-155
-167
-196
-218
-229
-236
-252
-276
-297
-300
-295
-308
-324
-337
-336
-327
-332
-342
-337
-329
-322
-319
-324
-309
-291
-284
-281
-277
-262
-249
-245
-240
-232
-216
-202
-198
-194
-181
-166
-152
-143
-135
-116
-94
-79
-59
-40
-19
13
33
51
77
111
138
162
188
216
242
270
289
305
329
349
355
366
378
388
397
384
378
384
376
371
359
337
336
324
299
281
262
253
243
214
189
177
164
154
132
107
96
85
75
50
26
18
10
-9
-30
-51
-58
-62
-83
-102
-118
-127
-128
-142
-162
-168
-170
-172
-173
-185
-181
-172
-173
-164
-165
-156
-134
-124
-113
-96
-78
-53
-34
-20
2
30
57
76
91
113
139
166
181
194
209
228
250
254
262
260
268
280
276
264
254
249
245
226
196
173
160
143
111
71
34
12
-9
-46
-98
-138
-156
-182
-218
-259
-293
-305
-319
-345
-370
-384
-381
-381
-389
-393
-384
-365
-352
-341
-327
-300
-260
-236
-213
-182
-143
-99
-72
-44
-7
38
74
99
124
166
205
236
249
277
316
352
377
382
400
428
457
466
462
471
496
512
503
495
495
496
496
476
451
436
423
405
367
327
303
277
236
192
149
118
84
39
-14
-51
-78
-112
-148
-194
-217
-237
-264
-293
-321
-327
-328
-347
-369
-380
-370
-361
-367
-377
-377
-359
-345
-345
-345
-338
-317
-304
-302
-292
-279
-255
-243
-237
-226
-202
-173
-159
-152
-137
-111
-81
-63
-51
-31
-4
19
28
49
62
88
101
105
115
125
142
139
133
135
138
134
129
111
104
97
88
72
47
36
20
-2
-21
-42
-58
-81
-98
-124
-142
-154
-175
-191
-215
-226
-242
-257
-269
-281
-291
-299
-305
-313
-313
-307
-308
-307
-298
-290
-269
-266
-249
-233
-213
-187
-169
-143
-119
-87
-54
-33
-4
28
59
86
110
137
162
188
206
222
245
262
273
281
284
298
303
307
304
300
303
298
284
279
269
260
250
231
225
208
202
181
164
145
129
121
97
79
58
41
23
-2
-23
-40
-57
-73
-98
-118
-137
-152
-168
-186
-201
-210
-219
-230
-242
-250
-250
-250
-252
-255
-246
-242
-234
-232
-222
-208
-199
-181
-173
-157
-139
-123
-110
-93
-80
-64
-43
-34
-18
-4
14
32
41
51
67
80
89
101
110
122
138
144
157
158
169
182
181
187
196
203
206
206
205
211
214
209
210
206
203
199
186
177
169
157
150
132
121
103
90
79
57
42
24
12
-4
-23
-39
-51
-68
-85
-99
-115
-122
-136
-145
-159
-166
-165
-170
-170
-180
-176
-172
-171
-165
-164
-154
-143
-139
-131
-119
-100
-83
-70
-53
-39
-21
-4
9
27
43
68
77
93
110
123
138
138
154
161
171
179
178
189
190
194
187
187
186
181
182
169
160
152
147
134
125
110
98
94
71
61
48
35
25
3
-7
-25
-32
-44
-61
-77
-95
-101
-114
-128
-137
-147
-149
-166
-173
-176
-179
-174
-185
-180
-182
-177
-166
-172
-159
-152
-140
-129
-125
-108
-99
-76
-67
-58
-38
-26
-7
-1
7
24
37
51
56
65
78
84
92
96
103
114
124
126
126
130
133
140
145
143
148
147
146
149
139
142
141
137
128
116
113
107
99
85
74
64
51
39
28
12
5
-8
-22
-34
-44
-55
-66
-73
-85
-90
-96
-105
-109
-118
-121
-118
-123
-118
-122
-121
-124
-128
-128
-130
-120
-116
-118
-115
-120
-113
-108
-106
-96
-90
-83
-77
-68
-63
-55
-43
-34
-27
-16
-5
5
16
24
34
44
54
63
68
72
82
91
97
102
105
107
108
109
112
113
120
117
113
113
110
115
110
108
101
92
93
83
76
72
65
59
47
34
26
19
2
-17
-25
-39
-51
-56
-71
-84
-95
-105
-110
-124
-123
-128
-130
-132
-143
-139
-133
-132
-125
-121
-113
-105
-96
-86
-78
-64
-57
-47
-36
-25
-11
3
9
15
26
40
50
61
64
77
87
92
98
108
120
125
132
134
142
149
156
155
157
155
155
156
149
144
138
128
121
107
96
86
74
63
44
29
15
1
-12
-25
-34
-49
-60
-70
-82
-86
-94
-97
-98
-105
-107
-106
-104
-104
-101
-94
-91
-92
-90
-86
-79
-75
-70
-67
-62
-58
-54
-46
-45
-36
-34
-25
-21
-16
-10
-2
2
4
10
15
20
27
24
26
26
25
28
27
26
25
20
13
12
8
4
-3
-6
-17
-20
-25
-27
-30
-34
-39
-39
-43
-48
-47
-44
-43
-47
-40
-40
-34
-34
-30
-23
-23
-20
-18
-12
-12
-9
-5
-1
-4
-7
-2
1
-6
-6
-5
-5
-8
-8
-5
-4
-3
-4
-1
-3
0
1
6
5
4
9
14
16
18
24
28
32
30
33
37
39
42
46
47
52
57
61
71
74
74
81
79
82
84
90
95
97
97
99
101
104
107
105
103
103
100
95
91
90
82
71
64
56
50
43
34
25
13
0
-5
-12
-23
-30
-39
-50
-56
-64
-68
-72
-83
-87
-93
-100
-103
-108
-108
-112
-117
-118
-120
-123
-125
-127
-125
-129
-130
-127
-126
-127
-129
-130
-127
-129
-126
-123
-121
-118
-118
-111
-108
-103
-96
-87
-82
-79
-73
-65
-58
-47
-40
-30
-23
-14
-3
8
17
27
36
45
54
60
70
74
83
89
96
101
103
108
111
114
116
116
121
120
119
118
115
117
110
107
101
97
92
91
82
70
66
55
45
38
34
21
15
2
-10
-18
-25
-33
-41
-49
-57
-63
-64
-66
-69
-69
-68
-71
-68
-61
-55
-48
-38
-27
-19
-8
8
24
29
42
56
73
87
101
115
128
136
145
155
165
175
182
192
195
200
203
207
205
209
206
202
199
190
187
178
169
161
146
134
124
107
90
73
55
34
16
-5
-23
-50
-70
-88
-114
-133
-150
-170
-188
-205
-226
-233
-247
-258
-266
-272
-279
-278
-283
-282
-278
-278
-270
-263
-256
-244
-233
-218
-204
-194
-175
-161
-146
-125
-110
-93
-72
-59
-39
-20
-7
9
26
45
60
76
89
101
113
124
137
145
151
158
167
172
173
174
174
172
170
163
156
151
143
130
119
110
100
90
76
61
48
35
25
15
0
-10
-23
-37
-47
-53
-63
-67
-76
-85
-91
-90
-95
-96
-96
-99
-99
-97
-93
-90
-82
-78
-75
-69
-63
-56
-43
-32
-22
-13
-4
9
23
30
43
51
60
67
75
85
95
102
106
111
107
110
113
118
115
113
109
103
102
99
96
91
79
66
61
53
45
37
26
13
1
-12
-18
-27
-38
-52
-66
-76
-87
-96
-103
-117
-126
-136
-146
-151
-157
-161
-166
-171
-175
-179
-182
-180
-180
-178
-177
-178
-176
-169
-164
-158
-150
-146
-139
-131
-119
-108
-98
-90
-82
-71
-60
-50
-32
-22
-12
-3
5
18
29
43
56
63
70
79
89
100
105
112
118
120
124
129
133
135
136
135
132
135
135
135
138
136
131
128
125
121
124
125
119
113
110
105
104
98
94
89
85
74
66
64
59
56
48
40
32
23
19
15
7
-2
-11
-15
-21
-21
-23
-28
-36
-45
-45
-45
-45
-44
-42
-45
-52
-50
-47
-43
-40
-39
-38
-41
-41
-35
-27
-25
-25
-22
-20
-17
-10
-3
-4
-2
2
4
7
17
19
24
28
30
31
31
39
42
42
43
41
39
36
38
38
35
30
23
18
16
12
10
4
-6
-12
-19
-22
-23
-22
-32
-36
-45
-47
-47
-45
-51
-58
-64
-71
-71
-71
-71
-74
-79
-84
-84
-82
-82
-82
-84
-89
-87
-84
-84
-80
-74
-72
-72
-66
-63
-53
-47
-37
-34
-27
-23
-15
-6
4
14
15
27
30
41
49
59
71
73
81
86
89
100
114
123
124
127
134
136
144
153
156
155
149
152
159
162
163
159
153
145
139
138
132
125
109
99
84
73
64
49
40
23
4
-10
-21
-33
-49
-65
-77
-92
-106
-114
-121
-129
-135
-144
-156
-162
-170
-170
-173
-174
-173
-180
-179
-176
-168
-163
-158
-154
-154
-145
-137
-125
-118
-110
-103
-96
-82
-67
-51
-40
-31
-19
-10
-2
17
27
34
44
48
57
66
73
83
88
90
91
95
97
99
103
103
97
95
93
92
91
91
89
79
73
68
65
61
57
49
40
31
25
23
15
10
3
-3
-15
-19
-24
-30
-37
-42
-49
-56
-59
-60
-63
-69
-74
-77
-75
-76
-73
-70
-73
-71
-70
-71
-66
-59
-53
-52
-44
-35
-29
-23
-15
-8
-5
2
9
19
27
37
48
54
58
68
75
86
86
93
97
99
102
104
109
106
108
105
108
103
99
98
93
88
77
71
63
54
47
41
30
18
9
1
-9
-18
-27
-35
-46
-54
-63
-66
-76
-80
-87
-92
-97
-101
-99
-103
-104
-108
-104
-105
-103
-98
-93
-89
-88
-83
-73
-68
-58
-51
-43
-36
-31
-15
-9
-1
8
15
25
31
40
52
55
63
70
75
81
85
93
98
103
100
102
103
107
105
109
107
102
104
97
102
99
96
92
83
80
73
72
69
62
58
54
46
38
33
23
20
12
1
-5
-10
-16
-22
-28
-39
-45
-53
-57
-63
-71
-76
-83
-89
-91
-95
-102
-100
-102
-102
-107
-104
-104
-107
-105
-104
-99
-100
-98
-91
-85
-81
-76
-71
-65
-63
-52
-47
-41
-32
-25
-17
-12
-5
3
9
18
21
25
35
39
46
50
51
53
53
54
56
57
54
51
50
46
43
37
32
30
22
18
8
1
-3
-13
-22
-29
-39
-46
-54
-60
-69
-78
-86
-92
-97
-104
-107
-110
-114
-120
-121
-123
-122
-119
-119
-115
-115
-111
-103
-98
-86
-84
-79
-67
-60
-46
-36
-23
-16
0
13
25
39
51
63
77
90
100
113
122
137
147
156
163
173
180
191
196
198
200
201
206
204
205
201
200
197
192
186
177
173
161
155
141
127
115
108
92
80
72
53
40
27
16
-3
-13
-25
-38
-54
-65
-76
-92
-98
-107
-118
-120
-128
-133
-134
-142
-144
-149
-149
-149
-142
-141
-139
-133
-127
-122
-121
-112
-103
-98
-88
-79
-73
-67
-56
-45
-40
-30
-19
-10
-3
4
14
17
25
27
31
41
45
50
48
50
52
56
53
52
52
49
49
47
39
36
35
26
22
14
9
2
-2
-8
-16
-25
-31
-36
-46
-51
-58
-64
-73
-75
-84
-88
-92
-99
-99
-105
-105
-110
-108
-109
-106
-106
-108
-105
-100
-91
-86
-86
-80
-70
-62
-55
-52
-42
-33
-21
-8
-1
8
19
33
46
56
64
75
87
102
107
119
131
137
145
153
160
161
168
174
175
177
176
179
178
174
171
167
159
155
148
145
132
122
118
107
99
88
76
65
56
44
34
26
14
7
-5
-14
-23
-34
-41
-46
-55
-64
-70
-78
-84
-86
-89
-94
-98
-102
-102
-102
-104
-108
-101
-101
-101
-98
-100
-96
-95
-87
-83
-81
-75
-74
-67
-65
-65
-63
-58
-57
-51
-48
-46
-40
-37
-32
-28
-26
-23
-19
-17
-14
-10
-5
-3
0
0
3
4
10
13
11
18
16
16
16
16
16
17
15
15
14
12
10
4
1
-3
-8
-11
-14
-17
-20
-24
-28
-30
-34
-37
-42
-43
-44
-47
-44
-45
-49
-50
-50
-48
-47
-46
-42
-40
-37
-31
-30
-27
-22
-20
-13
-6
-4
5
12
17
24
29
37
45
49
54
58
62
70
73
78
86
83
87
89
90
92
94
94
94
94
97
96
95
91
90
88
84
82
80
78
73
72
72
67
65
59
51
50
45
42
41
34
25
21
13
7
-1
-10
-13
-19
-27
-33
-38
-47
-51
-59
-63
-67
-71
-77
-78
-82
-83
-87
-89
-92
-95
-96
-97
-98
-96
-95
-95
-93
-92
-91
-87
-85
-79
-76
-72
-65
-62
-57
-51
-43
-39
-34
-28
-22
-18
-14
-8
-3
5
11
18
20
24
25
30
36
34
40
44
45
45
44
42
37
35
30
27
26
22
20
15
14
9
7
4
3
-1
-2
0
-4
-6
-7
-6
-5
-6
-8
-5
-9
-10
-8
-8
-7
-9
-6
-6
-2
-1
4
4
7
7
8
10
13
17
20
26
21
29
28
32
35
34
36
37
44
40
45
46
44
46
44
48
47
47
46
47
48
44
46
46
45
47
49
47
46
44
42
40
36
33
30
27
25
20
18
18
7
4
-2
-5
-5
-14
-18
-26
-32
-39
-44
-49
-52
-53
-56
-56
-61
-60
-60
-65
-64
-66
-66
-61
-59
-59
-58
-58
-54
-53
-50
-45
-44
-40
-31
-32
-30
-21
-23
-18
-15
-13
-8
-11
-4
-2
-2
2
1
3
3
5
8
7
8
8
6
7
7
5
9
8
10
9
8
7
4
2
2
2
1
-1
2
1
-2
1
1
1
1
3
3
3
5
11
11
6
13
13
13
15
14
13
12
12
17
16
13
15
12
12
10
10
8
8
8
6
6
3
3
1
0
-4
-2
-3
-1
2
1
4
5
9
10
13
17
17
20
23
23
25
26
28
27
27
31
34
33
37
39
36
35
37
34
37
36
32
34
35
34
30
25
22
21
17
15
11
6
1
-3
-6
-12
-14
-17
-21
-23
-25
-29
-33
-36
-41
-45
-44
-50
-51
-51
-56
-55
-55
-54
-51
-52
-52
-49
-48
-50
-44
-44
-46
-41
-41
-40
-37
-36
-35
-36
-31
-27
-26
-23
-19
-12
-11
-5
-1
3
7
14
17
24
29
32
39
45
52
56
60
63
67
71
74
82
86
84
90
92
93
92
94
97
90
86
90
82
82
78
77
74
67
65
58
49
36
34
27
21
15
9
0
-11
-19
-30
-38
-49
-60
-65
-74
-81
-87
-91
-96
-98
-98
-102
-104
-104
-106
-104
-104
-102
-97
-101
-96
-95
-91
-85
-82
-70
-70
-63
-59
-51
-40
-36
-27
-20
-15
-10
-2
4
9
14
24
28
31
37
40
43
49
51
55
57
59
60
62
62
63
61
61
60
54
49
50
47
42
38
34
32
27
24
19
14
6
1
0
-5
-8
-14
-15
-20
-25
-26
-32
-34
-39
-46
-46
-49
-52
-51
-51
-49
-50
-51
-47
-45
-46
-46
-39
-36
-33
-27
-23
-16
-10
-3
6
15
24
29
38
45
53
65
70
78
85
90
97
101
107
109
117
120
123
125
129
128
125
126
119
118
112
107
103
96
89
82
74
63
54
41
36
28
13
0
-9
-20
-33
-41
-53
-64
-76
-86
-93
-102
-108
-115
-120
-128
-135
-139
-142
-146
-146
-146
-145
-143
-142
-137
-133
-129
-127
-121
-116
-108
-101
-95
-87
-78
-72
-64
-57
-49
-39
-32
-24
-17
-8
1
7
14
20
21
31
38
42
51
52
57
61
64
68
69
69
70
70
69
68
66
66
61
60
61
57
53
52
50
47
43
38
33
29
28
22
18
19
15
11
10
7
5
1
-1
-5
-7
-8
-7
-6
-7
-7
-5
-7
-7
-6
-3
-2
1
-1
2
6
8
12
15
15
18
21
26
30
30
34
35
35
40
43
41
47
48
48
50
54
54
50
55
52
51
51
49
46
42
41
37
33
32
27
23
18
15
7
1
-6
-12
-16
-20
-25
-30
-34
-39
-42
-46
-54
-59
-62
-69
-73
-77
-75
-77
-80
-86
-87
-86
-89
-87
-90
-89
-86
-88
-86
-84
-81
-79
-78
-73
-71
-68
-64
-58
-56
-51
-47
-42
-38
-35
-26
-25
-19
-13
-8
-4
0
4
4
8
13
16
19
21
25
25
24
27
28
29
30
33
33
32
31
30
33
32
33
34
35
33
30
34
34
31
29
29
29
26
30
29
30
30
31
32
30
32
32
34
31
28
33
34
34
38
35
36
38
36
38
40
42
41
42
43
40
42
37
38
39
33
33
32
28
27
29
27
27
22
20
18
14
12
7
6
2
3
4
-3
-3
-8
-10
-9
-15
-13
-14
-16
-16
-15
-19
-24
-23
-26
-27
-28
-28
-27
-26
-28
-25
-24
-28
-29
-30
-33
-35
-33
-35
-33
-33
-33
-31
-39
-37
-35
-37
-37
-38
-39
-39
-37
-36
-37
-40
-39
-40
-42
-38
-42
-44
-42
-42
-37
-36
-38
-35
-35
-34
-33
-33
-28
-28
-24
-22
-20
-14
-13
-7
-10
-7
-8
-7
-5
-1
2
3
10
11
12
15
17
17
18
21
23
23
25
31
34
32
37
40
38
36
39
42
41
41
42
44
42
44
41
40
37
37
39
32
31
33
31
31
27
27
26
23
16
11
12
8
9
7
4
3
-1
-2
-5
-8
-14
-13
-12
-15
-14
-15
-18
-18
-20
-19
-21
-22
-22
-22
-21
-20
-19
-17
-17
-18
-13
-10
-8
-6
0
3
5
9
11
12
13
13
15
19
22
21
23
24
25
28
27
27
25
23
22
23
22
19
18
20
17
14
10
10
6
1
-3
-4
-7
-11
-12
-13
-18
-20
-22
-28
-30
-34
-36
-35
-38
-41
-42
-43
-45
-47
-46
-46
-47
-47
-46
-43
-43
-38
-38
-36
-34
-30
-25
-25
-22
-17
-13
-9
-6
-4
0
4
5
12
13
21
22
26
32
35
41
40
45
45
51
55
55
54
54
55
55
59
58
62
58
59
60
55
53
52
51
41
40
41
33
32
30
28
23
18
13
8
6
-1
-2
-5
-10
-11
-13
-18
-23
-26
-31
-33
-35
-36
-39
-41
-42
-40
-41
-41
-41
-41
-39
-38
-37
-33
-30
-30
-26
-25
-22
-20
-17
-11
-8
-7
-1
1
7
9
11
15
15
19
20
21
25
25
26
25
28
28
29
27
29
27
21
22
20
18
15
12
8
1
1
-2
-7
-10
-16
-19
-23
-28
-30
-31
-38
-42
-45
-48
-52
-56
-59
-60
-61
-65
-61
-65
-69
-64
-68
-66
-66
-62
-63
-61
-58
-56
-54
-54
-48
-44
-39
-34
-33
-25
-20
-14
-10
-5
1
5
14
13
21
29
31
39
46
48
55
57
66
68
69
76
74
78
81
82
83
86
83
85
86
83
84
81
80
78
76
75
68
64
61
56
54
52
45
41
34
27
21
17
10
7
1
-6
-8
-12
-20
-24
-26
-36
-38
-42
-44
-46
-49
-48
-55
-53
-58
-57
-55
-56
-56
-56
-54
-56
-53
-52
-53
-46
-45
-43
-38
-35
-31
-25
-22
-20
-14
-9
-4
-2
6
10
14
20
22
27
32
33
40
42
44
47
51
52
52
54
52
55
53
55
56
55
55
49
47
43
42
36
33
31
29
23
19
16
10
5
-1
-3
-10
-16
-20
-25
-30
-31
-35
-40
-44
-47
-50
-52
-54
-56
-58
-60
-59
-60
-60
-62
-58
-60
-63
-57
-56
-55
-52
-49
-45
-40
-39
-34
-29
-23
-19
-13
-6
-8
0
6
9
13
15
21
26
26
31
37
39
41
44
45
45
46
50
50
48
52
49
47
50
48
48
47
45
42
38
33
31
29
23
22
17
11
9
5
2
-1
-6
-5
-10
-13
-17
-19
-22
-23
-28
-29
-27
-35
-39
-38
-41
-41
-41
-40
-40
-40
-40
-40
-36
-37
-34
-30
-29
-25
-20
-20
-16
-12
-10
-4
-4
-1
