2
0
1
1
-2
-2
-1
1
-3
-1
-1
2
0
-1
2
-1
1
-1
-3
-3
-1
-7
-6
-4
-5
-2
-2
-1
2
-2
-3
-2
-2
0
-1
0
-1
-2
0
2
0
-1
0
-1
1
1
0
2
-1
-1
0
0
0
-2
-4
-5
-1
-3
-6
-2
-1
-6
-5
-1
-2
-1
1
0
-4
-2
-4
-2
-1
0
0
-1
0
-2
0
1
-1
-4
-5
-4
-1
0
-1
-1
-1
-3
-1
-1
-1
1
1
0
0
2
2
0
0
1
3
-1
1
1
-1
0
-1
2
1
2
-2
-3
0
-1
0
0
-1
2
2
0
0
1
3
2
2
0
0
2
0
1
1
2
1
3
2
3
5
1
0
3
-1
0
3
4
5
4
4
4
3
5
6
2
2
2
3
-2
-1
1
1
2
1
0
2
2
0
0
3
6
2
3
1
0
3
0
3
3
3
3
1
5
4
4
6
3
8
6
4
5
5
3
5
1
3
7
1
5
1
0
5
5
3
2
1
1
-3
-1
1
-3
-1
1
0
-1
-1
1
0
0
2
2
-1
2
-1
-3
0
-1
2
2
0
-3
0
1
1
2
-2
0
3
2
1
1
-1
-1
1
0
1
0
0
-2
-1
0
-1
-2
-3
-1
0
-4
-6
-5
-5
-4
-4
-4
-4
-5
-6
-5
-5
-3
-4
-5
-5
-4
-4
-3
-2
-2
-6
-5
-4
-5
-3
-6
-1
-3
-3
-3
-2
0
-4
-1
0
-5
-3
-5
-3
-4
-2
-1
-6
-3
-2
-1
-6
-7
-1
-2
-1
0
1
0
1
1
0
1
0
0
-3
-5
-3
-2
-5
-6
-5
-8
-3
-5
-8
-7
-6
-4
-5
-7
-6
-2
-4
-1
-3
-1
-1
-2
-4
-5
-4
-4
-5
-8
-5
-4
-1
-3
-8
-6
-3
-3
-2
-3
-6
-5
-5
-7
-2
1
-4
-3
-3
-1
1
-1
-1
-3
0
-1
-3
-3
-4
-2
-5
-1
0
-2
0
1
0
-2
0
-3
-4
-3
-2
-2
-1
0
3
-1
-3
-2
-1
2
-3
0
-2
-3
-1
0
-3
-1
-1
-3
1
-1
-1
0
2
-1
-1
2
-1
2
-1
0
2
-1
0
-1
3
2
-1
2
4
0
1
1
1
2
3
0
-2
-3
1
3
1
0
0
1
-1
1
0
1
1
-1
2
3
0
-3
3
1
2
2
2
3
1
3
2
1
3
0
-1
-2
-2
1
1
-1
-2
-2
-1
-1
0
1
1
3
2
2
2
1
2
2
1
4
4
3
4
2
1
2
2
5
4
4
3
2
3
2
1
2
2
5
7
5
5
5
6
4
3
5
6
5
6
5
5
5
5
4
6
5
3
6
5
5
6
4
2
1
2
0
1
0
1
3
3
0
-1
3
3
2
5
3
5
3
6
6
3
7
6
3
6
2
2
3
3
3
2
3
2
2
2
0
-2
2
3
3
4
3
3
2
0
3
5
4
4
6
5
3
2
4
3
3
4
4
3
2
3
5
4
3
2
3
3
-1
3
5
3
5
0
2
0
0
2
0
0
-1
-1
0
-2
-2
-3
-3
-1
0
-2
-5
-3
-5
-4
-7
-3
-2
-5
-4
-8
-5
-6
-7
-8
-11
-7
-5
-7
-6
-8
-5
-5
-4
-4
-10
-7
-5
-7
-4
-6
-6
-5
-7
-5
-5
-2
-3
-5
-5
-4
-5
0
0
-5
-3
-3
0
-3
-1
0
-1
0
0
0
0
2
4
1
0
3
1
4
3
0
0
1
4
0
-2
0
0
-3
0
-4
-3
1
0
-1
3
2
1
3
0
0
1
0
1
0
0
2
0
4
4
0
0
2
-1
0
1
1
2
0
1
-3
-1
0
-2
0
-1
1
1
1
2
0
1
2
-2
-1
0
-2
-2
-1
-4
1
0
-3
0
-1
2
2
-2
-2
1
-3
-2
-1
4
1
-1
4
1
2
0
5
3
4
5
2
2
2
3
2
4
1
0
0
1
4
4
4
5
5
7
6
5
6
5
5
6
4
4
7
3
1
2
2
1
3
2
2
4
5
2
3
3
1
3
4
0
-1
0
0
0
4
4
2
1
-2
-1
1
1
2
2
2
2
3
2
1
4
2
3
4
4
5
3
1
3
5
8
4
3
6
6
5
8
5
5
5
3
5
7
6
5
4
6
6
2
3
4
3
5
5
3
0
-2
1
3
4
1
-1
0
1
-1
0
2
2
0
1
0
1
6
3
2
4
-2
1
2
0
-2
-3
-2
-2
1
2
0
-3
-3
-1
0
-4
-4
-3
-4
-1
-2
-3
-6
-2
-3
-8
-7
-7
-5
-6
-6
-3
-7
-4
-2
-5
-4
-4
-7
-2
-6
-6
-6
-7
-6
-5
-3
-3
-4
-7
-5
-5
-2
-4
-4
-3
-7
-5
-4
0
-2
-5
-5
-2
-5
-6
-6
-4
-4
-6
-5
-6
-4
-6
-6
-1
0
-3
-4
-3
-5
-2
-2
-2
-3
0
0
-5
-3
-2
-3
-4
-3
-3
-2
1
3
0
0
0
-3
-2
-3
-3
-2
-5
-1
-2
-4
-3
-4
-2
-3
-3
-2
-2
-2
-1
-4
-1
-2
-5
-3
-2
-3
-3
-1
0
-2
-2
-1
0
-1
-2
0
1
-3
-1
2
-2
-1
1
-3
0
-2
-1
-1
-3
0
-3
0
0
2
2
3
0
2
0
1
6
6
5
5
4
-1
6
8
6
5
6
4
4
3
1
2
2
3
1
2
0
-1
-1
-1
2
2
1
2
6
2
2
3
2
2
0
0
0
3
0
-2
1
1
4
2
2
3
1
5
0
1
0
-1
-1
0
1
-2
2
-1
1
1
1
-1
1
2
2
3
3
3
3
5
6
5
5
5
1
3
3
3
0
0
5
3
4
2
7
6
6
8
4
6
5
10
6
4
6
4
2
4
6
2
3
4
5
4
4
6
4
4
4
5
5
4
4
7
9
7
8
4
3
6
5
4
3
4
5
7
2
3
4
0
4
5
5
2
3
2
4
2
1
3
-1
3
0
-2
3
-3
-3
-3
-5
-5
-3
-1
-2
-3
-3
-6
-4
-4
-5
0
-3
-2
-3
-4
-1
-4
-4
-2
-3
-2
-1
-1
0
-1
-2
-3
-4
-1
0
-1
3
0
-1
-3
0
-1
-6
-5
-4
-5
-3
-4
-6
-6
-4
-4
-5
-4
-4
-4
-7
-5
-6
-6
-5
-4
-3
-5
-6
-6
-7
-6
-4
-4
-4
-5
-6
-5
-6
-6
-8
-5
-4
-4
-1
-4
-2
1
2
0
-2
-5
-3
-5
-5
-3
-5
1
-1
-3
-5
-4
-2
-5
-2
-2
-6
-2
-3
-5
-2
-3
-1
-4
-4
-2
0
-2
-1
1
0
0
-3
0
3
0
-1
0
-2
3
-2
-2
3
0
0
-2
0
-3
1
-1
-2
1
-1
2
2
-1
1
-1
1
2
2
3
5
4
2
3
1
0
0
-1
-4
-3
-2
3
3
0
3
2
3
5
1
1
3
2
3
4
2
2
1
0
2
1
-1
3
2
4
3
1
-2
-4
1
2
3
1
1
1
1
3
0
-2
1
2
0
2
3
4
3
2
3
4
3
3
1
1
2
6
6
3
6
4
1
1
3
-1
-3
-2
-1
-3
-3
-1
0
-4
-3
2
0
-1
0
2
2
2
1
2
4
0
4
2
0
3
5
2
-2
1
0
3
4
1
2
3
4
3
3
5
2
0
0
2
2
0
1
-1
-2
1
-1
-3
2
0
-1
2
1
2
1
2
3
0
0
0
-3
-1
-2
-3
-2
-3
-1
-1
2
-4
-6
-2
-2
-3
-5
-3
-6
-5
-4
-1
0
0
0
-1
-3
-5
-1
1
3
2
0
3
1
4
4
1
1
1
3
1
-2
1
0
0
2
0
2
-2
0
2
2
2
6
3
2
-1
1
4
5
0
4
5
3
3
4
6
0
1
4
2
1
2
0
-2
2
5
2
2
2
3
2
2
0
0
1
-1
0
1
-2
-3
-1
-1
-1
-2
-3
-5
-4
-4
-4
-2
-6
-4
-5
-5
-2
-3
-2
-3
-2
-3
-4
-1
0
-4
-3
-3
-1
-3
-3
0
-1
0
2
1
0
1
-2
3
1
-1
-2
-1
-1
-2
2
0
0
1
0
1
1
1
1
1
1
1
-2
0
3
2
1
-1
1
2
1
3
4
2
2
-1
1
-3
-2
-1
-2
2
-2
-2
-2
-2
0
3
0
0
2
-5
0
-2
0
1
-1
-2
0
0
2
0
-1
0
3
2
2
4
0
0
3
0
-2
1
0
-1
-1
-6
-7
-8
-6
-5
-4
-4
-4
-3
-2
-1
-4
-3
-4
0
0
-1
0
-1
1
3
1
0
1
1
3
4
4
4
3
3
3
6
3
2
2
1
2
1
-2
0
0
-3
-4
-4
-1
-1
-3
-2
-1
-1
0
-3
-3
-2
-4
-1
-4
-4
-3
-2
0
-1
-2
1
-1
0
-2
-4
-2
-5
-3
-4
-3
-3
-2
-3
-7
-4
-4
-1
-2
-3
-4
-3
-1
-4
-4
-4
-2
-3
-6
-7
-8
-9
-9
-4
-4
-5
-6
-5
0
-2
-6
-2
-5
-4
2
-1
1
0
1
0
0
5
2
0
0
0
0
-1
-3
-1
-6
-2
3
0
3
2
3
3
3
0
0
-1
-2
-1
-2
0
0
4
-3
-3
1
-1
2
-1
1
0
0
2
-2
-1
-1
-3
-2
-1
-2
-3
0
1
-2
1
1
-1
-1
3
0
2
2
0
1
-1
0
0
0
2
2
4
-1
-2
-4
-1
0
-1
-2
2
2
0
-3
-2
-2
-3
0
-2
-4
-3
0
-1
-4
-2
-2
0
-1
-3
-1
-3
-2
0
0
0
-1
1
1
0
1
1
1
2
0
-2
2
2
3
2
0
4
8
0
3
4
3
4
1
2
4
3
2
2
0
2
1
0
1
-1
-1
1
-3
-2
0
-1
-1
-2
0
-3
-2
-2
-3
0
-2
-2
-4
-4
0
-2
-2
-2
0
-2
0
-2
0
-2
-3
-3
-3
2
-1
-2
-3
-3
-1
-6
-8
-8
-3
-4
-8
-6
-5
-2
-3
-9
-8
-2
-2
-6
-8
-3
3
2
-1
-1
2
4
3
0
1
4
6
1
2
2
6
6
1
3
6
8
10
3
2
5
9
7
7
5
7
7
5
7
6
5
3
4
4
5
4
2
3
4
7
3
4
3
1
0
-1
3
2
0
-2
1
1
0
-2
-5
1
2
-4
-9
-3
4
0
-4
-7
-5
-1
-3
-8
-9
-6
-3
-2
-4
-7
-3
-4
-4
-7
-5
1
-1
-3
-10
-4
6
7
-2
-7
-2
7
10
1
-3
2
7
8
3
2
6
11
8
1
-2
9
16
2
-14
-15
6
19
-5
-29
-11
19
15
-27
-41
2
29
-16
-86
-56
34
39
-66
-129
-56
43
20
-96
-120
-19
28
-36
-95
-47
32
12
-71
-83
18
91
26
-58
-33
72
112
58
18
48
110
110
71
79
141
160
105
64
106
184
195
125
73
104
165
162
116
99
114
110
66
43
69
98
60
-27
-72
-37
-4
-28
-95
-151
-168
-171
-173
-185
-209
-249
-290
-315
-316
-301
-282
-288
-348
-417
-401
-283
-197
-256
-377
-380
-235
-110
-120
-173
-135
-51
-25
-7
100
237
245
145
158
359
534
508
412
472
633
663
580
630
815
868
660
505
681
959
922
586
413
592
780
654
385
332
449
412
170
30
148
241
41
-280
-350
-163
-81
-284
-544
-573
-450
-448
-600
-687
-610
-556
-677
-826
-774
-578
-518
-682
-827
-739
-535
-475
-571
-614
-508
-410
-435
-468
-366
-209
-199
-329
-374
-216
-40
-49
-190
-232
-129
-49
-95
-168
-131
-64
-129
-289
-328
-181
-81
-224
-468
-515
-347
-237
-354
-529
-535
-432
-422
-497
-467
-331
-299
-434
-483
-254
28
25
-172
-150
162
413
395
356
520
710
711
730
1043
1356
1208
829
983
1690
2009
1438
844
1191
2014
2077
1291
866
1365
1866
1482
780
800
1348
1338
595
117
478
928
594
-172
-416
-23
180
-238
-740
-732
-457
-544
-981
-1179
-918
-707
-966
-1388
-1400
-1034
-853
-1103
-1387
-1287
-988
-926
-1106
-1146
-918
-729
-820
-974
-847
-535
-405
-545
-657
-523
-296
-220
-278
-280
-181
-121
-167
-213
-136
11
49
-101
-318
-356
-111
107
-45
-447
-632
-399
-120
-203
-536
-658
-506
-450
-602
-644
-451
-338
-521
-735
-610
-232
-61
-220
-313
-103
152
207
239
457
724
832
811
852
1078
1382
1695
1917
1773
1340
1224
2000
2988
2836
1642
955
1748
2885
2812
1811
1275
1659
1847
1347
1065
1454
1667
845
-190
-247
513
944
273
-762
-1115
-772
-492
-743
-1049
-1139
-1262
-1625
-1986
-1751
-1135
-1036
-1763
-2469
-2249
-1548
-1237
-1460
-1780
-1824
-1718
-1613
-1443
-1099
-788
-942
-1381
-1443
-870
-187
-100
-490
-724
-499
-112
72
188
316
290
49
-89
214
682
755
330
-50
0
287
411
200
-47
-91
-125
-369
-533
-299
-119
-424
-934
-1113
-799
-452
-503
-868
-1023
-819
-664
-594
-405
-167
-101
-232
-184
227
769
1048
911
852
1234
1835
2206
2288
2461
2458
2115
2191
3189
4167
3666
2245
1777
2885
4024
3545
2289
1964
2406
2196
1435
1440
1906
1608
494
-413
-336
306
502
-309
-1355
-1607
-1354
-1236
-1436
-1738
-1889
-2038
-2403
-2794
-2527
-1772
-1814
-2710
-3257
-2870
-2204
-2048
-2200
-2383
-2438
-2305
-2229
-1956
-1483
-1187
-1378
-1817
-1695
-1102
-484
-278
-594
-772
-575
-213
34
254
485
354
80
12
242
696
964
690
101
-142
124
464
527
221
-258
-484
-482
-437
-297
-237
-535
-1090
-1272
-960
-578
-414
-734
-1110
-1034
-612
-239
-111
40
28
-7
331
786
1236
1489
1546
1580
1956
2719
2957
2818
2890
2917
2936
3365
4173
4166
3140
2492
2902
3845
3854
2714
1974
2273
2436
1559
998
1456
1462
466
-494
-552
-182
-146
-597
-1380
-1817
-1738
-1661
-1760
-1992
-2208
-2350
-2515
-2759
-2878
-2441
-2074
-2556
-3179
-3051
-2457
-2263
-2410
-2385
-2283
-2221
-2141
-1949
-1597
-1271
-1203
-1393
-1404
-984
-498
-251
-278
-389
-266
62
302
423
612
715
487
325
611
996
1044
752
425
321
447
596
521
263
-17
-271
-363
-303
-305
-447
-679
-935
-1097
-976
-750
-751
-891
-1003
-978
-750
-492
-301
-165
-54
-3
169
657
1112
1368
1459
1509
1881
2489
2892
3017
3044
2833
2584
3203
4407
4580
3347
2257
2737
4053
4188
2855
1994
2484
2690
1626
936
1518
1873
889
-453
-707
-133
167
-363
-1279
-1724
-1692
-1611
-1712
-1972
-2137
-2192
-2367
-2897
-3122
-2443
-1886
-2442
-3386
-3317
-2538
-2211
-2441
-2576
-2361
-2238
-2319
-2219
-1723
-1223
-1226
-1560
-1661
-1248
-615
-262
-338
-563
-452
-81
167
290
506
715
512
220
402
913
1140
813
373
214
403
670
612
297
-41
-246
-324
-297
-239
-371
-627
-893
-1087
-1019
-715
-575
-800
-1054
-958
-713
-456
-242
-160
-64
87
316
581
1057
1585
1686
1645
1875
2346
2868
3343
3661
3243
2507
2713
4042
5170
4384
2563
2118
3502
4514
3446
2138
2290
2726
1976
771
937
1814
1548
7
-1178
-825
-73
-149
-1007
-1789
-1993
-1960
-1953
-2196
-2418
-2257
-2307
-2974
-3664
-3230
-2168
-2179
-3185
-3799
-3248
-2528
-2526
-2705
-2555
-2303
-2445
-2628
-2239
-1508
-1104
-1340
-1777
-1707
-1060
-366
-195
-437
-504
-200
83
154
407
867
924
452
230
680
1259
1273
763
356
452
735
696
466
308
141
-136
-358
-356
-291
-287
-551
-1035
-1127
-802
-570
-713
-947
-934
-769
-554
-379
-296
-50
138
102
295
816
1468
1687
1548
1683
2075
2659
3046
3296
3604
3180
2568
2832
4188
5200
4089
2462
2249
3565
4409
3333
2282
2293
2551
1876
860
1193
1817
1409
-12
-1088
-719
-36
-17
-911
-1840
-1998
-1889
-1855
-2120
-2326
-2219
-2438
-3106
-3588
-3072
-2172
-2313
-3266
-3778
-3288
-2604
-2488
-2579
-2519
-2428
-2529
-2592
-2166
-1432
-1055
-1369
-1843
-1713
-959
-230
-99
-374
-457
-148
127
253
607
962
913
481
307
749
1271
1298
754
395
537
613
530
453
375
118
-268
-492
-486
-221
-149
-652
-1149
-1103
-760
-608
-680
-855
-951
-765
-545
-420
-217
82
149
43
351
968
1507
1747
1701
1848
2195
2652
3135
3602
3921
3211
2437
3069
4711
5432
3873
2333
2623
3998
4376
3093
2369
2645
2678
1669
755
1353
2038
1409
-182
-1110
-612
34
-119
-1070
-1871
-1968
-1889
-2034
-2360
-2331
-2145
-2544
-3433
-3819
-3051
-2213
-2534
-3578
-3944
-3315
-2768
-2790
-2851
-2651
-2538
-2771
-2881
-2378
-1597
-1261
-1642
-2072
-1814
-1078
-415
-327
-524
-476
-254
-42
138
606
1011
843
400
303
841
1398
1296
757
473
626
717
611
554
444
174
-166
-381
-333
-111
-159
-664
-1097
-1043
-776
-671
-728
-930
-1044
-860
-679
-571
-318
-19
-48
-165
282
960
1344
1442
1486
1877
2376
2545
2631
3269
4123
3509
2199
2591
4609
5637
3944
2020
2360
4189
4683
2976
1933
2596
3056
1863
586
1139
2094
1603
-123
-1182
-656
166
-14
-1181
-2044
-1954
-1679
-1964
-2574
-2594
-2161
-2326
-3364
-4035
-3243
-2147
-2445
-3738
-4132
-3301
-2665
-2848
-3088
-2795
-2494
-2669
-2914
-2496
-1600
-1225
-1659
-2122
-1793
-909
-291
-339
-580
-388
6
157
229
669
1169
1105
581
410
1009
1622
1497
901
644
813
880
743
618
535
294
-114
-366
-266
-60
-192
-691
-1047
-951
-723
-655
-756
-921
-950
-783
-593
-497
-274
-13
-52
-36
474
1107
1392
1446
1582
1976
2564
2800
2711
3220
4085
3693
2459
2784
4730
5618
4066
2215
2534
4428
4965
3164
1910
2748
3380
2047
718
1350
2299
1638
-101
-1045
-493
325
27
-1263
-2108
-1958
-1704
-1997
-2529
-2658
-2429
-2537
-3371
-4024
-3342
-2264
-2593
-3982
-4333
-3337
-2662
-2913
-3233
-3003
-2674
-2721
-2844
-2489
-1691
-1343
-1773
-2130
-1735
-875
-303
-343
-570
-447
16
325
378
689
1143
1131
649
484
1145
1785
1592
918
609
812
963
887
733
516
154
-240
-350
-104
-16
-413
-936
-1167
-1038
-885
-878
-1009
-1221
-1245
-1117
-919
-724
-575
-436
-405
-276
184
743
1094
1223
1391
1784
2340
2756
2789
2973
3746
3998
3126
2710
4005
5559
5014
3043
2323
3809
5287
4247
2304
2310
3495
3056
1256
971
2099
2266
758
-813
-791
186
402
-744
-1941
-2052
-1779
-1883
-2335
-2694
-2679
-2593
-3045
-3939
-3908
-2774
-2385
-3520
-4497
-3939
-2904
-2757
-3199
-3299
-2898
-2665
-2845
-2755
-2043
-1382
-1534
-2049
-1964
-1236
-442
-194
-459
-551
-159
346
513
630
1006
1214
945
626
996
1735
1783
1109
754
1090
1268
923
634
703
716
287
-284
-349
63
110
-527
-1111
-1094
-798
-771
-1011
-1216
-1212
-1024
-972
-1015
-823
-493
-334
-402
-214
342
814
1116
1243
1446
1915
2438
2785
2867
3258
3618
3167
2799
3525
4867
4922
3436
2463
3180
4647
4483
2818
2150
2873
3029
1734
1006
1692
2013
974
-480
-817
-117
224
-563
-1766
-2164
-1946
-1946
-2272
-2636
-2786
-2814
-3079
-3672
-3896
-3212
-2637
-3279
-4304
-4237
-3299
-2835
-3151
-3409
-3191
-2875
-2839
-2819
-2319
-1684
-1631
-2032
-2072
-1416
-657
-299
-383
-553
-259
320
636
719
988
1273
1087
813
1086
1750
2026
1486
801
928
1522
1490
857
542
602
444
66
-190
-196
-148
-410
-1018
-1286
-954
-749
-1083
-1479
-1468
-1267
-1084
-988
-1037
-944
-659
-424
-281
13
527
828
1001
1307
1685
2137
2554
2941
3117
3378
3669
3337
3165
3951
5113
4955
3516
2874
3622
4809
4635
3195
2433
2873
3196
2150
1333
1818
2052
1025
-426
-651
35
207
-585
-1790
-2245
-2032
-1966
-2257
-2671
-2839
-2978
-3334
-3739
-3828
-3295
-2898
-3462
-4366
-4372
-3403
-2871
-3219
-3486
-3282
-2985
-2930
-2786
-2309
-1819
-1709
-2056
-2094
-1384
-519
-219
-437
-526
-214
406
796
816
965
1300
1282
875
1113
1911
2212
1662
855
748
1313
1787
1342
456
229
277
106
-78
-78
-280
-831
-1203
-1383
-1274
-971
-1130
-1751
-2071
-1662
-1276
-1247
-1248
-1318
-1223
-865
-402
-127
85
486
669
963
1522
1956
2336
2727
3157
3271
3451
3933
3820
3692
4239
5156
5136
3812
3223
3991
5123
4848
3248
2640
3139
3364
2360
1493
1888
1944
924
-332
-528
17
7
-700
-1800
-2402
-2217
-2011
-2316
-2874
-3115
-3206
-3498
-3825
-3807
-3372
-3052
-3608
-4456
-4240
-3272
-2845
-3256
-3512
-3198
-2870
-2656
-2473
-2069
-1636
-1607
-1783
-1649
-919
-185
14
-190
-228
181
741
1067
1087
1263
1523
1562
1316
1322
2029
2378
1827
916
810
1627
1905
1298
319
28
403
350
-85
-587
-674
-790
-1344
-1648
-1556
-1196
-1370
-2003
-2272
-2016
-1372
-1270
-1614
-1702
-1316
-731
-572
-331
24
391
825
1053
1413
1860
2538
2957
2959
3357
3794
4116
3956
3640
4146
5089
5580
4439
3172
3669
4883
5171
3825
2719
2961
3271
2716
1555
1529
2058
1390
-104
-1020
-440
173
-435
-1687
-2583
-2444
-2184
-2432
-2929
-3279
-3267
-3447
-3892
-4139
-3752
-3170
-3460
-4352
-4596
-3786
-3027
-3141
-3536
-3428
-2935
-2690
-2618
-2260
-1621
-1336
-1633
-1736
-1174
-307
141
55
-106
46
586
1074
1247
1307
1458
1606
1453
1272
1580
2156
2049
1162
730
1140
1492
1143
409
-39
1
88
-424
-1020
-984
-945
-1521
-2070
-2008
-1807
-1854
-2139
-2517
-2528
-2078
-1821
-1999
-1965
-1581
-1263
-1021
-769
-441
21
494
785
1024
1593
2124
2346
2664
3132
3645
3895
4008
4153
3997
4088
4764
5551
5285
3893
3358
4143
5064
4669
3257
2760
3042
2903
1900
1279
1746
1621
417
-851
-1023
-410
-486
-1333
-2392
-2847
-2712
-2671
-2884
-3312
-3544
-3645
-3956
-4302
-4179
-3560
-3325
-3946
-4608
-4259
-3274
-2820
-3099
-3251
-2912
-2588
-2406
-2099
-1560
-1101
-1080
-1289
-1134
-374
389
573
384
354
685
1228
1562
1580
1717
1804
1645
1535
1747
2073
2010
1687
1038
739
1265
1389
795
75
-236
-454
-540
-347
-891
-1507
-1585
-1835
-2210
-2175
-1832
-2131
-2546
-2485
-2457
-2091
-1605
-1680
-1931
-1615
-904
-611
-387
44
300
628
1083
1505
1938
2401
2751
2805
3087
3766
4224
4382
4514
4519
4046
3871
4929
6012
5394
3563
2825
3935
5091
4551
2861
2150
2629
2544
1417
885
1468
1311
-172
-1481
-1424
-719
-636
-1446
-2724
-3294
-2898
-2608
-2986
-3472
-3429
-3426
-3855
-4225
-3992
-3088
-2651
-3401
-4259
-3806
-2531
-2098
-2433
-2553
-2246
-1906
-1757
-1434
-832
-292
-345
-782
-699
117
985
1159
791
540
793
1371
1683
1677
1712
1757
1513
1183
1341
1794
1869
1275
529
426
698
657
190
-200
-462
-933
-1256
-1338
-1324
-1420
-1911
-2489
-2674
-2268
-2005
-2260
-2493
-2608
-2418
-2013
-1728
-1552
-1401
-1160
-1045
-733
-40
418
593
735
1057
1588
2185
2589
2611
2693
3121
3543
3743
3980
4286
4501
4314
3573
3319
4306
5554
5076
3020
1978
2890
4347
4118
2337
1313
1626
1911
962
141
583
740
-334
-1805
-2116
-1334
-929
-1602
-2930
-3501
-3068
-2768
-3022
-3329
-3324
-3298
-3596
-3957
-3763
-2844
-2174
-2813
-3747
-3465
-2301
-1574
-1778
-2041
-1864
-1493
-1249
-1109
-540
104
83
-443
-571
154
1048
1358
950
497
636
1151
1482
1500
1487
1456
1271
937
771
1091
1464
1178
288
-293
-135
178
146
-319
-958
-1377
-1434
-1358
-1386
-1511
-1799
-2285
-2519
-2233
-1836
-1688
-1865
-2160
-2229
-1792
-1134
-890
-944
-940
-729
-275
309
767
904
1003
1181
1501
2043
2593
2811
2697
2746
2991
3345
3631
3830
4071
4167
3938
3070
2713
3771
5083
4845
2722
1319
2162
3891
3975
2025
833
1253
1642
747
-202
336
864
-36
-1835
-2553
-1505
-546
-1017
-2534
-3386
-3040
-2526
-2458
-2782
-2875
-2773
-3008
-3528
-3461
-2340
-1456
-2038
-3245
-3317
-2085
-1046
-1162
-1689
-1677
-1292
-1128
-1087
-531
207
225
-464
-897
-321
736
1214
772
113
82
603
971
1011
1019
1071
866
377
282
761
1260
1033
131
-404
-194
248
242
-155
-520
-920
-1163
-1103
-880
-797
-1131
-1684
-2041
-1765
-1237
-1123
-1419
-1733
-1722
-1446
-1034
-762
-698
-695
-743
-568
-61
551
826
689
663
967
1576
2000
2060
2117
2199
2424
2593
2746
3079
3322
3472
3403
3531
3573
2755
2361
3280
4701
4399
2243
1210
2256
3921
3533
1511
890
1557
1740
542
-96
808
1046
-125
-1834
-2126
-890
-209
-896
-2440
-3071
-2531
-2015
-2027
-2533
-2649
-2457
-2693
-3254
-3246
-2114
-1301
-2084
-3332
-3235
-1904
-1083
-1496
-2065
-1925
-1508
-1436
-1538
-1116
-445
-481
-1186
-1561
-899
106
412
-131
-773
-615
68
437
388
369
529
370
2
135
816
1366
921
-101
-399
344
1086
752
-127
-591
-500
-166
-80
-377
-747
-946
-1152
-1429
-1299
-877
-905
-1452
-1873
-1682
-1039
-609
-895
-1377
-1234
-702
-500
-440
-80
151
103
123
411
1027
1536
1531
1000
957
1795
2358
2320
2074
2189
2657
2910
3014
3157
3703
3622
2222
1692
3202
5063
4450
1948
895
2178
3964
3574
1684
1115
1830
1877
530
-28
935
1362
236
-1560
-2012
-897
18
-587
-2212
-2849
-2322
-1885
-2089
-2597
-2580
-2336
-2649
-3489
-3555
-2246
-1396
-2277
-3563
-3423
-2211
-1521
-1815
-2285
-2186
-1826
-1834
-1974
-1499
-729
-694
-1404
-1858
-1266
-185
292
-152
-742
-536
90
438
486
644
950
882
499
454
1107
1833
1668
830
290
597
1293
1522
1039
300
-125
-122
127
291
68
-539
-1070
-1318
-1281
-1005
-873
-1275
-1949
-2164
-1817
-1335
-1116
-1340
-1756
-1835
-1412
-910
-529
-361
-478
-526
-153
522
947
1144
1201
1218
1479
1914
2268
2438
2714
2855
2838
3041
3450
3860
4092
4217
3627
2830
3145
4421
5337
4241
2362
1901
3274
4517
3405
1819
1642
2159
1746
517
521
1200
1067
-339
-1843
-1698
-687
-272
-1185
-2480
-2808
-2527
-2190
-2309
-2628
-2620
-2618
-3013
-3603
-3270
-2118
-1714
-2666
-3662
-3306
-2142
-1517
-1845
-2293
-2190
-1897
-1886
-1839
-1235
-614
-761
-1398
-1576
-839
127
482
44
-435
-221
375
763
860
1026
1159
936
651
840
1545
2065
1751
875
253
629
1433
1538
790
-150
-444
-220
65
-49
-612
-990
-1229
-1562
-1745
-1420
-1012
-1458
-2269
-2516
-1966
-1243
-1253
-1765
-2052
-1638
-1084
-947
-795
-513
-269
-196
-79
337
879
1278
1282
1216
1415
1878
2217
2344
2355
2388
2600
2691
2987
3260
3385
3468
3621
3775
2817
2156
2968
4404
4693
2770
1182
1518
3328
3997
2225
953
1146
1645
953
2
439
880
406
-1153
-2298
-1589
-401
-355
-1831
-3053
-2835
-2204
-1953
-2351
-2754
-2651
-2647
-3125
-3505
-2789
-1668
-1866
-3130
-3709
-2841
-1634
-1401
-1990
-2396
-2135
-1721
-1701
-1567
-978
-597
-947
-1537
-1449
-551
328
376
-345
-776
-264
499
778
661
655
710
611
491
686
1346
1637
1141
417
261
700
968
1118
813
-12
-565
-450
116
234
-150
-948
-1588
-1313
-902
-857
-1093
-1394
-1767
-1968
-1481
-982
-979
-1196
-1510
-1586
-1092
-436
-214
-405
-507
-348
-22
499
780
776
757
858
1123
1333
1586
1773
1836
1838
1922
2265
2488
2674
2832
2893
3023
3346
3573
2817
2135
2705
4056
4678
3260
1531
1483
3267
4246
2614
1233
1484
2119
1526
491
881
1386
1029
-368
-1520
-941
81
149
-1185
-2356
-2224
-1755
-1563
-1996
-2493
-2479
-2434
-2815
-3287
-2842
-1816
-1902
-3099
-3668
-2920
-1848
-1698
-2309
-2636
-2415
-1996
-1964
-1974
-1444
-1032
-1256
-1790
-1747
-877
-67
61
-548
-886
-299
435
698
615
709
930
924
839
1107
1743
2101
1791
1203
1092
1403
1816
1852
1215
787
757
765
568
322
283
-18
-363
-784
-1188
-905
-665
-1140
-1979
-2148
-1714
-1610
-1619
-1829
-2143
-2011
-1770
-1684
-1558
-1247
-1167
-1429
-1241
-705
-306
-32
-35
-106
138
723
1113
1132
1321
1483
1617
1862
2152
2441
2553
2856
2996
3058
3366
3815
4176
3279
2320
2877
4632
5509
3689
1775
1838
3637
4570
2950
1525
1555
2184
1561
285
578
1233
975
-580
-1969
-1670
-671
-321
-1488
-2891
-3099
-2601
-2258
-2576
-3051
-3093
-3022
-3414
-3975
-3670
-2495
-2147
-3236
-4105
-3573
-2298
-1860
-2326
-2579
-2345
-1909
-1819
-1768
-1212
-632
-636
-1176
-1240
-438
445
740
349
1
339
977
1276
1227
1343
1605
1506
1282
1387
1892
2342
2079
1422
1115
1427
1772
1595
1146
668
478
498
333
-43
-290
-419
-898
-1490
-1706
-1529
-1403
-1733
-2387
-2788
-2486
-2103
-2206
-2485
-2559
-2418
-2334
-2148
-1853
-1626
-1457
-1484
-1451
-1074
-518
-87
-18
34
255
575
1048
1366
1502
1515
1580
1863
2160
2473
2534
2451
2531
2814
3169
3213
3209
3418
3795
3622
2584
2076
3071
4749
4648
2429
790
1598
3647
3692
1751
560
1072
1667
683
-333
69
862
281
-1691
-2622
-1605
-306
-595
-2238
-3267
-2915
-2042
-1860
-2477
-2808
-2480
-2378
-3006
-3366
-2456
-1282
-1541
-2875
-3406
-2323
-1001
-939
-1664
-1928
-1492
-1164
-1199
-984
-448
-166
-581
-1186
-1042
-98
743
559
-278
-586
12
791
928
705
735
882
739
491
785
1491
1814
1318
544
447
996
1458
1283
757
353
184
350
441
318
14
-384
-757
-1056
-901
-694
-815
-1251
-1809
-1903
-1618
-1241
-1288
-1692
-1882
-1910
-1709
-1451
-1311
-1321
-1453
-1418
-1259
-914
-475
-319
-381
-394
-147
183
426
643
675
653
791
1071
1367
1538
1667
1613
1638
1879
2118
2476
2674
2689
2631
3028
3595
2867
1826
2102
3893
5074
3613
1428
1006
3050
4595
3251
1390
1107
2108
2101
919
585
1067
1382
255
-1355
-1392
-260
435
-584
-2192
-2608
-1968
-1275
-1615
-2508
-2678
-2339
-2394
-3068
-3240
-2313
-1744
-2434
-3503
-3457
-2206
-1457
-1876
-2607
-2614
-1972
-1709
-1781
-1604
-1167
-953
-1329
-1555
-1056
-132
405
20
-481
-263
535
1103
1058
976
1143
1310
1284
1277
1662
2133
2115
1619
1245
1455
1902
1977
1580
1044
779
790
787
651
372
93
-246
-669
-909
-917
-893
-1224
-1821
-2170
-2143
-1933
-1936
-2230
-2522
-2593
-2470
-2352
-2262
-2182
-2155
-2161
-2033
-1770
-1412
-1052
-914
-891
-842
-520
-35
318
518
534
668
1012
1393
1681
1831
1967
2091
2218
2511
2885
3055
3090
3033
3174
3593
4019
4172
3386
2563
2790
4098
5159
3988
1928
1274
2794
4247
3172
1428
943
1661
1615
284
-133
509
912
-372
-2234
-2286
-1066
-340
-1360
-2940
-3372
-2800
-2152
-2415
-3035
-3058
-2777
-2961
-3600
-3541
-2465
-1709
-2313
-3443
-3434
-2105
-1089
-1362
-2035
-2032
-1413
-1052
-1093
-906
-408
-100
-453
-858
-486
415
984
622
-46
-62
574
1119
1072
896
963
1028
901
777
1019
1494
1600
1072
482
524
1059
1344
1054
495
148
202
253
77
-85
-123
-310
-873
-1309
-1254
-908
-835
-1436
-2066
-2101
-1636
-1410
-1694
-1927
-2014
-1922
-1805
-1671
-1371
-1211
-1284
-1544
-1435
-829
-376
-293
-524
-573
-251
187
510
549
585
625
688
884
1202
1515
1585
1501
1402
1613
1956
2137
2148
2005
2203
2439
2663
2881
3078
3380
2805
2087
2193
3380
4588
3706
1901
1091
2342
3879
3206
1767
1056
1535
1781
902
497
780
1178
306
-1338
-1538
-580
206
-501
-1975
-2524
-2118
-1466
-1652
-2255
-2308
-2198
-2463
-3018
-3003
-2146
-1559
-2097
-3208
-3433
-2352
-1420
-1614
-2316
-2534
-2101
-1782
-1766
-1606
-1170
-912
-1268
-1636
-1261
-341
271
48
-505
-519
122
750
897
825
939
1114
1083
1045
1355
1944
2119
1637
1175
1268
1810
2136
1904
1440
1111
1102
1170
1181
1077
709
356
135
-41
-203
-342
-474
-813
-1219
-1526
-1695
-1553
-1489
-1845
-2315
-2436
-2197
-2098
-2154
-2267
-2372
-2247
-2157
-2127
-1923
-1549
-1332
-1483
-1472
-1145
-679
-289
-278
-339
-111
401
801
902
1060
1301
1513
1719
1888
2155
2447
2610
2682
2647
2844
3219
3479
3585
3539
3810
3835
3205
2738
3118
4419
4729
3269
1650
1644
3323
3833
2536
1182
913
1433
1070
310
103
374
285
-1143
-2290
-1957
-956
-753
-2029
-3284
-3450
-2754
-2223
-2740
-3336
-3274
-3094
-3279
-3631
-3271
-2401
-2193
-2844
-3578
-3136
-1808
-1192
-1560
-2133
-1957
-1325
-992
-761
-524
-199
-135
-461
-479
91
907
1141
633
218
400
995
1403
1301
1083
1045
1094
1067
1064
1395
1679
1431
853
487
773
1274
1357
975
480
372
446
430
371
252
88
-339
-740
-704
-386
-313
-876
-1562
-1674
-1317
-1110
-1449
-1877
-1938
-1848
-1887
-1990
-1874
-1654
-1679
-1949
-2119
-1802
-1281
-1132
-1401
-1589
-1303
-853
-567
-533
-523
-286
-69
24
133
440
769
792
692
747
1094
1480
1569
1417
1397
1633
1909
2018
1971
2120
2398
2611
2671
2741
3125
3071
2526
2159
2677
3973
4036
2642
1293
1668
3281
3451
2237
1109
1193
1815
1237
405
306
893
797
-662
-1540
-1164
-280
-247
-1430
-2381
-2370
-1708
-1501
-2115
-2524
-2393
-2248
-2547
-2953
-2648
-1855
-1714
-2516
-3204
-2692
-1625
-1426
-1916
-2197
-1912
-1473
-1447
-1444
-1178
-786
-699
-1090
-1153
-595
120
395
16
-242
93
736
1121
990
971
1249
1387
1316
1345
1812
2211
2018
1582
1389
1710
2125
2066
1677
1342
1307
1353
1239
1129
1011
831
569
40
-336
-281
-55
-229
-975
-1557
-1647
-1402
-1236
-1621
-2132
-2401
-2367
-2262
-2285
-2242
-2313
-2488
-2655
-2669
-2360
-1999
-1929
-2194
-2336
-2023
-1550
-1248
-1183
-1150
-989
-678
-339
-35
266
462
562
718
1077
1494
1773
1889
1895
2011
2285
2577
2646
2616
2682
2797
3003
3107
3202
3374
3597
3698
3255
2794
2763
3323
4108
3766
2541
1551
1978
3110
3023
1988
952
919
1326
862
251
81
387
12
-1282
-1857
-1481
-750
-856
-1957
-2782
-2803
-2179
-1950
-2358
-2644
-2650
-2533
-2673
-2796
-2402
-1761
-1635
-2263
-2669
-2078
-1062
-769
-1211
-1506
-1239
-715
-468
-385
-179
99
169
-111
-149
383
1022
1172
712
366
604
1179
1491
1281
1083
1153
1216
1119
1061
1289
1489
1282
797
518
742
1104
1089
677
255
173
290
342
255
142
0
-325
-596
-672
-643
-612
-740
-1002
-1406
-1641
-1563
-1398
-1300
-1626
-2185
-2371
-2067
-1729
-1812
-2008
-2126
-2196
-2082
-1886
-1697
-1616
-1682
-1814
-1798
-1382
-942
-863
-960
-985
-765
-309
113
234
165
272
536
789
1090
1343
1432
1448
1485
1625
1876
2146
2245
2117
2085
2215
2421
2709
2790
2765
2832
3091
3336
3045
2622
2510
2977
3766
3610
2580
1648
1885
2896
2996
2195
1230
1026
1377
1058
487
234
423
219
-856
-1466
-1251
-724
-773
-1721
-2477
-2561
-2095
-1851
-2257
-2545
-2581
-2517
-2551
-2662
-2380
-1931
-1748
-2098
-2498
-2060
-1252
-906
-1153
-1417
-1197
-807
-506
-397
-309
-87
-4
-95
-98
258
721
881
699
471
604
997
1268
1219
1076
1109
1135
1095
1069
1199
1306
1088
725
478
573
737
691
469
122
-45
-136
-201
-254
-336
-392
-666
-970
-1164
-1177
-1003
-1088
-1378
-1663
-1703
-1572
-1610
-1673
-1764
-1811
-1826
-1912
-1832
-1657
-1510
-1589
-1744
-1648
-1430
-1186
-1123
-1207
-1192
-1031
-763
-611
-480
-363
-321
-163
35
265
462
567
640
680
871
1075
1178
1290
1309
1337
1393
1450
1519
1510
1538
1505
1500
1623
1691
1754
1715
1650
1765
1950
2158
2239
2336
2285
1925
1835
2058
2523
2844
2555
1878
1294
1643
2281
2380
1958
1130
837
1048
1142
837
449
610
367
-343
-694
-527
-33
-148
-789
-1391
-1481
-989
-893
-1141
-1324
-1465
-1544
-1666
-1622
-1464
-1271
-1195
-1595
-2004
-1766
-1174
-892
-1113
-1414
-1427
-1240
-955
-839
-832
-689
-716
-873
-909
-645
-214
-104
-304
-607
-580
-146
163
153
-51
-98
-3
41
141
278
404
372
173
56
147
397
528
433
209
53
158
338
385
287
153
39
-96
-158
-145
-104
-146
-434
-779
-853
-657
-603
-896
-1203
-1322
-1271
-1203
-1303
-1441
-1517
-1572
-1683
-1761
-1605
-1421
-1449
-1641
-1793
-1665
-1383
-1158
-1148
-1290
-1201
-973
-791
-639
-486
-291
-215
-195
-84
142
479
640
613
608
733
1039
1250
1264
1212
1233
1399
1500
1608
1778
1828
1839
1825
1895
2132
2340
2444
2503
2665
2671
2416
2457
2658
2684
2774
2963
2780
1947
1506
1985
2593
2489
1270
335
748
1330
881
-83
-139
84
-426
-1089
-1358
-949
-677
-1153
-1886
-2286
-1917
-1582
-1648
-1850
-2226
-2285
-2073
-1931
-2060
-2100
-1667
-1639
-2101
-2210
-1727
-1110
-1104
-1553
-1748
-1400
-912
-842
-973
-881
-736
-730
-704
-591
-340
-104
-58
-220
-389
-94
375
546
410
209
321
494
585
638
612
678
584
371
312
446
663
579
332
90
-12
226
384
240
-12
-104
-76
-168
-243
-242
-261
-325
-559
-843
-846
-611
-551
-849
-1191
-1285
-1139
-894
-903
-1208
-1334
-1244
-1209
-1246
-1174
-1040
-1082
-1174
-1241
-1136
-803
-633
-748
-873
-728
-476
-277
-86
-34
12
180
356
484
661
905
1001
1008
1068
1224
1427
1553
1549
1476
1545
1648
1679
1728
1779
1838
1809
1801
1813
1852
2032
2092
2078
2050
2149
2385
2352
2228
2153
2232
2191
1955
2179
2494
2281
1369
755
1360
2048
1707
508
-60
456
602
-12
-636
-521
-253
-755
-1471
-1741
-1381
-1072
-1403
-1984
-2348
-2183
-1799
-1711
-1985
-2301
-2161
-1831
-1891
-2113
-1893
-1401
-1354
-1798
-1967
-1494
-928
-820
-1143
-1277
-989
-718
-603
-559
-416
-278
-300
-312
-321
-104
264
306
56
-152
54
350
369
271
152
187
228
137
100
203
336
212
-38
-103
2
192
246
50
-181
-179
-7
71
6
-48
-71
-128
-165
-186
-108
-4
-66
-201
-364
-396
-271
-100
-51
-332
-566
-562
-365
-166
-292
-505
-598
-529
-478
-517
-435
-421
-517
-647
-719
-566
-327
-240
-450
-623
-510
-306
-162
-160
-208
-211
-102
-15
-28
60
161
162
77
60
163
278
377
293
203
266
343
399
433
548
599
601
665
737
914
1045
1105
1156
1247
1460
1660
1868
1849
1724
1927
2272
2392
2074
1883
2209
2607
2526
1840
1481
1849
2197
1939
1288
1017
1097
1051
716
280
195
256
9
-507
-870
-819
-711
-868
-1280
-1660
-1683
-1520
-1595
-1893
-2011
-1895
-1869
-2043
-2193
-2120
-1890
-1794
-2003
-2166
-1979
-1656
-1534
-1625
-1642
-1494
-1261
-1087
-1061
-968
-735
-558
-556
-538
-299
-14
114
100
90
241
496
664
676
693
792
899
947
998
1102
1184
1247
1212
1111
1121
1274
1390
1298
1170
1142
1158
1182
1163
1122
1062
1001
920
787
736
729
683
611
420
99
-118
23
205
-32
-571
-896
-785
-546
-605
-1019
-1334
-1306
-1238
-1340
-1447
-1414
-1429
-1581
-1723
-1720
-1511
-1326
-1415
-1628
-1637
-1383
-1157
-1095
-1102
-1084
-929
-738
-640
-541
-362
-195
-158
-118
35
236
397
433
401
479
686
810
796
824
938
1026
1033
1053
1167
1342
1448
1396
1372
1533
1759
1891
1926
1962
1967
1986
2114
2313
2493
2467
2149
1854
1974
2394
2486
2017
1441
1262
1443
1461
1095
709
554
366
-93
-501
-524
-422
-644
-1203
-1703
-1801
-1637
-1588
-1822
-2164
-2357
-2359
-2265
-2235
-2280
-2257
-2189
-2237
-2367
-2274
-1909
-1629
-1657
-1834
-1811
-1497
-1149
-993
-947
-847
-722
-616
-463
-234
10
174
195
128
183
455
754
852
778
723
796
961
1082
1128
1180
1208
1132
1061
1125
1267
1316
1231
1084
973
979
1034
1022
934
827
715
586
506
493
493
430
237
-6
-143
-156
-189
-283
-397
-621
-966
-1174
-1041
-824
-956
-1465
-1880
-1796
-1445
-1390
-1713
-1972
-1932
-1843
-1859
-1860
-1740
-1612
-1683
-1850
-1827
-1476
-1121
-1097
-1289
-1335
-1053
-684
-504
-548
-557
-360
-132
-37
2
156
360
413
350
394
630
849
846
719
707
885
1063
1079
1015
1033
1147
1217
1199
1204
1297
1411
1426
1365
1384
1522
1644
1648
1624
1657
1706
1730
1763
1824
1868
1856
1794
1748
1798
1880
1804
1549
1402
1541
1687
1427
889
693
1007
1163
658
9
-27
322
229
-358
-722
-564
-428
-738
-1169
-1246
-1044
-1016
-1286
-1539
-1546
-1400
-1337
-1452
-1617
-1624
-1408
-1253
-1379
-1512
-1340
-1030
-978
-1118
-1073
-770
-513
-537
-617
-462
-152
24
5
23
188
378
485
508
546
689
864
899
821
849
1036
1177
1136
1026
1024
1125
1185
1115
1027
1011
1014
956
855
780
735
677
581
435
306
230
160
15
-194
-341
-424
-521
-701
-901
-1049
-1198
-1344
-1442
-1508
-1646
-1884
-2064
-2072
-1987
-2045
-2257
-2404
-2361
-2246
-2243
-2276
-2242
-2168
-2106
-2056
-1941
-1752
-1583
-1496
-1436
-1256
-1000
-781
-641
-527
-356
-136
103
286
400
543
719
888
1030
1161
1290
1401
1480
1532
1602
1723
1812
1800
1763
1786
1847
1869
1849
1823
1806
1790
1734
1674
1662
1658
1599
1518
1470
1428
1335
1235
1210
1220
1163
1013
860
822
859
811
669
533
460
430
395
338
195
29
-26
10
-13
-216
-417
-417
-317
-373
-623
-750
-657
-588
-719
-905
-896
-783
-777
-887
-964
-908
-824
-817
-848
-852
-788
-710
-665
-674
-677
-584
-461
-402
-422
-401
-281
-171
-142
-163
-109
7
68
76
95
154
194
194
214
252
292
284
255
244
258
287
277
237
182
144
157
158
104
10
-44
-42
-79
-162
-253
-310
-346
-410
-485
-568
-641
-722
-805
-865
-942
-1037
-1115
-1143
-1164
-1277
-1428
-1485
-1412
-1353
-1461
-1634
-1673
-1546
-1436
-1478
-1561
-1531
-1401
-1320
-1309
-1256
-1123
-992
-942
-890
-752
-571
-428
-352
-275
-128
63
222
296
362
496
674
816
891
962
1062
1166
1211
1247
1365
1476
1477
1400
1390
1488
1568
1544
1464
1417
1432
1447
1422
1369
1347
1334
1316
1303
1281
1281
1280
1251
1234
1270
1334
1306
1209
1199
1301
1354
1256
1188
1285
1369
1188
887
923
1248
1323
885
398
430
782
840
442
44
1
99
-1
-258
-388
-351
-402
-642
-911
-957
-788
-706
-882
-1194
-1302
-1148
-1000
-1060
-1232
-1263
-1153
-1101
-1168
-1192
-1046
-911
-947
-1063
-1054
-855
-685
-686
-775
-763
-597
-458
-435
-460
-399
-273
-218
-232
-229
-120
-8
1
-31
-22
63
139
161
149
126
136
162
182
172
139
141
140
110
48
8
43
58
-20
-143
-196
-169
-170
-237
-335
-389
-417
-478
-541
-572
-588
-660
-776
-850
-847
-824
-873
-980
-1062
-1073
-1041
-1053
-1102
-1134
-1131
-1110
-1113
-1110
-1059
-966
-916
-951
-956
-844
-656
-555
-570
-545
-406
-222
-109
-59
40
187
293
352
436
585
724
798
823
890
1003
1104
1163
1179
1211
1254
1296
1326
1327
1325
1343
1358
1345
1312
1286
1265
1251
1210
1145
1086
1033
996
939
875
806
721
645
587
547
483
367
244
183
184
156
44
-72
-120
-120
-149
-213
-261
-282
-294
-321
-338
-330
-323
-302
-281
-260
-251
-240
-183
-129
-104
-93
-51
-4
26
54
95
135
150
158
188
214
217
203
217
248
238
210
197
215
207
176
162
141
114
94
95
83
24
-36
-45
-39
-65
-135
-184
-201
-236
-295
-341
-351
-380
-447
-511
-542
-559
-593
-637
-674
-696
-702
-715
-742
-772
-776
-739
-699
-701
-732
-729
-671
-616
-600
-584
-535
-496
-478
-447
-382
-298
-252
-234
-197
-130
-56
0
60
141
229
297
346
392
457
565
673
733
768
811
877
950
1006
1070
1129
1152
1153
1178
1246
1319
1329
1305
1320
1374
1419
1428
1419
1431
1474
1519
1515
1473
1463
1506
1526
1440
1342
1346
1439
1426
1164
850
791
988
1064
744
233
-19
99
228
0
-465
-750
-751
-760
-995
-1277
-1365
-1334
-1437
-1720
-1939
-1898
-1731
-1716
-1907
-2102
-2091
-1903
-1760
-1796
-1884
-1826
-1648
-1533
-1528
-1474
-1290
-1121
-1086
-1084
-958
-718
-536
-510
-514
-416
-228
-58
4
19
73
182
274
297
324
406
488
477
410
418
504
571
544
472
439
441
439
419
414
414
377
302
230
210
241
246
189
94
43
44
28
-19
-54
-64
-98
-163
-209
-202
-190
-236
-297
-323
-314
-306
-340
-375
-400
-413
-410
-423
-457
-491
-494
-485
-528
-587
-597
-550
-550
-635
-706
-695
-626
-618
-681
-717
-690
-653
-661
-683
-654
-587
-546
-553
-547
-491
-414
-369
-354
-312
-231
-152
-116
-94
-35
43
114
165
208
270
330
388
442
494
564
619
655
689
747
822
867
885
885
924
990
1015
999
981
1001
1048
1057
1023
978
973
994
1000
961
906
885
899
905
851
772
760
800
804
717
625
636
697
676
542
447
485
559
509
350
259
292
319
242
115
65
75
26
-78
-161
-159
-165
-258
-383
-432
-396
-399
-490
-592
-609
-563
-565
-635
-693
-675
-613
-600
-635
-664
-621
-550
-512
-513
-507
-445
-364
-327
-327
-306
-223
-143
-128
-133
-107
-28
26
14
-7
18
71
81
48
27
43
63
40
6
-6
4
8
-35
-82
-87
-49
-30
-79
-138
-162
-125
-82
-95
-143
-181
-170
-157
-166
-182
-196
-205
-220
-237
-247
-255
-262
-284
-305
-316
-324
-349
-363
-355
-355
-365
-390
-405
-385
-358
-363
-382
-387
-345
-310
-301
-311
-296
-247
-209
-183
-161
-118
-77
-54
-31
17
91
149
172
202
244
298
346
384
434
481
515
528
550
600
662
697
692
687
703
737
771
774
777
784
789
781
763
774
798
805
774
732
719
725
720
676
635
633
626
592
522
461
450
458
432
347
250
202
206
214
158
64
-22
-54
-62
-99
-156
-210
-233
-272
-331
-378
-391
-378
-396
-453
-497
-498
-456
-446
-476
-489
-469
-417
-403
-406
-393
-346
-292
-286
-287
-261
-210
-175
-182
-188
-173
-143
-138
-170
-201
-217
-210
-221
-273
-334
-381
-397
-425
-479
-537
-590
-624
-661
-697
-741
-794
-820
-838
-847
-867
-909
-924
-913
-881
-885
-914
-913
-879
-820
-799
-796
-785
-739
-668
-636
-611
-579
-518
-453
-413
-374
-334
-274
-203
-162
-121
-80
-26
36
82
120
143
186
241
288
324
335
370
415
464
492
503
524
553
599
620
634
655
669
694
713
712
726
734
751
754
738
724
716
732
720
696
661
636
639
620
592
548
512
497
475
445
394
359
342
316
286
233
205
195
181
154
104
91
91
82
59
21
18
26
30
9
-19
-16
-10
0
-19
-40
-35
-29
-27
-44
-58
-56
-49
-48
-65
-75
-74
-69
-59
-76
-78
-74
-64
-48
-54
-49
-35
-18
-9
-6
8
24
44
58
55
68
80
103
107
98
101
106
126
114
97
84
89
98
69
35
22
28
24
-20
-59
-81
-86
-93
-144
-189
-209
-217
-235
-284
-322
-342
-341
-361
-395
-420
-434
-429
-440
-461
-465
-461
-448
-445
-443
-426
-411
-392
-380
-358
-329
-305
-285
-273
-235
-194
-167
-151
-138
-101
-61
-29
-11
5
43
82
113
134
162
209
245
291
324
347
386
423
477
517
542
561
590
645
680
696
686
703
742
754
742
705
696
712
707
659
592
557
557
535
471
373
319
303
280
207
101
36
17
-5
-72
-167
-223
-240
-258
-314
-389
-421
-428
-437
-482
-533
-543
-529
-524
-556
-582
-573
-554
-538
-551
-557
-533
-503
-488
-492
-475
-441
-406
-395
-398
-375
-336
-304
-302
-306
-281
-241
-220
-229
-222
-194
-159
-145
-159
-154
-120
-82
-78
-96
-95
-56
-20
-21
-39
-38
-9
16
17
-8
-15
-3
10
-4
-24
-39
-45
-52
-69
-91
-119
-141
-164
-182
-209
-236
-265
-288
-299
-310
-325
-353
-363
-357
-348
-350
-355
-349
-322
-285
-267
-254
-233
-185
-127
-87
-61
-23
36
93
145
181
216
272
332
380
414
443
489
535
571
599
613
637
670
698
707
707
709
720
736
728
712
695
690
690
662
630
599
577
552
512
462
419
390
347
285
224
174
139
92
20
-49
-100
-134
-178
-243
-306
-343
-364
-402
-455
-496
-511
-515
-534
-564
-580
-570
-554
-549
-551
-544
-510
-477
-446
-423
-401
-354
-312
-267
-227
-194
-143
-92
-51
-9
31
76
115
152
186
214
249
278
307
319
326
344
351
361
366
357
346
334
333
316
298
271
243
228
199
174
141
108
84
50
21
-12
-38
-60
-85
-117
-147
-167
-186
-203
-222
-249
-268
-285
-294
-293
-313
-328
-344
-346
-338
-344
-347
-349
-340
-331
-323
-313
-299
-274
-251
-238
-215
-197
-158
-127
-102
-70
-48
-10
29
61
91
123
152
180
208
228
251
274
289
303
306
319
334
341
339
327
328
335
339
337
316
311
308
313
309
296
290
282
288
281
264
262
266
273
260
243
241
243
251
235
215
208
209
207
184
156
148
146
133
99
74
63
59
43
9
-11
-13
-13
-33
-69
-82
-81
-76
-94
-126
-135
-132
-123
-141
-161
-156
-150
-147
-172
-185
-176
-169
-170
-191
-202
-193
-188
-191
-209
-208
-201
-203
-206
-217
-208
-198
-198
-204
-202
-188
-173
-176
-175
-163
-146
-135
-126
-122
-113
-88
-78
-67
-59
-44
-24
-24
-22
-13
6
21
20
21
28
46
52
44
49
51
60
54
42
42
43
49
35
19
16
21
24
10
-4
-5
-4
-9
-30
-40
-42
-43
-49
-63
-71
-68
-61
-69
-84
-85
-73
-67
-74
-84
-83
-75
-64
-61
-60
-51
-41
-28
-25
-14
2
13
20
32
47
65
80
101
115
132
142
157
183
194
211
216
224
235
249
262
263
266
268
270
269
258
257
248
233
220
200
188
172
149
125
102
82
59
36
9
-19
-42
-67
-98
-125
-140
-155
-184
-210
-224
-228
-234
-254
-263
-271
-271
-267
-273
-272
-277
-265
-263
-267
-260
-249
-228
-226
-224
-215
-197
-176
-168
-160
-151
-129
-114
-103
-85
-73
-60
-44
-33
-18
1
16
36
47
61
80
100
112
126
139
142
151
154
167
168
166
168
164
162
160
157
150
137
127
122
110
98
83
70
55
43
35
22
17
3
-13
-25
-32
-34
-48
-48
-56
-66
-63
-66
-66
-72
-68
-66
-67
-63
-58
-46
-38
-34
-33
-27
-6
4
14
20
26
38
49
60
65
70
85
90
95
99
105
114
112
117
118
123
125
125
130
120
119
122
118
116
111
107
98
92
88
81
73
63
56
43
34
34
21
7
5
-11
-27
-40
-42
-56
-68
-74
-87
-96
-108
-110
-123
-132
-135
-143
-148
-155
-159
-166
-171
-166
-166
-169
-164
-165
-168
-167
-156
-149
-148
-140
-133
-126
-121
-112
-98
-99
-95
-86
-83
-76
-63
-54
-57
-50
-44
-42
-35
-28
-16
-17
-11
1
6
10
23
30
39
47
62
70
78
98
101
113
128
143
152
166
180
189
195
206
219
227
232
236
242
242
247
243
240
229
230
225
213
209
192
178
156
141
127
101
84
62
39
16
-7
-27
-56
-80
-99
-127
-145
-166
-183
-204
-223
-239
-260
-270
-281
-288
-301
-307
-305
-312
-314
-308
-310
-306
-296
-281
-273
-259
-238
-231
-213
-194
-172
-154
-132
-103
-84
-61
-37
-9
13
31
60
77
96
118
130
149
157
169
177
180
187
187
191
180
180
177
155
150
136
120
100
84
63
42
27
4
-19
-40
-60
-80
-100
-119
-135
-156
-170
-184
-196
-205
-215
-219
-226
-226
-230
-234
-232
-232
-226
-223
-213
-199
-193
-177
-168
-152
-139
-125
-102
-87
-64
-49
-27
-3
13
42
63
84
110
131
159
178
205
228
248
274
292
315
328
348
363
378
394
402
414
423
429
436
434
436
433
424
421
410
402
386
375
361
333
313
288
263
237
211
182
153
125
90
59
31
-2
-31
-60
-89
-115
-145
-165
-190
-215
-231
-250
-266
-282
-288
-299
-310
-313
-313
-312
-312
-306
-301
-293
-285
-275
-261
-250
-237
-217
-201
-183
-160
-143
-121
-105
-86
-63
-41
-18
1
19
39
57
73
94
113
129
143
162
174
187
196
210
220
228
236
243
243
244
243
238
235
230
224
214
203
185
174
150
132
116
93
76
51
30
7
-13
-37
-65
-84
-100
-121
-138
-154
-168
-182
-191
-197
-201
-201
-204
-199
-197
-191
-182
-172
-155
-140
-121
-99
-79
-55
-32
-6
22
48
78
103
128
156
183
204
226
251
267
285
296
302
317
320
320
327
321
319
309
298
285
269
252
229
209
183
159
136
105
79
46
16
-12
-42
-73
-106
-131
-159
-187
-211
-239
-263
-292
-319
-337
-358
-372
-390
-405
-415
-427
-431
-442
-446
-447
-454
-448
-448
-444
-435
-427
-421
-412
-398
-387
-370
-351
-340
-321
-305
-289
-266
-250
-231
-212
-191
-170
-151
-131
-114
-93
-75
-56
-41
-26
-8
4
19
34
47
62
71
82
87
92
105
107
116
117
118
123
120
123
119
122
118
112
112
105
103
99
95
89
81
81
81
73
73
68
66
67
67
67
72
75
76
84
85
89
97
100
108
112
121
122
126
132
134
141
144
145
152
151
146
141
137
133
129
129
123
119
116
104
100
95
86
87
79
74
73
70
67
59
57
53
53
53
55
53
54
57
55
57
59
64
67
69
71
72
72
73
71
71
74
69
69
63
64
60
51
48
41
38
27
18
9
-2
-12
-26
-33
-44
-57
-65
-77
-85
-97
-109
-115
-126
-131
-137
-139
-144
-146
-148
-148
-145
-144
-141
-135
-129
-121
-113
-105
-95
-87
-75
-67
-55
-40
-32
-16
-5
3
15
26
35
47
56
66
79
84
91
99
104
111
119
123
133
141
144
150
151
153
155
156
158
159
164
165
167
164
162
160
156
155
149
147
144
135
136
128
123
120
111
110
101
94
88
81
74
65
59
50
43
35
27
18
8
2
-14
-26
-37
-52
-62
-74
-88
-97
-113
-129
-143
-155
-167
-182
-192
-205
-215
-229
-238
-246
-256
-259
-264
-268
-270
-271
-272
-270
-269
-266
-261
-256
-250
-240
-231
-223
-215
-209
-198
-195
-185
-170
-160
-150
-144
-136
-125
-119
-112
-106
-105
-98
-94
-94
-91
-86
-86
-84
-83
-86
-86
-91
-91
-92
-99
-95
-97
-101
-101
-106
-110
-113
-113
-117
-117
-116
-113
-112
-113
-111
-107
-104
-101
-102
-96
-84
-82
-70
-65
-53
-41
-31
-20
-15
4
14
27
39
55
71
88
106
118
134
148
161
174
184
200
213
223
237
245
256
267
272
279
281
288
288
291
294
292
291
289
283
280
272
266
259
247
238
228
219
203
193
179
164
156
140
129
115
103
92
79
70
54
48
37
25
15
5
2
-9
-18
-24
-30
-34
-44
-51
-56
-64
-68
-75
-78
-88
-92
-92
-105
-111
-110
-118
-120
-126
-131
-129
-136
-138
-138
-138
-140
-135
-134
-130
-125
-123
-114
-111
-104
-97
-91
-78
-74
-64
-54
-42
-31
-23
-8
1
11
26
37
48
54
66
78
82
92
99
107
113
113
119
125
126
129
131
129
126
129
122
120
117
109
104
94
87
83
75
67
55
46
41
29
21
15
8
2
-8
-10
-15
-20
-24
-23
-24
-28
-23
-21
-17
-18
-14
0
2
10
21
28
41
48
61
68
76
89
100
112
119
131
140
143
153
155
163
169
174
172
172
172
173
169
164
163
157
151
142
133
123
115
104
96
81
70
62
47
36
20
11
-1
-15
-29
-38
-48
-58
-68
-81
-91
-93
-102
-112
-116
-120
-125
-131
-137
-141
-142
-143
-148
-148
-152
-155
-154
-161
-159
-160
-159
-161
-164
-163
-165
-164
-162
-167
-162
-162
-160
-158
-157
-156
-152
-147
-145
-143
-139
-132
-128
-124
-120
-116
-110
-102
-100
-97
-89
-83
-76
-71
-64
-55
-53
-49
-45
-37
-29
-23
-18
-15
-13
-6
2
7
15
22
22
25
29
30
36
38
39
39
38
39
40
39
38
37
35
31
29
27
23
18
14
7
3
1
2
1
1
-4
-9
-8
-9
-8
-6
-2
3
4
8
13
15
23
29
35
45
49
55
62
70
76
85
95
102
110
111
117
120
131
132
135
139
141
146
148
150
152
152
150
149
148
144
143
141
135
133
124
115
110
103
96
86
77
67
51
42
29
19
8
-6
-20
-35
-47
-61
-69
-78
-93
-101
-114
-123
-131
-140
-147
-151
-156
-160
-164
-166
-168
-161
-161
-159
-152
-149
-137
-130
-122
-110
-103
-89
-75
-52
-40
-23
-9
1
22
37
56
74
90
107
122
135
148
167
172
182
192
194
206
211
216
221
221
222
224
225
224
221
215
206
204
193
188
181
173
162
154
143
131
126
113
105
91
78
67
54
44
38
26
14
5
-8
-19
-29
-38
-49
-59
-67
-76
-86
-88
-93
-97
-104
-107
-108
-112
-111
-109
-106
-110
-108
-103
-106
-99
-97
-89
-85
-81
-75
-70
-66
-60
-55
-51
-46
-43
-41
-36
-34
-31
-26
-23
-22
-22
-18
-18
-22
-19
-24
-24
-24
-29
-29
-33
-37
-38
-41
-45
-54
-59
-64
-66
-75
-82
-88
-97
-105
-116
-120
-127
-137
-141
-151
-156
-165
-172
-175
-182
-189
-190
-194
-198
-203
-205
-209
-212
-211
-212
-210
-205
-203
-200
-192
-186
-181
-174
-165
-158
-147
-136
-126
-117
-104
-92
-81
-69
-54
-38
-26
-16
-5
8
19
32
45
56
65
74
85
90
95
103
113
116
120
123
122
124
123
122
123
121
116
116
110
103
100
95
89
84
79
73
65
61
57
51
45
40
34
33
32
30
26
18
17
12
9
7
4
6
1
-1
-4
-6
-4
-6
-8
-10
-10
-16
-19
-22
-20
-24
-25
-24
-30
-31
-33
-36
-37
-39
-38
-41
-48
-48
-55
-53
-54
-56
-56
-62
-59
-61
-57
-56
-52
-48
-49
-47
-43
-37
-30
-25
-18
-13
-7
6
15
24
34
44
56
64
71
82
93
104
111
120
129
135
144
149
155
161
163
165
163
163
166
166
167
163
160
150
146
138
133
128
119
114
102
96
85
80
76
70
63
53
50
45
40
39
32
32
31
26
30
29
32
33
35
42
42
49
56
59
68
76
82
91
93
101
111
119
126
135
141
143
147
152
158
163
167
168
167
168
163
166
160
157
157
142
138
128
119
110
100
90
72
62
49
31
24
3
-9
-23
-44
-56
-74
-87
-99
-112
-126
-142
-154
-171
-179
-187
-198
-204
-213
-219
-223
-230
-228
-232
-233
-232
-233
-230
-229
-220
-215
-212
-199
-192
-188
-178
-166
-156
-147
-137
-128
-114
-107
-95
-81
-75
-62
-54
-43
-34
-28
-18
-12
-7
0
1
6
9
12
14
16
17
16
16
12
8
6
4
4
-6
-15
-17
-24
-31
-36
-44
-48
-61
-67
-71
-83
-87
-93
-105
-111
-118
-126
-128
-134
-138
-139
-140
-143
-148
-144
-142
-138
-132
-133
-127
-121
-113
-106
-95
-91
-82
-68
-62
-54
-46
-30
-17
-9
5
11
21
28
36
52
53
64
73
74
82
86
93
98
98
99
102
106
107
105
111
109
99
97
90
90
85
76
70
61
55
46
39
33
25
17
11
-1
-15
-22
-33
-39
-49
-58
-68
-75
-81
-86
-94
-99
-107
-113
-117
-128
-127
-130
-132
-129
-129
-128
-125
-122
-114
-108
-101
-97
-93
-80
-72
-59
-52
-42
-29
-16
-4
6
21
35
47
59
68
80
96
106
120
129
136
143
153
163
170
177
183
185
191
196
195
196
196
199
194
192
193
185
182
181
173
169
163
156
147
141
136
128
125
115
112
104
93
91
83
79
73
64
59
54
50
43
40
37
33
28
25
25
21
18
16
13
13
8
9
8
6
7
5
4
2
-1
-1
-3
-2
-5
-7
-7
-10
-12
-9
-11
-13
-13
-17
-18
-15
-17
-18
-16
-20
-21
-22
-22
-22
-28
-21
-25
-23
-22
-26
-22
-25
-24
-28
-29
-26
-28
-26
-27
-29
-29
-28
-28
-30
-29
-30
-34
-32
-31
-31
-35
-38
-36
-34
-36
-37
-35
-38
-41
-44
-41
-42
-41
-42
-43
-45
-48
-47
-49
-47
-44
-46
-47
-45
-44
-39
-38
-38
-33
-33
-29
-27
-24
-18
-16
-12
-9
-8
-1
2
4
12
13
18
21
23
31
29
37
40
41
46
48
53
54
59
57
62
61
58
65
60
60
56
56
53
50
48
40
39
32
28
29
20
17
12
3
-3
-13
-16
-23
-28
-32
-43
-44
-54
-57
-59
-68
-70
-75
-76
-83
-85
-89
-93
-91
-95
-94
-94
-96
-95
-94
-91
-91
-89
-85
-84
-79
-75
-74
-69
-65
-59
-56
-49
-44
-40
-31
-30
-23
-18
-15
-11
-8
-4
1
6
8
10
13
12
13
19
16
17
17
13
13
11
9
8
3
2
-3
-4
-5
-8
-14
-16
-18
-24
-23
-28
-31
-30
-33
-35
-36
-38
-39
-39
-40
-39
-38
-35
-34
-35
-31
-29
-26
-21
-18
-12
-6
-3
5
9
14
23
27
36
39
48
53
58
68
69
77
81
87
89
95
99
103
109
111
115
117
117
120
122
122
123
121
118
118
116
115
112
107
105
100
95
89
82
77
68
62
57
52
44
36
28
20
14
3
-1
-9
-19
-21
-30
-36
-44
-49
-53
-57
-61
-66
-68
-70
-74
-74
-73
-75
-71
-69
-69
-67
-64
-59
-56
-51
-45
-42
-33
-28
-24
-18
-13
-5
-4
3
7
11
19
19
26
29
33
37
40
44
45
49
48
47
43
43
39
39
37
36
37
31
28
21
15
12
5
2
-5
-7
-9
-13
-15
-24
-23
-29
-33
-36
-41
-42
-42
-42
-44
-44
-43
-43
-42
-40
-39
-32
-30
-25
-23
-20
-14
-10
-5
-3
0
10
9
22
21
24
30
27
34
39
43
43
49
49
50
49
47
49
44
41
43
41
34
32
30
22
18
17
9
6
5
0
-2
-6
-6
-9
-11
-13
-19
-14
-14
-15
-9
-8
-11
-8
-5
-7
-3
1
6
6
14
19
20
29
30
32
35
40
42
44
43
48
48
47
48
45
45
39
37
33
27
24
20
10
5
0
-6
-16
-21
-26
-40
-40
-47
-57
-63
-68
-74
-78
-88
-91
-96
-99
-106
-107
-105
-108
-105
-105
-103
-104
-99
-93
-92
-87
-80
-76
-66
-61
-57
-48
-43
-39
-29
-22
-18
-9
-3
2
8
16
22
24
28
35
37
39
41
42
47
41
45
43
41
41
38
37
33
33
31
30
27
25
21
22
15
10
11
8
5
5
4
-3
-4
-1
-9
-11
-12
-13
-16
-18
-17
-22
-19
-20
-24
-20
-22
-24
-23
-22
-22
-22
-19
-18
-23
-20
-17
-16
-14
-12
-10
-9
-4
-8
-3
-1
-1
3
6
8
9
15
16
18
21
24
26
29
32
31
36
36
36
38
35
39
39
43
43
42
43
41
40
40
36
35
34
29
25
22
20
19
15
11
13
8
6
3
-5
-3
-4
-6
-11
-11
-14
-18
-17
-21
-20
-22
-23
-23
-23
-22
-20
-18
-16
-12
-17
-12
-11
-14
-6
-7
-2
2
1
7
8
5
9
12
10
14
18
18
21
21
25
25
23
27
27
28
28
27
32
27
25
26
24
24
26
26
25
23
23
22
21
20
22
19
18
15
12
16
14
12
12
9
5
7
7
5
5
2
3
1
-1
0
-2
0
-1
-3
-2
-7
-6
-5
-8
-8
-10
-14
-15
-18
-20
-21
-20
-19
-20
-22
-23
-20
-21
-21
-22
-20
-21
-21
-19
-21
-20
-20
-20
-18
-20
-16
-18
-16
-17
-16
-17
-20
-18
-18
-17
-16
-14
-16
-17
-18
-19
-18
-15
-16
-18
-15
-15
-16
-16
-18
-17
-17
-19
-19
-19
-17
-16
-16
-16
-17
-20
-20
-23
-20
-19
-18
-15
-13
-15
-16
-10
-15
-13
-10
-12
-12
-12
-10
-11
-7
-8
-7
-9
-7
-6
-3
-2
-2
0
1
0
0
3
3
3
2
6
7
8
10
10
11
11
11
14
16
15
18
20
22
20
23
23
24
26
27
29
30
31
27
29
29
27
30
31
31
29
28
28
29
28
25
28
24
20
22
19
15
11
11
7
2
0
-1
-9
-7
-7
-17
-14
-17
-21
-21
-23
-26
-29
-29
-35
-33
-35
-37
-38
-37
-38
-41
-38
-39
-40
-36
-33
-35
-29
-26
-27
-24
-21
-19
-19
-14
-10
-9
-4
0
-1
3
3
6
8
8
14
17
17
20
25
25
24
28
27
27
27
25
26
23
23
24
20
22
20
18
16
12
16
13
12
12
8
8
6
4
1
4
0
0
1
-4
-5
-5
-6
-9
-10
-9
-11
-10
-5
-3
-3
-3
2
-1
4
5
4
5
6
4
2
10
10
7
13
15
13
17
17
19
20
23
26
24
29
31
28
30
34
31
29
32
32
31
33
30
31
31
29
29
32
31
32
31
28
29
26
23
18
16
13
9
7
3
0
1
-4
-6
-9
-10
-16
-17
-19
-26
-23
-28
-30
-32
-33
-38
-40
-42
-45
-42
-48
-49
-47
-49
-49
-46
-46
-47
-45
-44
-43
-39
-40
-36
-37
-36
-33
-31
-27
-24
-18
-16
-13
-10
-10
-6
-2
0
1
0
5
8
7
13
13
12
17
17
16
17
14
14
16
14
13
14
14
13
12
14
12
9
11
8
7
7
5
5
5
1
-2
-1
-1
-2
-3
-3
-3
-2
-4
-3
-1
0
3
2
1
3
4
3
6
4
9
8
9
8
9
13
13
16
20
19
18
21
20
18
19
19
19
17
16
15
16
13
13
10
10
8
9
9
8
9
5
5
2
-1
-2
-3
-4
-7
-8
-8
-11
-11
-14
-19
-17
-19
-21
-20
-21
-22
-25
-22
-24
-24
-20
-24
-24
-21
-23
-24
-23
-20
-23
-20
-19
-18
-17
-17
-13
-16
-14
-12
-10
-9
-7
-4
-2
-2
1
0
0
1
3
3
4
7
7
10
5
6
4
2
4
5
7
8
8
11
11
9
9
7
9
7
8
10
8
8
8
9
8
5
7
8
9
8
10
11
10
15
12
15
15
17
19
18
20
16
18
18
19
21
22
23
23
27
24
28
25
26
26
26
28
24
22
21
19
20
19
17
18
16
18
15
10
12
10
9
7
6
4
3
2
-3
-5
-8
-8
-12
-12
-11
-16
-15
-16
-16
-19
-20
-21
-23
-24
-25
-25
-25
-22
-22
-24
-23
-23
-23
-22
-19
-20
-18
-16
-16
-14
-14
-10
-13
-12
-14
-13
-13
-13
-12
-10
-9
-11
-7
-7
-11
-9
-5
-7
-6
-3
-2
-2
-5
-3
-3
-5
-2
-7
-8
-5
-8
-8
-6
-7
-8
-5
-5
-4
-4
0
-2
-3
-3
-3
-2
-1
-1
-3
-2
-3
-1
3
2
0
8
4
5
7
6
7
8
13
11
12
16
17
17
16
18
19
20
18
22
21
20
24
24
26
24
22
26
27
27
27
28
30
28
25
26
25
25
24
25
25
21
21
23
18
17
18
15
11
12
9
6
4
2
1
-4
-5
-7
-10
-11
-10
-14
-17
-20
-22
-27
-26
-27
-29
-33
-37
-37
-37
-41
-44
-40
-43
-45
-45
-45
-47
-46
-41
-43
-36
-35
-36
-34
-35
-30
-30
-31
-29
-24
-19
-20
-17
-14
-11
-8
-5
-5
-2
2
2
8
11
12
12
10
12
11
16
16
12
17
19
19
20
18
17
15
15
18
13
11
10
11
11
9
8
5
4
2
2
3
1
0
0
0
-3
0
-4
-3
0
-2
-2
0
-4
-3
-2
-4
-5
-7
-4
-2
-1
1
0
2
2
4
3
2
8
5
6
12
9
12
12
14
14
13
16
16
15
16
18
17
15
16
16
19
19
17
18
18
18
14
15
13
13
10
8
11
10
4
5
8
1
-1
1
-2
-3
-3
-3
-4
-7
-9
-11
-11
-11
-11
-10
-8
-9
-11
-10
-11
-14
-14
-13
-12
-12
-16
-14
