0
-1
0
0
-2
-2
-1
2
2
-2
-1
-1
0
0
-1
-1
-3
0
2
1
2
-2
-5
-4
-4
-4
-2
1
-5
-3
-1
-2
-2
-5
-2
-5
-2
-1
-3
-2
-1
-2
1
2
1
0
-2
-1
-4
0
0
-1
2
0
-1
-5
-2
-3
-3
0
-4
-3
-5
0
2
-3
-1
-1
-3
-5
-3
-1
1
-1
-1
0
0
1
0
1
-1
0
-2
1
1
-1
0
0
2
-1
0
-1
-1
2
1
2
3
0
2
2
2
3
4
1
3
2
5
5
4
4
2
0
2
2
-1
-1
-2
-1
-1
-2
-2
-3
-5
-5
-4
-3
-2
-1
0
-1
-2
-1
-4
-4
-3
-2
-4
-5
-4
-1
-3
-4
-2
-3
-1
-3
2
0
-3
2
2
2
-2
-2
0
-1
1
2
4
6
3
4
1
5
7
6
4
4
4
3
2
2
2
3
3
3
2
2
-1
0
0
-2
-2
-1
-2
-3
-1
-3
0
-2
-3
0
0
-1
-3
-2
-1
-3
-3
-1
-2
-2
-1
-5
-5
-4
-4
-2
-5
-3
0
-4
-4
-3
0
0
-2
-7
-6
-5
-5
-5
-4
-3
-3
-2
-1
0
3
3
0
2
1
2
-1
3
4
4
4
2
5
3
2
0
5
2
0
2
0
0
-1
-1
1
1
2
-2
2
3
0
-1
-2
-3
-3
1
0
-1
0
1
0
0
0
2
4
4
1
1
1
1
5
5
4
6
6
7
7
3
5
4
4
3
4
7
6
4
2
2
2
4
2
5
5
6
4
4
7
6
5
7
6
6
7
8
8
8
9
8
10
9
10
12
8
7
8
8
8
12
9
7
8
6
8
4
5
5
7
11
7
7
8
9
5
5
8
7
8
6
5
5
5
5
6
7
6
5
2
2
2
3
1
2
2
-1
1
-1
-1
-3
1
1
-1
2
0
-1
-1
0
-1
0
2
2
3
-1
0
-1
-3
2
1
0
-2
-1
3
0
2
2
3
-1
-3
1
-1
2
3
1
0
-2
-2
-2
-1
-1
-3
-4
-1
-1
-1
-3
-5
-1
-6
-3
-5
-5
-6
-4
-3
-2
0
-3
-3
-5
-5
-3
1
-1
-3
0
-1
-1
-1
0
-2
-3
-5
-5
-3
-5
-5
-6
-4
-1
-3
-3
-2
-1
-1
-3
-4
-2
-1
-3
-3
1
-2
-1
-1
-3
-4
-3
-2
-2
-3
0
0
2
3
0
3
1
-1
2
1
2
2
3
2
1
-2
-1
3
-2
-3
0
-2
-3
-2
-1
0
-1
1
2
-1
0
1
3
0
1
0
0
4
1
1
3
4
4
4
7
2
2
6
4
3
1
2
3
3
3
3
3
1
1
-2
1
4
1
2
-2
0
3
0
0
2
2
1
-2
-1
-3
-3
-2
-3
0
1
2
1
3
-1
-1
0
-1
-3
-2
-2
-2
0
1
-1
0
-1
-2
-2
-2
-2
-2
-1
-1
-4
-1
-3
-3
-2
-4
-3
-2
-3
-4
-1
-4
-4
0
-4
-6
-3
-2
-2
-1
-1
-4
-3
-4
-4
0
-2
0
1
-1
0
2
2
2
1
-1
-2
0
0
2
6
5
3
2
4
1
1
2
0
0
3
0
-1
1
-1
-2
-1
-3
1
-2
-3
1
-1
-3
-3
-2
-1
-1
-4
-2
-2
-1
-1
-2
0
-1
1
-3
1
2
2
5
0
7
3
3
2
3
4
1
0
1
4
3
4
3
1
2
1
3
1
1
4
4
2
1
4
2
-2
1
-2
-2
-4
-3
-2
-3
-1
-1
-1
-2
-3
-7
-4
-4
-5
-3
-1
-3
-3
-1
-6
-3
-7
-5
-2
-4
-2
-4
0
-1
-2
-3
-5
-3
-5
-5
-4
-5
-3
-4
-4
-6
-6
-4
-5
-8
-6
-4
-4
-5
-3
-4
-5
-5
-4
-2
-4
-4
-7
-7
-3
-5
-5
-3
-4
-6
-4
-7
-7
-8
-10
-10
-10
-7
-7
-4
-6
-10
-6
-5
-4
-4
-3
-3
-2
-6
0
-4
-9
-7
-7
-4
-7
-5
-5
-6
-3
0
-3
-4
-6
-6
-2
-4
-4
-5
-5
-2
-1
-3
-1
2
1
-2
1
4
1
1
-2
1
2
0
0
2
2
0
4
-1
0
0
1
3
-1
1
3
1
-1
0
-3
-4
-1
1
2
1
-1
-1
1
-3
-2
-3
-2
-3
-3
-4
-5
2
-5
0
-2
-3
1
-2
-1
1
3
-2
0
-1
-1
1
3
2
-2
2
2
-1
0
1
1
2
6
6
4
3
3
0
1
3
0
2
3
2
1
0
2
3
3
3
6
2
1
1
2
0
3
3
1
5
3
4
5
3
5
4
1
1
-2
-1
1
4
0
2
4
4
6
4
2
4
4
1
4
4
4
2
5
3
2
4
2
3
0
2
1
0
1
4
2
0
2
1
1
3
1
0
2
3
1
2
5
3
4
0
-1
6
5
6
7
6
3
2
7
5
4
3
2
3
4
2
2
4
2
1
1
3
1
-1
1
2
1
1
-2
2
1
2
3
3
3
4
5
4
7
7
4
4
6
2
2
4
5
4
4
1
3
5
4
3
3
4
3
4
2
1
3
2
3
1
0
-2
0
1
-1
3
3
3
0
-2
-1
0
-2
-1
0
-2
-1
0
-3
-4
-2
-4
-7
-6
-4
-3
-3
-5
-5
-1
-3
-7
-4
-3
-4
-4
-5
-4
-2
-2
-1
-1
-2
2
2
1
-1
-1
2
1
0
3
1
2
2
0
0
-1
-2
-1
0
0
0
0
1
-2
-2
-3
1
-1
-6
-2
-3
-3
-5
-3
-3
0
0
0
-1
-1
-1
1
1
-1
2
-1
-1
0
-1
0
-1
0
-2
-1
0
-1
-1
1
1
0
-2
1
2
1
2
2
-1
-2
0
-1
-3
-1
-2
2
1
-1
-1
5
1
0
1
2
3
2
3
2
3
1
4
0
-1
4
3
2
0
1
1
1
0
1
1
0
2
2
2
-1
1
2
1
0
-3
0
3
1
1
5
1
1
0
-1
1
2
-1
0
2
2
0
-2
-1
0
-1
0
0
-1
0
-3
-2
-3
-2
-1
1
-2
-2
-1
-1
-3
-4
-3
-3
-1
-3
-2
-3
-2
-4
-5
-3
-3
-5
-5
-2
-7
-5
-4
-2
-4
-5
-2
-2
-3
-2
0
-2
-1
-2
-1
-2
-3
-6
-1
-1
0
2
-2
2
2
1
-1
-1
0
-2
1
3
1
2
3
1
4
2
2
4
-1
2
3
2
3
4
2
4
6
6
6
6
6
7
6
8
8
4
6
6
5
5
4
4
6
2
4
1
1
3
2
1
0
-2
0
-3
-3
0
-3
-6
-4
-3
-5
-6
-5
-2
-2
-4
-2
-6
-5
-4
-7
-6
-6
-4
-6
-8
-6
-5
-3
-4
-6
-5
-4
-1
0
-5
0
1
-2
0
0
5
5
4
4
6
10
9
10
9
11
12
8
11
11
9
10
9
10
10
8
11
10
11
12
12
10
9
10
8
7
6
6
5
2
5
5
3
1
-2
-2
0
0
-2
-4
-4
-3
-4
-5
-3
-5
-6
-5
-2
-1
-6
-4
-3
-5
-4
-7
-6
1
0
-3
-3
-1
3
-3
-2
0
4
4
-1
0
6
9
4
1
8
10
7
3
3
9
13
6
1
-1
4
10
5
-2
0
7
3
-2
0
2
4
-2
-12
-11
3
0
-14
-23
-15
-3
-10
-29
-29
-9
-5
-32
-64
-35
13
3
-51
-76
-37
6
0
-49
-63
-17
5
-20
-43
-14
20
8
-21
-32
13
59
34
-12
-3
53
74
41
17
42
89
82
31
20
74
120
74
12
25
86
103
58
15
34
79
73
17
-3
40
62
24
-27
-17
27
36
-7
-49
-28
9
0
-42
-53
-24
-15
-46
-73
-58
-24
-18
-54
-83
-59
-22
-29
-56
-63
-42
-28
-45
-62
-43
-14
-19
-53
-66
-30
-1
-20
-51
-49
-24
-26
-60
-54
-12
-5
-51
-97
-67
-3
4
-54
-93
-56
-17
-26
-49
-36
-2
-12
-45
-53
11
72
46
-17
-23
50
106
96
70
82
118
131
120
129
183
222
185
137
158
226
273
252
199
191
229
259
248
239
251
247
207
174
192
240
239
171
102
100
135
136
89
40
21
4
-36
-75
-77
-73
-107
-189
-248
-244
-221
-236
-298
-352
-383
-394
-401
-406
-411
-437
-488
-527
-511
-463
-452
-482
-511
-518
-502
-474
-429
-388
-376
-405
-422
-357
-241
-184
-201
-203
-137
-67
-41
4
132
257
222
87
127
428
670
574
335
350
635
845
773
643
747
915
835
648
742
1080
1177
855
534
639
1006
1104
805
549
620
748
625
425
459
622
541
165
-92
58
356
305
-99
-385
-310
-148
-198
-374
-440
-408
-490
-704
-790
-599
-396
-526
-873
-1024
-831
-580
-573
-755
-867
-819
-764
-784
-753
-603
-525
-670
-876
-843
-569
-371
-446
-657
-728
-620
-503
-469
-437
-398
-478
-646
-664
-444
-229
-276
-516
-646
-515
-323
-271
-318
-321
-303
-347
-372
-234
23
132
-20
-200
-100
244
491
457
336
376
554
682
748
904
1104
1112
879
804
1192
1674
1639
1128
877
1266
1764
1705
1223
1040
1322
1506
1231
912
1022
1281
1125
601
339
608
879
625
75
-144
65
174
-102
-433
-443
-311
-452
-824
-966
-732
-547
-791
-1195
-1261
-990
-822
-987
-1198
-1161
-1002
-1002
-1130
-1093
-867
-749
-905
-1077
-956
-639
-490
-618
-744
-649
-457
-395
-422
-363
-223
-187
-305
-365
-211
4
9
-164
-273
-224
-124
-79
-112
-168
-237
-344
-405
-326
-189
-207
-425
-610
-584
-407
-267
-298
-452
-536
-450
-283
-144
-60
-37
-41
26
202
412
632
799
802
718
845
1328
1838
1822
1250
900
1503
2567
2746
1816
1074
1507
2388
2474
1859
1543
1789
1833
1305
969
1371
1813
1373
373
-69
347
850
666
-75
-612
-568
-380
-574
-899
-855
-695
-1047
-1721
-1863
-1300
-867
-1223
-1925
-2148
-1785
-1421
-1465
-1660
-1650
-1577
-1686
-1804
-1608
-1161
-913
-1155
-1557
-1485
-903
-473
-533
-717
-682
-509
-379
-255
-40
196
215
-53
-241
-24
363
496
358
114
-91
-124
21
160
146
-20
-344
-617
-549
-279
-200
-390
-657
-827
-764
-483
-277
-336
-462
-470
-360
-59
373
600
510
510
816
1168
1460
1823
2211
2354
2135
1764
1870
2888
3932
3644
2301
1677
2488
3556
3601
2787
2173
2197
2228
1799
1567
1987
2192
1330
118
-191
391
868
552
-400
-1177
-1224
-933
-995
-1293
-1348
-1409
-1945
-2546
-2468
-1813
-1420
-1875
-2774
-3107
-2522
-1877
-1920
-2257
-2320
-2304
-2393
-2285
-1863
-1417
-1281
-1596
-2032
-1887
-1054
-405
-510
-879
-930
-704
-406
-82
195
319
144
-261
-389
104
770
799
192
-362
-365
38
342
258
-125
-491
-687
-683
-480
-261
-326
-704
-1106
-1146
-729
-243
-194
-566
-793
-572
-103
338
581
629
674
891
1192
1519
2035
2539
2645
2498
2538
2676
2776
3198
3880
4018
3244
2371
2471
3461
4019
3279
2135
1913
2278
2079
1551
1545
1658
1038
48
-372
-147
160
63
-642
-1520
-1885
-1620
-1325
-1461
-1857
-2209
-2422
-2593
-2700
-2458
-1999
-2062
-2866
-3374
-2879
-2164
-2047
-2305
-2455
-2500
-2440
-2145
-1778
-1518
-1393
-1508
-1748
-1661
-1045
-402
-288
-626
-839
-596
-84
282
358
307
115
-97
41
567
885
516
-46
-104
195
288
96
16
-26
-312
-621
-613
-354
-223
-404
-797
-1029
-778
-386
-283
-420
-483
-377
-180
137
441
649
880
1062
1187
1443
1937
2437
2615
2665
2899
3210
3105
2704
2956
4047
4632
3650
2199
2206
3593
4278
3196
1881
1913
2475
2026
1125
1128
1614
1249
31
-793
-619
-9
72
-765
-1756
-2014
-1628
-1412
-1743
-2157
-2234
-2208
-2570
-3096
-2868
-2002
-1876
-2884
-3592
-3048
-2216
-2130
-2457
-2542
-2407
-2318
-2235
-2025
-1642
-1256
-1251
-1592
-1692
-1153
-377
-102
-396
-657
-445
67
321
290
325
418
330
114
256
657
696
324
44
53
90
77
89
-92
-415
-562
-517
-504
-504
-482
-645
-866
-826
-602
-415
-312
-276
-313
-168
207
537
778
1016
1197
1360
1788
2332
2624
2711
2852
3155
3604
4044
3956
3281
3108
4010
5030
4687
3242
2522
3320
4315
3808
2449
2080
2630
2505
1321
734
1322
1594
611
-744
-1073
-518
-212
-721
-1656
-2143
-2038
-1899
-2107
-2512
-2611
-2485
-2657
-3236
-3492
-2857
-2185
-2571
-3487
-3576
-2804
-2330
-2534
-2692
-2444
-2233
-2334
-2353
-1939
-1365
-1141
-1374
-1626
-1396
-744
-226
-213
-470
-483
-181
124
143
105
362
514
222
-130
58
518
494
126
-197
-313
-212
-158
-220
-439
-622
-744
-920
-868
-677
-600
-718
-959
-979
-733
-336
-123
-229
-185
159
516
723
905
1317
1648
1799
2104
2441
2797
2957
3047
3309
3702
4127
3709
2828
2932
4122
5051
4125
2468
2044
3028
3951
3160
1849
1687
2143
1737
453
225
1038
1093
-160
-1554
-1635
-864
-527
-1133
-2217
-2632
-2368
-2208
-2496
-2866
-2725
-2580
-3002
-3651
-3613
-2688
-2114
-2742
-3687
-3587
-2642
-2168
-2432
-2586
-2315
-2169
-2288
-2224
-1715
-1095
-957
-1301
-1582
-1261
-404
90
-77
-425
-388
21
165
174
368
635
569
-36
-323
199
883
758
-123
-564
-295
82
43
-274
-487
-619
-668
-759
-736
-367
-216
-544
-971
-813
-99
285
272
52
98
598
985
1277
1520
1855
2084
2117
2521
2994
3337
3404
3425
3766
4176
4111
3254
2906
3951
5230
4768
2748
1748
2821
4318
3786
1883
1259
2015
2179
830
43
737
1234
239
-1445
-1862
-998
-389
-946
-2185
-2791
-2513
-2152
-2324
-2802
-2913
-2680
-2831
-3488
-3762
-2965
-2042
-2490
-3697
-3856
-2771
-2034
-2398
-2829
-2554
-2109
-2143
-2317
-1967
-1236
-943
-1348
-1747
-1440
-526
83
-110
-591
-593
-69
248
229
221
404
497
69
-356
-82
727
852
-74
-730
-513
59
168
-217
-597
-771
-632
-658
-786
-537
-280
-510
-981
-900
-289
196
263
40
-3
407
903
1150
1309
1706
2043
2023
2153
2689
3315
3562
3337
3336
3725
4279
4019
3041
3095
4275
5132
3948
2069
2051
3537
4351
2891
1198
1468
2396
1989
283
-84
954
1109
-341
-1880
-1702
-629
-425
-1490
-2731
-2800
-2182
-2012
-2617
-3156
-2934
-2584
-2899
-3706
-3726
-2626
-1999
-2901
-4008
-3571
-2268
-1962
-2674
-2986
-2409
-1952
-2166
-2369
-1870
-1143
-1069
-1574
-1828
-1262
-341
-36
-469
-897
-555
55
215
23
-37
306
385
-81
-387
89
811
486
-455
-705
-187
258
-6
-478
-664
-552
-438
-685
-719
-364
-251
-590
-944
-596
20
346
266
-79
93
747
1277
1341
1292
1721
2044
2209
2464
2878
3383
3573
3549
3398
3614
4094
3800
3238
3460
4463
4634
3217
2044
2464
3859
4032
2409
1166
1587
2358
1581
243
379
1091
621
-931
-1705
-1090
-393
-658
-1793
-2635
-2473
-1958
-1943
-2490
-2881
-2768
-2607
-2915
-3428
-3201
-2284
-2088
-3112
-3836
-3057
-1924
-1951
-2672
-2770
-2224
-1976
-2133
-2050
-1497
-1130
-1337
-1657
-1558
-895
-275
-228
-610
-822
-369
113
232
67
16
310
283
-73
-227
322
883
314
-497
-547
84
412
17
-398
-616
-455
-316
-456
-397
-216
-246
-629
-771
-251
257
389
165
-15
235
779
1233
1289
1228
1532
1879
2107
2375
2722
3043
3211
3431
3511
3457
3738
3734
3314
3293
4054
4511
3542
2424
2462
3381
3849
2917
1707
1502
2081
1887
747
465
996
822
-415
-1322
-1020
-454
-540
-1353
-2212
-2344
-1978
-1835
-2214
-2602
-2634
-2613
-2843
-3157
-3071
-2489
-2206
-2818
-3531
-3242
-2325
-2076
-2626
-2882
-2491
-2178
-2302
-2311
-1891
-1480
-1528
-1805
-1802
-1364
-742
-522
-747
-917
-629
-142
1
-14
34
204
307
75
-56
304
864
692
-140
-327
197
541
258
-126
-153
-151
-180
-262
-286
-95
-60
-366
-650
-376
162
270
64
-29
92
420
837
1057
1052
1111
1405
1666
1868
2344
2696
2651
2622
3056
3583
3566
3371
3142
2950
3280
3953
4205
3394
2386
2282
2997
3670
3093
1749
1316
1868
1903
936
553
1053
867
-249
-1072
-897
-399
-448
-1101
-1926
-2238
-2015
-1893
-2142
-2491
-2675
-2754
-2889
-3107
-3152
-2805
-2454
-2820
-3604
-3613
-2801
-2370
-2777
-3119
-2841
-2596
-2645
-2592
-2210
-1778
-1761
-2016
-2116
-1724
-1068
-709
-750
-974
-915
-423
25
65
-25
172
430
322
74
238
802
1022
426
-205
71
686
660
192
-30
-30
-125
-135
-132
-155
-137
-322
-668
-738
-278
45
-108
-310
-357
-130
256
618
655
560
743
1047
1466
1821
2104
2151
2010
2347
2979
3542
3434
3007
2970
2895
3206
3829
4331
3928
2604
2165
2832
3837
3756
2374
1710
2050
2257
1433
835
1509
1633
505
-681
-777
-59
155
-428
-1450
-2071
-1842
-1630
-1837
-2133
-2321
-2464
-2791
-3127
-3184
-2798
-2253
-2569
-3612
-3926
-3111
-2395
-2679
-3146
-3006
-2776
-2816
-2729
-2299
-1814
-1714
-1996
-2175
-1843
-1011
-421
-468
-746
-788
-316
263
504
501
604
850
729
477
699
1316
1576
1014
377
381
854
1019
709
423
238
35
-117
-21
95
-4
-388
-834
-850
-450
-73
-277
-659
-681
-483
-118
49
222
339
365
586
757
1287
1720
1783
1708
1640
2356
3017
3226
3100
2943
3181
2863
2833
3676
4504
4321
2736
1975
2847
4125
4264
2749
1815
2180
2496
1931
1198
1636
1950
953
-347
-837
-182
420
-24
-1215
-2255
-2151
-1676
-1808
-2191
-2542
-2713
-3009
-3473
-3643
-3273
-2534
-2713
-3994
-4560
-3741
-2739
-2820
-3382
-3421
-3252
-3190
-3118
-2663
-1980
-1759
-2079
-2452
-2130
-1137
-325
-248
-637
-759
-395
246
805
983
924
958
1042
905
1061
1708
1912
1239
658
870
1227
1257
991
569
296
240
118
-165
-91
64
-431
-1094
-1217
-864
-606
-707
-1150
-1566
-1237
-636
-564
-746
-611
-267
-204
-101
295
800
1223
1200
1136
1435
2128
2796
2890
2919
3118
3468
3568
2915
2942
4219
5375
4679
2577
2098
3707
5183
4542
2450
1879
2886
3218
2035
1100
1890
2361
978
-800
-1121
33
685
-322
-2037
-2865
-2270
-1689
-2146
-2902
-3188
-3113
-3395
-4060
-4200
-3484
-2680
-3191
-4691
-5009
-3729
-2658
-3056
-3869
-3736
-3198
-3043
-3029
-2608
-1856
-1568
-1964
-2335
-1844
-648
115
-54
-565
-538
125
835
1160
1159
1289
1369
1164
1116
1610
2306
2076
1152
747
1121
1613
1234
630
523
507
130
-581
-557
-100
-253
-1034
-1878
-1808
-1247
-1054
-1518
-2239
-2133
-1622
-1407
-1486
-1502
-1112
-842
-769
-684
-271
630
1108
872
648
1311
2368
2688
2627
2812
3438
4040
4113
3783
3283
3746
5097
5718
4861
3332
3176
4342
5124
4590
3200
2807
3291
3117
2112
1482
2117
2243
783
-746
-973
-37
293
-712
-2058
-2727
-2393
-2176
-2603
-3043
-3188
-3201
-3627
-4216
-4233
-3572
-2877
-3289
-4479
-4749
-3690
-2726
-2971
-3526
-3325
-2828
-2727
-2715
-2246
-1476
-1156
-1517
-1814
-1307
-233
387
223
-26
140
672
1177
1420
1534
1692
1784
1509
1264
1695
2406
2409
1530
761
931
1481
1418
773
305
188
-100
-542
-657
-572
-703
-1276
-2006
-2284
-1903
-1458
-1767
-2454
-2637
-2302
-1881
-1650
-1639
-1604
-1359
-1064
-839
-394
375
819
752
858
1331
1978
2475
2817
3042
3223
3770
4385
4709
4325
3491
3714
5159
6317
5409
3463
3033
4247
5364
4643
3049
2608
3199
3109
1650
935
1745
2094
742
-1106
-1454
-647
-185
-981
-2457
-3143
-2837
-2566
-3035
-3565
-3517
-3402
-3770
-4509
-4634
-3816
-2937
-3299
-4530
-4724
-3606
-2673
-2882
-3346
-3046
-2497
-2312
-2394
-2061
-1176
-636
-915
-1359
-992
90
854
770
380
397
994
1558
1608
1600
1882
2152
1765
1054
1273
2194
2615
1611
245
182
923
1339
653
-374
-771
-804
-726
-1126
-1470
-1432
-1715
-2321
-2872
-2496
-1843
-1927
-2431
-2903
-2576
-1811
-1334
-1301
-1400
-997
-609
-359
124
865
1394
1348
1338
1781
2698
3409
3454
3275
3524
4414
5006
4968
4356
3726
4110
5224
6128
5284
3528
3081
4019
4872
4072
2880
2767
2837
2185
999
911
1589
1281
-156
-1561
-1665
-1019
-922
-1666
-2775
-3330
-3264
-3156
-3361
-3718
-3797
-3709
-4061
-4668
-4641
-3717
-2986
-3496
-4406
-4334
-3356
-2644
-2734
-2869
-2574
-2248
-2174
-2106
-1540
-748
-433
-713
-978
-562
330
919
930
637
662
1118
1513
1584
1611
1834
1915
1539
1240
1452
1905
1962
1272
534
471
841
752
9
-466
-561
-753
-1095
-1464
-1611
-1677
-1853
-2345
-2831
-2583
-2096
-2190
-2669
-2833
-2525
-2109
-1749
-1649
-1596
-1231
-730
-450
-204
406
961
1146
1315
1740
2282
2665
3009
3273
3430
3779
4081
4207
4411
4872
5262
4769
3805
3706
4687
5798
5399
3691
2555
2989
4235
4143
2808
2021
2024
1939
935
223
574
798
120
-1465
-2436
-1987
-1245
-1314
-2493
-3466
-3523
-3305
-3183
-3377
-3528
-3519
-3666
-4008
-4225
-3598
-2538
-2427
-3318
-3840
-3171
-2110
-1714
-1902
-1959
-1774
-1552
-1389
-1056
-358
126
-12
-496
-530
242
1012
1275
951
502
588
1025
1382
1370
1332
1402
1101
652
678
1153
1399
908
29
-392
-14
500
178
-737
-1205
-1179
-1076
-1214
-1551
-1755
-1804
-1869
-2248
-2414
-1934
-1607
-1899
-2319
-2156
-1585
-1158
-1028
-1130
-1005
-460
13
248
557
944
1226
1354
1683
2162
2496
2799
2860
2938
3227
3585
3904
3741
3828
4281
4601
4401
3363
2985
3688
4815
4967
3343
2033
2172
3354
3664
2404
1464
1309
1488
956
33
76
556
346
-1106
-2393
-2098
-1107
-906
-1893
-2993
-3203
-2761
-2518
-2712
-2918
-2793
-2698
-3126
-3494
-3086
-2031
-1567
-2345
-3102
-2832
-1825
-1208
-1439
-1727
-1650
-1366
-1301
-1329
-872
-332
-345
-871
-1198
-744
34
383
20
-511
-471
-22
299
334
295
400
385
58
-71
366
828
660
86
-261
-365
-131
313
170
-485
-1118
-1218
-874
-504
-521
-1415
-2014
-1710
-1392
-1404
-1545
-1489
-1730
-1941
-1623
-1346
-982
-747
-942
-1170
-844
17
416
385
439
535
845
1411
1840
1929
1939
2058
2247
2421
2790
3102
3069
3091
3236
3694
3910
3169
2386
2584
4035
4844
3470
1654
1408
2988
3925
2752
1430
1291
1791
1380
295
329
1078
1093
-294
-1847
-1689
-525
-54
-971
-2372
-2641
-2061
-1659
-1874
-2351
-2292
-2146
-2522
-3116
-3047
-1926
-1252
-2105
-3315
-3272
-2040
-1331
-1774
-2315
-2275
-1930
-1900
-2064
-1746
-1128
-1000
-1578
-2044
-1582
-641
-104
-331
-917
-954
-305
316
375
266
551
719
464
359
812
1501
1594
952
252
418
1346
1616
889
66
-128
154
344
186
-422
-750
-629
-921
-1418
-1318
-778
-918
-1725
-2077
-1803
-1157
-813
-1237
-1658
-1413
-755
-499
-460
-74
198
253
288
577
1139
1610
1807
1529
1488
2023
2550
2724
2554
2683
2957
3238
3666
4005
4016
3045
2241
2941
4624
5363
3678
1724
1741
3434
4406
3116
1677
1687
2347
1867
494
452
1393
1467
-31
-1655
-1583
-424
128
-835
-2355
-2794
-2198
-1815
-2227
-2772
-2731
-2496
-2876
-3701
-3843
-2714
-1766
-2557
-3976
-4030
-2767
-1948
-2307
-2824
-2774
-2424
-2281
-2395
-2092
-1297
-914
-1381
-1991
-1647
-504
288
226
-388
-524
143
756
963
953
1212
1464
1106
841
1289
2111
2220
1363
852
901
1103
1397
1294
742
50
-278
-255
-265
-72
-395
-1377
-1772
-1573
-1394
-1398
-1542
-1931
-2467
-2281
-1669
-1584
-1554
-1570
-1741
-1605
-1131
-494
-236
-157
-69
-81
443
1091
1367
1453
1487
1679
1998
2392
2643
2739
2812
2921
3056
3354
3779
3964
4260
3842
2642
2394
3684
5495
5002
2618
1265
2139
4238
4098
2016
1096
1770
2253
776
-319
584
1419
650
-1463
-2512
-1617
-479
-516
-1995
-3226
-3101
-2580
-2444
-2790
-3063
-2886
-2965
-3549
-4101
-3535
-2068
-1866
-3322
-4359
-3580
-2088
-1753
-2346
-2608
-2368
-2052
-2023
-1916
-1273
-627
-667
-1320
-1562
-750
338
762
347
-252
-108
647
1156
1121
1058
1349
1337
850
750
1392
2055
1820
806
145
441
1352
1574
648
-366
-668
-264
15
-232
-798
-1287
-1379
-1602
-1826
-1600
-1266
-1521
-2331
-2646
-2133
-1410
-1135
-1553
-2012
-1759
-1105
-618
-471
-331
-118
3
235
553
1010
1526
1576
1283
1242
1834
2547
2670
2388
2211
2518
2993
3198
3080
3060
3420
3813
3981
3074
1985
2351
4190
5491
3795
1238
745
2708
4421
3159
1141
855
1826
1820
253
-59
1007
1377
11
-1945
-2084
-747
151
-588
-2371
-3111
-2496
-1831
-1940
-2545
-2720
-2468
-2734
-3463
-3599
-2389
-1221
-2032
-3656
-3859
-2454
-1316
-1602
-2289
-2394
-2013
-1748
-1831
-1530
-833
-513
-995
-1588
-1260
-209
661
533
-199
-478
132
978
1129
1008
1110
1283
1023
702
1184
1956
2156
1556
675
337
819
1838
1968
885
-292
-641
78
760
585
-562
-1418
-1197
-1062
-1210
-1178
-1052
-1468
-2251
-2308
-1796
-1196
-1013
-1708
-2321
-1969
-978
-491
-700
-830
-754
-399
52
295
452
728
942
770
685
1229
2000
2162
1764
1458
1817
2471
2697
2648
2540
2688
3047
3437
3712
3000
2109
2215
3689
5024
3827
1572
974
2744
4267
3190
1570
1205
1869
1871
757
419
973
1256
112
-1590
-1819
-797
-25
-746
-2335
-3099
-2681
-1980
-2095
-2845
-3148
-2892
-2940
-3586
-3792
-2904
-1997
-2482
-3762
-4045
-2954
-1865
-2002
-2737
-2939
-2483
-2080
-2047
-1900
-1371
-1037
-1291
-1685
-1459
-507
336
361
-260
-497
158
981
1237
1071
1139
1314
1297
1209
1398
2008
2301
1862
1148
919
1400
1704
1686
1263
473
-15
10
402
413
-147
-855
-1531
-1516
-1122
-1112
-1477
-1973
-2265
-2412
-2231
-1849
-1897
-2124
-2281
-2321
-2002
-1472
-1050
-1102
-1232
-1034
-629
-58
320
337
328
521
887
1162
1446
1643
1656
1682
1875
2170
2509
2633
2629
2705
2884
3104
3379
3810
3849
2968
2185
2557
4124
5100
3852
1750
1147
2868
4141
3000
1264
930
1764
1642
350
-54
661
1075
-302
-2193
-2387
-1199
-403
-1222
-2789
-3426
-2975
-2295
-2457
-3131
-3270
-2897
-2981
-3746
-4001
-2894
-1748
-2196
-3626
-3915
-2575
-1382
-1583
-2293
-2237
-1618
-1310
-1438
-1257
-553
-90
-388
-926
-800
125
994
1061
378
-25
567
1366
1527
1206
1205
1438
1301
1049
1129
1708
2087
1599
816
533
919
1114
987
899
382
-309
-680
-393
31
-148
-814
-1775
-2052
-1449
-1149
-1418
-2035
-2387
-2414
-2237
-1789
-1729
-1783
-1805
-2117
-2102
-1461
-569
-377
-906
-1044
-645
163
767
668
469
509
869
1183
1479
1843
1853
1647
1653
1978
2387
2570
2519
2420
2494
2707
3023
3315
3507
3305
2541
2011
2471
3952
4586
3110
1152
939
2656
3700
2671
1134
799
1496
1295
212
41
865
1048
-424
-1905
-1791
-686
-96
-920
-2312
-2886
-2383
-1747
-1901
-2417
-2500
-2317
-2527
-3166
-3179
-2140
-1312
-1901
-3142
-3244
-2027
-1075
-1342
-2054
-2107
-1636
-1371
-1408
-1208
-721
-497
-796
-1236
-1071
-239
519
481
-192
-437
131
915
1123
872
871
1072
1079
944
1151
1713
1954
1560
925
826
1333
1537
1093
781
907
779
177
-213
7
304
92
-827
-1679
-1365
-570
-697
-1683
-2253
-2018
-1792
-1772
-1899
-2050
-1924
-1887
-2119
-2112
-1483
-885
-1122
-1536
-1370
-738
-57
124
-151
-257
118
646
778
832
1088
1184
1156
1190
1539
2062
2256
2104
1829
2054
2740
3078
3022
3025
3536
3784
2946
2120
2731
4630
5389
3614
1363
1344
3504
4631
3178
1324
1186
2101
1873
664
351
1142
1346
-204
-1941
-1881
-447
274
-934
-2759
-3323
-2493
-1699
-2028
-2826
-3001
-2687
-2849
-3551
-3564
-2436
-1620
-2435
-3841
-3841
-2364
-1295
-1692
-2554
-2655
-2009
-1531
-1518
-1361
-849
-504
-825
-1288
-915
180
982
729
-32
-113
627
1390
1509
1284
1281
1387
1323
1171
1409
1960
2055
1467
804
798
1364
1764
1350
371
-71
321
638
208
-395
-599
-644
-849
-1298
-1582
-1394
-1235
-1761
-2554
-2509
-1893
-1770
-2204
-2600
-2553
-2206
-1903
-1905
-1999
-1710
-1348
-1335
-1318
-939
-411
-121
-146
-208
43
643
1022
928
921
1250
1563
1594
1616
1944
2367
2502
2292
2163
2441
2873
3090
3002
2954
3240
3679
3583
2689
2035
2708
4287
4675
2957
1026
1170
3083
3899
2514
884
804
1598
1328
243
9
717
815
-627
-2044
-1829
-602
-167
-1332
-2769
-3013
-2244
-1689
-2088
-2733
-2772
-2478
-2607
-3175
-3134
-2116
-1460
-2164
-3304
-3187
-1852
-1012
-1419
-2193
-2182
-1509
-1182
-1289
-1204
-719
-437
-777
-1151
-912
-76
552
284
-395
-527
146
816
834
595
609
833
811
603
799
1361
1619
1171
536
520
1112
1584
1360
640
143
214
557
740
505
30
-382
-629
-675
-594
-474
-624
-1176
-1673
-1723
-1347
-1087
-1316
-1795
-2077
-1904
-1602
-1465
-1449
-1523
-1567
-1577
-1407
-1015
-687
-590
-799
-896
-563
-63
301
323
217
270
530
912
1146
1219
1265
1289
1444
1738
1959
2067
2044
2122
2399
2664
2990
3175
3363
3469
2949
2430
2680
4005
4955
3921
2077
1428
2855
4311
3631
1971
1249
1911
2159
1209
636
960
1291
364
-1201
-1563
-732
-14
-640
-2062
-2743
-2449
-1866
-1928
-2515
-2787
-2707
-2773
-3257
-3439
-2716
-1947
-2263
-3390
-3784
-2834
-1761
-1766
-2464
-2724
-2288
-1824
-1749
-1649
-1235
-888
-1039
-1421
-1235
-411
388
483
-41
-257
249
1025
1350
1223
1201
1321
1385
1343
1502
1981
2207
1844
1234
1096
1531
1892
1787
1290
869
720
618
492
440
435
117
-595
-1164
-1157
-726
-605
-1259
-2108
-2264
-1816
-1576
-1858
-2262
-2447
-2457
-2386
-2311
-2145
-1910
-1929
-2189
-2206
-1732
-1164
-959
-1079
-1186
-965
-416
60
205
228
345
555
850
1149
1420
1612
1720
1728
1685
1966
2440
2676
2543
2211
2365
2929
3279
3214
3035
3411
3686
3138
2390
2360
3594
4548
3669
1747
840
2140
3557
3087
1450
419
879
1289
641
-111
-3
503
-249
-1862
-2379
-1423
-427
-899
-2409
-3330
-2928
-1998
-1851
-2549
-2979
-2796
-2649
-2922
-3157
-2605
-1751
-1750
-2657
-3247
-2406
-1090
-869
-1548
-2004
-1628
-1044
-862
-760
-525
-248
-324
-726
-669
-13
716
800
159
-255
48
744
1133
881
662
737
848
824
764
1135
1510
1314
767
440
826
1376
1442
1061
546
462
638
666
590
438
325
-1
-488
-650
-474
-215
-468
-1211
-1663
-1506
-1045
-1012
-1474
-1887
-1999
-1826
-1692
-1666
-1644
-1676
-1798
-1953
-1799
-1292
-886
-948
-1325
-1379
-884
-267
-36
-215
-269
-6
324
513
596
778
952
946
954
1141
1525
1774
1632
1544
1736
2092
2298
2279
2469
2741
2999
3187
3034
2773
2453
2750
3886
4435
3444
1594
1319
3020
4059
3039
1154
798
1754
1799
747
77
677
963
-353
-1735
-1668
-579
-201
-1240
-2523
-2913
-2316
-1740
-2040
-2709
-3005
-2827
-2725
-3075
-3201
-2578
-1916
-2314
-3407
-3460
-2213
-1296
-1643
-2450
-2455
-1766
-1315
-1327
-1319
-921
-574
-722
-924
-618
174
780
659
165
45
694
1491
1623
1303
1221
1552
1757
1618
1652
2051
2328
2028
1468
1352
1762
2141
1963
1399
1031
1021
1079
978
725
421
105
-180
-441
-675
-799
-947
-1285
-1684
-1902
-1927
-1961
-2057
-2183
-2351
-2456
-2463
-2386
-2289
-2260
-2312
-2406
-2325
-2056
-1837
-1718
-1660
-1586
-1437
-1177
-841
-637
-518
-389
-204
127
483
700
738
814
1018
1227
1464
1686
1826
1878
1937
2028
2157
2362
2431
2468
2615
2799
2930
2981
3189
3278
3019
2594
2338
2996
4073
4040
2434
893
1481
3215
3585
2027
401
648
1640
1279
-14
-316
597
538
-1072
-2242
-1763
-569
-494
-1773
-2933
-2905
-2080
-1786
-2301
-2778
-2713
-2405
-2492
-2909
-2843
-1940
-1309
-1962
-2975
-2702
-1374
-772
-1332
-1954
-1768
-1135
-871
-969
-875
-436
-220
-572
-821
-364
397
797
559
100
105
700
1311
1248
926
993
1205
1204
1066
1227
1570
1604
1219
731
751
1267
1526
1196
717
557
667
740
693
519
254
32
-279
-537
-446
-284
-517
-1238
-1728
-1603
-1318
-1314
-1768
-2198
-2229
-2118
-2142
-2271
-2250
-2220
-2450
-2645
-2557
-2235
-1932
-1986
-2197
-2208
-1840
-1348
-1171
-1145
-1052
-776
-389
-152
46
320
658
857
918
1169
1518
1827
1950
1909
1983
2246
2579
2586
2480
2603
2758
2933
3007
3074
3220
3380
3683
3643
3267
2749
2481
3404
4482
4124
2211
901
2030
3576
3424
1615
280
893
1547
908
-254
-235
619
17
-1607
-2424
-1722
-652
-968
-2294
-3283
-3076
-2207
-2076
-2586
-2957
-2914
-2650
-2779
-3008
-2653
-1815
-1404
-2174
-2881
-2167
-856
-412
-1050
-1514
-1066
-455
-277
-385
-184
395
491
85
-54
456
1254
1442
1021
575
660
1358
1729
1443
1062
1086
1330
1190
952
1087
1407
1398
822
288
353
768
878
457
-66
-252
-161
-97
-171
-389
-588
-830
-1154
-1366
-1341
-1093
-1093
-1583
-2141
-2251
-1852
-1520
-1624
-1985
-2249
-2143
-1863
-1692
-1666
-1697
-1733
-1809
-1775
-1494
-1106
-906
-1030
-1235
-1081
-557
-90
-25
-193
-158
108
443
672
799
935
1039
1116
1155
1341
1671
1791
1689
1543
1597
1806
1910
1924
1760
1679
1789
1832
1906
1939
2021
2087
2179
2475
2502
2297
1916
1603
2083
3057
3397
2151
643
1002
2589
3303
2038
363
420
1469
1525
279
-286
547
726
-514
-1660
-1358
-247
-60
-1124
-2264
-2304
-1444
-1059
-1532
-2088
-2170
-1830
-1694
-2063
-2266
-1725
-1044
-1393
-2370
-2360
-1327
-625
-1035
-1831
-1810
-1177
-778
-926
-1098
-812
-540
-635
-821
-698
-155
288
192
-236
-386
112
702
705
290
123
411
609
455
384
589
777
591
188
70
359
652
496
99
-80
-1
155
174
24
-144
-194
-228
-489
-637
-490
-412
-578
-943
-1157
-1129
-969
-925
-1215
-1430
-1453
-1437
-1326
-1250
-1330
-1549
-1634
-1532
-1494
-1365
-1229
-1291
-1384
-1357
-1130
-849
-630
-593
-687
-545
-195
89
284
416
464
537
760
1077
1285
1372
1402
1407
1521
1705
1844
1877
1820
1791
1834
1937
2012
2012
2034
2067
2111
2170
2282
2550
2805
2808
2527
2190
2034
2393
3297
3684
2714
1259
1162
2543
3421
2553
945
615
1529
1684
633
-8
600
898
-226
-1390
-1277
-309
8
-932
-2006
-2223
-1665
-1290
-1567
-1960
-2188
-2109
-1995
-2241
-2393
-1990
-1403
-1617
-2490
-2576
-1683
-964
-1203
-1902
-1972
-1444
-1087
-1168
-1274
-1029
-838
-1039
-1252
-1109
-609
-187
-278
-708
-905
-468
135
202
-87
-164
81
256
178
191
481
701
518
132
97
496
794
679
331
112
205
382
411
279
161
155
34
-192
-295
-222
-129
-329
-731
-954
-896
-774
-922
-1205
-1347
-1384
-1403
-1505
-1541
-1469
-1501
-1663
-1823
-1735
-1475
-1365
-1484
-1687
-1656
-1358
-1100
-1020
-1041
-986
-798
-580
-388
-217
-12
187
236
299
595
934
1103
1107
1146
1311
1509
1691
1747
1785
1945
1990
1963
2036
2203
2361
2351
2357
2403
2525
2756
2801
2831
2998
3173
3211
2956
2651
2488
2805
3555
3605
2524
1293
1327
2533
3019
1931
466
301
1105
997
-96
-647
-174
-4
-1067
-2145
-1956
-1030
-878
-1938
-2940
-2880
-2201
-1879
-2228
-2685
-2743
-2503
-2391
-2587
-2616
-2114
-1649
-1904
-2509
-2418
-1514
-893
-1196
-1767
-1688
-1052
-704
-825
-847
-556
-327
-467
-636
-397
123
478
320
-101
-130
333
779
762
452
382
550
626
507
424
617
741
492
123
16
266
466
348
46
-209
-170
-17
-27
-131
-215
-229
-323
-503
-529
-422
-373
-554
-878
-953
-782
-660
-749
-1012
-1156
-1142
-1035
-910
-938
-970
-982
-1027
-1017
-962
-773
-645
-732
-840
-859
-628
-363
-290
-290
-280
-96
128
296
469
530
622
755
846
971
1085
1238
1271
1210
1290
1369
1437
1456
1394
1374
1365
1398
1375
1350
1481
1471
1390
1448
1575
1699
1685
1736
1880
2053
2207
2037
1927
2113
2132
1934
1954
2510
2657
1746
903
1193
2322
2544
1210
107
491
1365
972
-213
-440
91
72
-858
-1592
-1256
-653
-802
-1674
-2292
-2088
-1605
-1453
-1828
-2317
-2313
-1893
-1737
-2067
-2206
-1738
-1340
-1662
-2156
-1962
-1180
-829
-1314
-1762
-1510
-949
-778
-1009
-1058
-824
-612
-620
-765
-649
-308
-77
-193
-502
-442
-54
232
147
-113
-72
156
288
251
191
352
464
326
164
232
505
603
461
289
228
373
506
456
381
361
342
252
169
190
178
154
61
-164
-279
-248
-180
-248
-411
-499
-566
-540
-502
-553
-590
-643
-709
-768
-737
-635
-645
-698
-783
-831
-701
-520
-429
-513
-570
-460
-301
-166
-148
-145
-65
3
38
79
197
296
294
303
370
445
488
518
566
623
654
645
672
808
951
992
989
1093
1305
1462
1499
1578
1847
2120
2072
1906
2095
2497
2422
1903
1943
2715
3035
2095
998
1373
2617
2687
1238
242
914
1691
1069
-118
-309
386
418
-540
-1309
-1092
-499
-673
-1477
-2040
-1979
-1561
-1505
-1979
-2482
-2418
-1948
-1968
-2459
-2587
-2106
-1737
-2089
-2569
-2377
-1690
-1374
-1778
-2149
-1877
-1347
-1163
-1327
-1372
-1123
-823
-719
-815
-771
-413
-88
-112
-279
-180
196
476
467
365
450
718
866
824
822
955
1084
1058
972
961
1064
1173
1126
987
936
979
1016
950
843
770
730
684
548
417
375
346
228
29
-144
-237
-250
-264
-403
-630
-802
-859
-856
-928
-1088
-1245
-1338
-1396
-1483
-1517
-1476
-1495
-1643
-1771
-1673
-1428
-1324
-1406
-1473
-1361
-1122
-932
-832
-788
-701
-551
-405
-251
-85
83
181
221
327
499
696
832
849
849
932
1084
1206
1272
1341
1406
1453
1518
1610
1768
1947
2001
1955
1999
2218
2331
2243
2324
2624
2616
2034
1686
2313
3097
2673
1292
801
1856
2691
1807
344
258
1212
1250
55
-716
-215
358
-245
-1392
-1681
-1027
-637
-1188
-1998
-2194
-1779
-1454
-1713
-2219
-2301
-1876
-1631
-1982
-2330
-2019
-1385
-1293
-1805
-2042
-1517
-874
-873
-1285
-1339
-903
-538
-578
-739
-602
-251
-78
-213
-306
-54
316
405
188
52
280
634
695
487
411
595
757
710
599
634
783
829
689
565
638
809
830
668
537
571
682
700
584
479
483
504
426
284
218
251
257
106
-124
-233
-177
-137
-276
-510
-634
-630
-671
-811
-913
-944
-1030
-1205
-1352
-1336
-1244
-1275
-1466
-1618
-1581
-1439
-1360
-1400
-1452
-1401
-1275
-1167
-1094
-983
-836
-761
-729
-622
-412
-217
-133
-120
-54
116
268
336
388
481
561
602
636
721
880
1029
1055
1015
1116
1353
1544
1600
1621
1744
1986
2193
2196
2095
2190
2570
2872
2691
2163
2035
2654
3227
2808
1778
1472
2187
2689
2049
983
786
1347
1381
514
-202
-13
371
3
-882
-1331
-1011
-667
-1017
-1748
-2046
-1758
-1515
-1740
-2159
-2247
-1939
-1743
-1988
-2282
-2078
-1591
-1467
-1755
-1926
-1633
-1167
-1033
-1251
-1343
-1029
-672
-639
-767
-683
-358
-121
-163
-293
-168
201
406
282
137
283
586
733
655
563
665
858
918
843
828
936
1026
1001
931
916
973
1022
994
920
862
851
845
800
711
623
573
513
379
231
163
125
-19
-252
-398
-387
-416
-664
-967
-1059
-981
-1043
-1333
-1605
-1642
-1559
-1616
-1833
-1988
-1949
-1871
-1944
-2095
-2108
-1949
-1841
-1918
-2027
-1914
-1623
-1468
-1535
-1557
-1340
-1035
-879
-863
-789
-571
-333
-192
-127
0
197
361
446
515
651
856
1028
1073
1098
1233
1429
1558
1618
1704
1836
1954
2044
2128
2241
2410
2557
2610
2586
2577
2693
2927
3041
2863
2598
2565
2732
2814
2653
2340
2063
1905
1836
1719
1471
1117
768
516
300
35
-266
-493
-691
-1013
-1391
-1606
-1620
-1662
-1881
-2149
-2296
-2279
-2239
-2258
-2288
-2266
-2222
-2208
-2159
-2018
-1826
-1673
-1612
-1586
-1472
-1245
-1009
-869
-801
-709
-562
-395
-236
-85
26
121
210
300
422
548
640
701
769
818
846
889
947
1020
1049
1011
960
950
1006
1033
978
890
818
769
728
669
582
485
388
270
151
63
-6
-101
-240
-386
-503
-602
-705
-812
-907
-1010
-1172
-1350
-1428
-1409
-1454
-1636
-1837
-1898
-1824
-1798
-1916
-2062
-2086
-2008
-1977
-2028
-2033
-1946
-1867
-1861
-1852
-1711
-1492
-1371
-1368
-1322
-1118
-859
-690
-628
-546
-364
-141
53
180
281
412
573
720
817
913
1043
1156
1195
1214
1305
1452
1536
1529
1528
1612
1721
1770
1800
1870
1957
1997
2003
2046
2137
2227
2277
2281
2240
2226
2291
2391
2385
2242
2113
2105
2119
1998
1795
1686
1647
1487
1179
955
931
890
632
254
21
-20
-70
-280
-573
-773
-854
-917
-1047
-1223
-1339
-1354
-1357
-1448
-1572
-1581
-1468
-1400
-1466
-1533
-1456
-1302
-1214
-1215
-1187
-1059
-929
-869
-822
-715
-582
-494
-464
-426
-321
-196
-125
-132
-133
-50
67
108
71
64
142
232
229
177
198
292
338
279
215
255
344
357
268
190
210
261
253
171
112
106
90
38
-18
-44
-76
-157
-250
-283
-287
-360
-503
-586
-565
-557
-686
-860
-911
-863
-851
-965
-1104
-1157
-1137
-1137
-1185
-1229
-1254
-1261
-1271
-1274
-1252
-1201
-1145
-1133
-1152
-1108
-981
-853
-807
-798
-719
-561
-426
-381
-318
-180
-32
46
83
175
308
413
480
543
619
707
798
895
982
1049
1111
1208
1318
1395
1458
1530
1613
1679
1736
1808
1873
1918
1965
2002
2028
2060
2105
2129
2103
2075
2103
2144
2086
1952
1924
2029
2025
1800
1578
1597
1707
1584
1243
1005
1010
1003
763
428
237
181
42
-238
-498
-645
-737
-905
-1150
-1354
-1460
-1524
-1649
-1824
-1957
-1990
-1987
-2040
-2130
-2163
-2093
-2013
-1998
-2009
-1941
-1789
-1649
-1576
-1533
-1422
-1231
-1055
-951
-887
-778
-609
-456
-358
-303
-224
-104
0
64
84
126
213
302
326
290
289
353
431
433
364
329
352
389
396
363
307
263
240
231
208
140
61
1
-54
-142
-236
-283
-314
-413
-585
-711
-709
-684
-773
-963
-1116
-1119
-1054
-1080
-1212
-1330
-1323
-1251
-1224
-1256
-1264
-1198
-1124
-1087
-1058
-962
-828
-743
-711
-654
-520
-348
-229
-182
-125
10
193
320
366
417
545
701
791
820
880
1004
1107
1122
1122
1197
1314
1353
1295
1252
1305
1390
1388
1293
1205
1217
1256
1229
1132
1062
1061
1059
1002
916
891
908
887
804
724
717
747
740
686
618
582
592
611
600
549
498
492
504
484
425
405
424
417
336
243
242
299
294
175
36
-2
62
83
-32
-200
-277
-241
-215
-314
-464
-528
-516
-523
-606
-703
-737
-738
-768
-821
-855
-875
-882
-894
-891
-879
-883
-875
-843
-805
-771
-737
-690
-633
-573
-524
-465
-392
-340
-290
-226
-161
-112
-74
-39
13
53
70
97
118
129
124
119
122
116
89
49
29
1
-38
-90
-138
-183
-225
-273
-332
-386
-443
-472
-507
-562
-623
-650
-653
-664
-697
-719
-693
-665
-659
-647
-599
-540
-500
-478
-425
-337
-254
-204
-156
-87
12
112
180
250
323
419
529
618
678
742
839
950
1040
1093
1146
1220
1305
1394
1462
1487
1510
1551
1612
1667
1663
1616
1600
1634
1651
1576
1455
1406
1435
1412
1243
1030
939
976
944
694
407
298
321
256
3
-260
-365
-389
-496
-710
-878
-926
-980
-1129
-1295
-1355
-1339
-1374
-1484
-1584
-1581
-1511
-1497
-1531
-1536
-1467
-1372
-1329
-1306
-1239
-1118
-1003
-950
-910
-818
-671
-558
-518
-483
-412
-299
-218
-190
-174
-127
-59
-24
-24
-16
23
55
64
48
48
78
104
113
101
108
132
145
148
153
176
214
216
197
198
253
301
282
241
236
295
338
307
240
220
274
291
224
151
127
149
115
23
-57
-82
-73
-130
-241
-319
-336
-347
-412
-506
-561
-554
-559
-623
-700
-715
-669
-648
-704
-769
-751
-673
-632
-664
-695
-657
-575
-529
-537
-540
-486
-401
-355
-338
-307
-239
-164
-115
-73
-16
54
124
177
247
325
388
434
485
576
667
721
744
769
832
913
962
978
978
999
1028
1057
1072
1066
1047
1013
1009
1016
995
947
890
850
834
811
752
672
614
584
545
488
415
344
297
257
203
130
57
10
-23
-60
-113
-181
-219
-226
-239
-264
-310
-329
-320
-308
-323
-346
-328
-294
-276
-286
-284
-250
-207
-199
-199
-186
-144
-116
-129
-124
-96
-54
-45
-62
-65
-30
13
5
-17
-12
15
35
23
13
27
36
30
3
7
35
45
17
-16
-3
19
21
1
-3
3
7
7
5
20
28
18
8
19
43
43
18
0
20
47
39
6
-20
-9
16
-2
-46
-66
-50
-35
-59
-91
-95
-75
-67
-87
-104
-90
-61
-57
-82
-84
-53
-16
-8
-31
-44
-17
22
40
21
-1
15
54
75
62
48
46
79
115
119
113
105
124
161
197
204
193
189
207
233
247
240
225
216
212
216
209
200
179
137
115
114
109
83
28
-20
-30
-28
-54
-109
-159
-174
-174
-199
-252
-298
-314
-311
-331
-375
-418
-433
-431
-439
-458
-485
-494
-493
-487
-483
-483
-481
-472
-463
-454
-437
-420
-404
-387
-378
-357
-323
-294
-276
-259
-233
-195
-160
-139
-124
-92
-49
-17
-10
0
38
82
106
103
98
127
175
195
178
163
174
205
221
202
187
187
206
216
198
182
185
200
208
197
187
195
220
226
217
219
243
273
284
283
296
328
362
371
371
386
411
431
428
426
435
449
453
443
431
432
432
417
402
397
383
348
315
301
293
264
196
140
127
121
66
-30
-105
-122
-132
-204
-307
-383
-409
-422
-486
-575
-629
-652
-667
-702
-747
-774
-782
-791
-791
-777
-765
-755
-752
-718
-659
-610
-590
-569
-509
-426
-361
-330
-291
-213
-127
-72
-38
9
87
160
194
216
252
316
369
380
379
397
434
461
453
427
421
428
426
399
354
319
302
277
237
190
146
115
80
39
-2
-33
-67
-106
-142
-166
-189
-211
-236
-264
-267
-271
-277
-287
-287
-272
-268
-263
-249
-223
-199
-184
-171
-142
-96
-55
-31
-11
27
81
131
158
186
224
269
318
358
390
419
451
495
545
576
593
610
645
690
716
711
704
721
745
744
724
701
695
689
656
620
585
554
509
453
396
349
295
226
155
93
40
-31
-101
-164
-216
-270
-334
-388
-429
-460
-509
-569
-597
-599
-611
-651
-695
-695
-664
-656
-693
-724
-706
-654
-632
-654
-669
-638
-578
-539
-536
-537
-493
-424
-374
-354
-333
-278
-213
-159
-133
-107
-52
15
57
68
93
141
197
230
229
239
282
331
348
339
341
379
414
424
412
403
425
454
447
421
404
409
414
391
356
323
306
291
256
206
169
142
108
66
13
-28
-56
-89
-134
-177
-211
-230
-255
-285
-312
-332
-339
-347
-354
-358
-357
-350
-340
-321
-303
-278
-257
-230
-197
-160
-123
-98
-62
-18
26
58
84
117
156
198
219
235
253
286
315
324
324
327
349
365
359
349
351
358
365
352
331
327
327
318
293
261
254
243
218
182
147
126
108
75
27
-15
-43
-68
-108
-155
-194
-225
-254
-289
-331
-363
-382
-407
-434
-461
-478
-490
-507
-523
-530
-535
-538
-541
-542
-541
-526
-512
-501
-487
-468
-444
-418
-386
-360
-333
-293
-257
-220
-177
-140
-98
-59
-16
20
56
94
121
148
177
212
238
252
269
287
302
316
320
326
339
345
347
348
359
364
365
368
374
386
388
383
382
391
401
396
382
375
376
379
363
339
325
317
310
282
245
217
201
173
129
86
52
21
-13
-55
-98
-134
-163
-195
-229
-265
-299
-321
-345
-364
-386
-404
-409
-415
-417
-416
-414
-408
-389
-373
-362
-345
-326
-298
-265
-243
-225
-197
-159
-122
-93
-73
-44
-2
33
59
78
97
127
156
166
176
190
214
234
242
238
240
258
268
264
252
246
249
250
236
216
206
203
191
167
147
126
108
89
63
30
7
-17
-50
-82
-111
-138
-169
-202
-235
-258
-280
-307
-334
-356
-367
-378
-395
-407
-409
-404
-397
-395
-385
-368
-343
-318
-297
-276
-245
-203
-167
-135
-103
-59
-13
32
64
94
133
179
221
246
273
303
344
377
396
409
429
458
474
483
486
493
503
511
504
501
500
497
488
472
464
455
443
419
391
374
358
332
301
272
250
226
197
169
139
119
94
57
25
2
-23
-54
-87
-122
-141
-153
-182
-216
-243
-257
-269
-290
-318
-341
-348
-354
-365
-384
-394
-392
-387
-384
-384
-384
-371
-353
-342
-329
-315
-295
-270
-246
-232
-209
-178
-154
-132
-113
-85
-59
-27
-12
-4
16
38
52
65
73
81
94
107
110
114
119
125
127
131
136
135
134
131
134
135
136
127
117
118
120
115
100
84
74
63
51
27
5
-9
-24
-45
-72
-90
-110
-127
-151
-177
-193
-204
-218
-238
-257
-269
-270
-275
-281
-290
-291
-282
-276
-270
-270
-262
-244
-230
-215
-202
-187
-163
-142
-118
-100
-81
-57
-36
-15
8
34
47
70
91
110
133
152
166
180
199
215
228
237
240
246
258
261
265
263
270
269
270
271
266
255
248
244
234
226
211
199
188
175
162
147
126
111
94
74
55
33
13
-12
-29
-52
-73
-93
-115
-136
-154
-171
-184
-199
-216
-227
-236
-241
-247
-257
-258
-259
-255
-252
-244
-236
-231
-220
-208
-192
-181
-165
-147
-132
-114
-95
-78
-59
-39
-21
-2
14
33
52
67
83
101
122
134
153
170
185
202
216
233
244
251
261
274
282
286
287
288
286
288
285
274
263
251
244
229
216
194
177
163
141
120
95
69
50
31
8
-15
-39
-58
-79
-98
-123
-143
-165
-178
-189
-206
-222
-234
-242
-248
-256
-268
-274
-278
-275
-272
-270
-270
-263
-256
-241
-233
-224
-206
-189
-171
-152
-128
-109
-82
-61
-33
-10
18
43
67
90
116
145
170
189
208
228
249
266
279
295
302
317
326
333
338
339
343
342
341
331
323
312
295
278
260
244
224
195
171
140
114
87
52
14
-22
-53
-84
-118
-152
-186
-214
-236
-267
-292
-317
-338
-349
-365
-378
-386
-392
-396
-394
-391
-385
-375
-366
-351
-335
-312
-292
-270
-248
-224
-198
-170
-141
-117
-91
-60
-27
5
36
63
91
120
150
179
207
232
252
280
305
324
340
353
366
380
389
393
394
390
385
380
366
348
329
303
285
262
235
202
166
134
97
61
25
-18
-60
-99
-134
-167
-204
-240
-276
-308
-333
-359
-387
-412
-435
-455
-465
-477
-487
-496
-497
-495
-491
-484
-479
-469
-455
-439
-423
-399
-379
-351
-323
-294
-257
-223
-189
-158
-123
-83
-47
-6
27
62
99
138
175
200
232
259
289
317
339
353
371
383
395
408
410
413
409
406
402
395
382
366
351
334
315
293
272
243
220
194
169
140
111
81
50
23
-6
-33
-61
-85
-114
-133
-153
-175
-194
-215
-230
-238
-246
-257
-263
-265
-265
-258
-257
-249
-240
-229
-210
-190
-176
-160
-143
-125
-96
-78
-56
-32
-9
11
39
58
79
96
111
136
151
172
182
200
212
223
240
245
253
256
258
264
267
268
265
259
256
252
242
234
222
206
194
180
166
144
123
105
85
68
46
24
1
-21
-41
-60
-82
-103
-127
-144
-155
-171
-190
-205
-219
-230
-240
-245
-258
-262
-268
-271
-267
-266
-264
-263
-256
-246
-234
-228
-216
-209
-193
-177
-161
-145
-131
-110
-92
-66
-42
-25
-9
13
34
55
76
96
110
132
154
168
187
197
209
221
238
248
255
264
267
270
274
279
274
269
266
264
256
247
237
225
213
204
188
169
152
135
119
103
85
65
44
24
4
-16
-36
-57
-78
-95
-111
-126
-141
-159
-175
-187
-191
-203
-213
-221
-229
-231
-231
-231
-234
-234
-231
-225
-220
-217
-210
-201
-194
-183
-170
-158
-149
-132
-119
-107
-92
-80
-65
-54
-40
-24
-9
2
15
25
36
48
62
71
77
85
95
102
105
107
105
108
110
112
113
107
104
102
98
93
82
73
63
55
46
37
25
10
7
-5
-14
-26
-43
-55
-66
-72
-87
-98
-110
-119
-126
-139
-148
-152
-161
-167
-169
-175
-174
-173
-176
-171
-173
-165
-159
-155
-149
-141
-130
-116
-105
-94
-77
-65
-49
-29
-17
2
18
35
53
69
83
99
115
133
147
160
175
185
201
211
225
227
237
241
246
252
252
252
251
253
250
246
238
230
220
213
201
187
175
160
147
129
111
94
74
55
35
16
0
-19
-38
-56
-72
-87
-104
-121
-138
-153
-165
-172
-181
-192
-201
-208
-210
-211
-214
-214
-215
-214
-208
-206
-202
-197
-188
-178
-164
-153
-140
-125
-111
-93
-76
-63
-50
-35
-18
0
16
32
48
67
84
101
112
124
139
149
163
173
177
186
194
197
199
201
206
207
204
201
198
189
189
184
174
161
151
142
126
116
102
90
80
64
52
36
20
8
-3
-20
-35
-45
-55
-66
-76
-89
-97
-105
-108
-115
-120
-127
-129
-130
-133
-133
-134
-133
-135
-126
-123
-119
-112
-109
-104
-95
-88
-77
-66
-61
-48
-35
-25
-14
-7
2
12
21
38
48
59
74
84
92
105
117
121
131
139
144
153
156
156
157
155
159
158
149
143
140
137
130
119
108
97
88
78
66
52
37
20
10
-5
-23
-38
-52
-65
-78
-94
-108
-121
-137
-148
-158
-170
-180
-188
-196
-201
-206
-208
-209
-209
-208
-208
-204
-199
-196
-185
-175
-165
-153
-137
-124
-111
-94
-77
-60
-42
-28
-15
4
22
38
54
68
81
96
112
124
131
139
150
156
162
166
172
172
175
177
173
167
165
159
151
149
137
128
117
108
97
80
66
49
34
23
10
-6
-22
-37
-50
-64
-78
-95
-104
-117
-128
-136
-146
-151
-157
-163
-166
-169
-171
-171
-175
-174
-175
-170
-165
-161
-154
-153
-143
-134
-129
-120
-114
-107
-98
-84
-74
-68
-56
-39
-22
-13
-5
7
17
33
46
54
64
74
86
100
110
115
128
136
143
154
159
161
162
170
170
176
175
176
179
176
173
172
166
163
157
151
143
135
130
117
111
96
89
77
60
47
34
21
5
-5
-21
-40
-55
-67
-81
-95
-113
-124
-136
-146
-154
-164
-179
-187
-194
-196
-201
-206
-207
-210
-208
-204
-203
-198
-192
-184
-174
-161
-151
-140
-126
-109
-94
-82
-67
-52
-38
-20
0
14
28
45
58
76
92
101
113
120
133
142
154
163
165
170
173
176
176
176
168
166
164
159
158
148
136
131
121
115
102
94
79
65
57
46
34
19
6
-3
-8
-19
-30
-41
-46
-55
-61
-66
-74
-79
-80
-86
-88
-88
-89
-92
-92
-90
-86
-78
-81
-74
-65
-60
-55
-48
-45
-37
-29
-15
-6
4
11
20
31
40
47
51
60
65
74
86
89
90
99
101
107
111
113
111
111
114
112
117
114
110
109
102
102
97
91
86
85
78
71
69
56
45
39
27
22
9
-2
-10
-23
-34
-43
-53
-66
-79
-90
-100
-113
-123
-134
-142
-153
-156
-165
-174
-181
-185
-190
-191
-191
-196
-195
-191
-185
-185
-181
-175
-170
-162
-150
-138
-129
-115
-105
-89
-77
-66
-52
-39
-24
-9
8
25
39
55
68
85
95
109
120
130
139
150
157
163
168
170
177
179
181
179
178
172
169
165
153
146
139
126
122
110
99
87
72
62
49
36
21
7
-9
-19
-33
-42
-55
-64
-76
-83
-88
-99
-103
-109
-111
-116
-115
-118
-122
-118
-116
-109
-107
-102
-96
-92
-82
-73
-65
-52
-43
-34
-22
-9
0
13
19
30
43
49
57
64
71
79
85
89
92
93
94
96
101
99
96
94
89
86
82
73
64
61
53
41
39
29
24
17
8
3
-10
-19
-30
-37
-44
-53
-59
-68
-76
-83
-88
-91
-99
-101
-110
-114
-113
-118
-117
-118
-117
-115
-116
-114
-110
-107
-105
-101
-95
-89
-87
-82
-74
-67
-60
-51
-43
-40
-29
-18
-12
-4
2
10
20
30
37
47
53
62
70
77
86
91
98
105
110
116
120
129
129
135
141
144
144
146
149
153
151
148
150
146
143
140
139
132
126
124
118
110
106
99
91
84
72
61
55
43
32
25
11
6
-9
-17
-27
-36
-45
-54
-63
-71
-79
-87
-93
-99
-105
-110
-114
-115
-115
-115
-117
-117
-114
-112
-109
-104
-97
-92
-85
-77
-72
-63
-53
-45
-38
-31
-18
-12
-2
9
15
27
34
39
49
53
60
65
66
70
70
74
76
74
76
73
72
67
64
63
54
47
43
37
28
19
14
5
-5
-11
-21
-31
-37
-45
-53
-62
-72
-76
-86
-95
-100
-103
-108
-114
-114
-117
-120
-118
-122
-122
-118
-121
-117
-115
-112
-110
-106
-102
-100
-96
-90
-87
-83
-72
-68
-58
-51
-42
-35
-32
-22
-18
-10
-1
7
15
18
29
34
37
47
50
59
65
70
75
82
84
89
94
95
102
101
105
106
103
106
105
107
106
102
101
99
95
94
89
85
76
67
61
49
46
36
26
21
8
0
-8
-23
-29
-39
-47
-55
-67
-71
-81
-90
-96
-102
-108
-115
-118
-125
-126
-129
-133
-132
-131
-132
-135
-128
-127
-122
-114
-105
-99
-91
-86
-79
-63
-55
-43
-31
-20
-10
3
16
29
41
52
62
72
81
96
105
117
123
131
139
141
148
151
154
159
156
158
156
152
148
141
138
129
125
118
110
101
89
79
69
56
48
34
23
11
-1
-15
-26
-39
-50
-55
-71
-77
-84
-94
-101
-108
-113
-117
-120
-122
-124
-126
-127
-126
-124
-122
-118
-111
-105
-97
-90
-85
-77
-68
-61
-52
-45
-34
-25
-15
-4
6
12
21
30
36
44
53
63
65
73
79
85
90
94
97
100
100
100
102
101
102
100
99
96
91
91
88
81
79
69
63
60
51
44
37
29
26
16
12
7
-3
-8
-16
-21
-28
-31
-37
-45
-48
-57
-59
-61
-69
-69
-72
-76
-75
-77
-78
-78
-78
-79
-79
-79
-73
-69
-69
-62
-57
-58
-50
-47
-40
-34
-27
-19
-15
-8
-1
5
13
23
28
35
42
51
58
64
72
75
81
85
88
94
95
98
99
97
103
100
100
95
92
90
86
80
76
70
61
56
48
40
34
24
15
7
-7
-17
-28
-39
-47
-58
-65
-72
-83
-92
-102
-109
-118
-121
-128
-132
-132
-137
-137
-138
-139
-138
-140
-137
-135
-130
-124
-116
-109
-101
-92
-87
-76
-66
-55
-46
-31
-23
-11
2
11
19
30
38
47
58
64
74
79
86
93
98
102
108
106
108
111
106
110
107
103
102
96
95
88
81
76
68
61
54
45
38
29
20
10
3
-6
-13
-18
-29
-37
-40
-52
-56
-59
-64
-67
-74
-72
-77
-82
-81
-82
-86
-80
-79
-78
-72
-70
-69
-64
-56
-54
-47
-43
-38
-30
-23
-17
-8
0
7
11
19
26
35
43
47
57
61
69
76
82
86
91
98
101
102
107
111
108
110
110
110
110
107
104
100
96
93
87
81
72
66
59
48
39
34
26
13
6
-4
-17
-24
-37
-47
-59
-65
-73
-83
-91
-101
-110
-120
-126
-133
-139
-143
-149
-150
-154
-157
-158
-158
-156
-153
-151
-149
-140
-130
-126
-120
-112
-103
-91
-79
-66
-58
-45
-37
-23
-9
0
18
29
40
53
63
75
84
96
106
115
120
125
132
136
143
145
147
150
150
150
146
144
139
137
130
119
114
106
97
90
80
67
57
45
32
21
9
1
-8
-19
-32
-42
-50
-59
-66
-74
-83
-87
-93
-100
-106
-109
-110
-112
-113
-108
-108
-106
-105
-102
-98
-91
-87
-82
-69
-63
-51
-43
-40
-26
-18
-13
-1
8
18
29
35
43
55
60
68
78
82
89
91
95
97
98
100
100
101
101
100
99
93
92
89
84
80
72
65
63
50
43
39
30
23
17
8
-1
-10
-19
-26
-31
-38
-49
-54
-60
-70
-73
-80
-88
-92
-92
-98
-101
-104
-105
-107
-107
-104
-105
-104
-101
-98
-96
-94
-88
-85
-84
-79
-75
-71
-60
-55
-49
-38
-32
-25
-18
-11
-6
0
8
16
22
28
35
41
49
53
61
67
73
76
81
83
85
88
90
94
93
97
98
98
97
94
91
88
85
81
75
74
68
63
59
50
47
40
33
27
17
14
6
-1
-8
-15
-22
-29
-34
-42
-47
-54
-60
-62
-65
-67
-69
-72
-72
-75
-75
-77
-74
-75
-74
-72
-69
-63
-62
-55
-52
-44
-39
-31
-26
-21
-14
-9
1
7
10
19
24
32
40
43
47
52
60
60
64
66
69
72
73
73
74
74
76
71
70
68
64
64
55
55
50
44
39
34
27
23
19
13
10
3
-4
-9
-17
-21
-27
-31
-36
-38
-44
-47
-50
-55
-55
-58
-62
-61
-63
-66
-66
-65
-63
-64
-64
-64
-60
-58
-54
-53
-51
-50
-46
-43
-35
-35
-31
-26
-21
-17
-12
-6
-3
0
5
9
11
13
19
25
30
34
37
41
42
45
48
53
52
52
56
56
55
56
58
53
54
58
52
55
50
46
47
43
42
39
33
29
26
23
19
17
12
7
3
-2
-3
-10
-13
-17
-21
-23
-26
-32
-36
-39
-41
-41
-47
-45
-46
-49
-46
-47
-48
-49
-48
-48
-46
-46
-44
-42
-39
-36
-32
-27
-27
-20
-17
-10
-7
-4
3
6
9
12
17
20
23
28
31
35
38
38
39
43
47
48
48
54
49
49
53
51
48
48
44
42
42
39
36
33
31
26
23
18
12
8
2
-3
-8
-10
-13
-18
-23
-29
-30
-34
-41
-41
-45
-50
-50
-51
-49
-54
-55
-57
-60
-55
-56
-52
-50
-52
-49
-49
-47
-46
-42
-36
-36
-32
-28
-24
-21
-16
-12
-12
-8
-1
3
5
13
14
17
23
26
28
31
32
29
33
37
37
39
40
42
44
42
47
41
40
42
38
36
36
36
35
32
29
28
27
25
23
22
19
17
15
11
8
5
3
1
-3
-7
-8
-8
-11
-13
-18
-18
-23
-23
-21
-26
-29
-30
-30
-33
-33
-36
-37
-35
-32
-32
-32
-33
-35
-30
-29
-30
-25
-24
-21
-17
-12
-6
-9
-5
1
0
5
7
9
15
14
19
23
23
29
33
33
37
40
41
44
45
43
42
45
47
42
42
40
38
35
34
33
30
26
24
20
15
12
8
11
5
-3
-5
-10
-12
-16
-19
-23
-29
-30
-34
-35
-36
-41
-42
-45
-45
-47
-49
-47
-52
-51
-46
-49
-48
-47
-44
-46
-40
-38
-35
-31
-30
-26
-23
-21
-15
-11
-11
-7
-2
1
5
14
12
15
22
22
25
32
31
32
40
40
40
42
46
46
46
47
47
46
48
50
50
47
45
45
44
39
37
36
33
31
28
24
24
21
16
18
10
5
-1
-5
-9
-12
-14
-20
-23
-28
-32
-38
-39
-41
-42
-45
-48
-47
-51
-53
-56
-54
-56
-56
-52
-56
-54
-55
-51
-48
-47
-43
-41
-34
-29
-26
-19
-17
-12
-8
-3
2
5
10
13
20
25
30
32
36
40
44
43
51
54
56
56
57
60
59
57
57
58
56
55
52
48
45
44
43
37
33
31
24
20
14
10
5
1
-4
-7
-13
-16
-23
-27
-29
-37
-39
-44
-47
-50
-50
-55
-59
-56
-59
-59
-59
-57
-56
-54
-52
-54
-52
-47
-45
-43
-39
-35
-30
-27
-24
-20
-15
-12
-8
0
1
4
9
12
16
24
27
28
34
38
40
43
43
46
49
50
54
50
51
52
51
54
52
50
49
45
42
40
35
33
30
26
21
17
16
13
9
7
2
-3
-6
-8
-14
-21
-21
-27
-32
-33
-36
-40
-42
-41
-46
-48
-47
-47
-50
-49
-48
-48
-48
-45
-44
-44
-40
-40
-35
-35
-29
-26
-25
-18
-15
-11
-10
-5
-1
2
7
9
13
19
22
25
29
32
34
36
39
44
45
46
47
47
48
46
46
48
46
42
42
39
39
37
32
29
29
21
20
17
12
12
6
2
-2
-6
-15
-15
-20
-22
-23
-29
-29
-33
-32
-37
-40
-38
-41
-43
-39
-43
-43
-42
-42
-42
-40
-38
-38
-32
-30
-28
-27
-25
-21
-19
-16
-9
-7
-4
-3
1
3
5
11
12
16
19
24
29
30
32
35
35
33
34
34
34
37
38
35
36
34
35
33
29
30
30
27
20
20
18
16
9
6
6
0
1
-2
-7
-6
-10
-13
-16
-15
-18
-21
-23
-25
-26
-28
-27
-30
-28
-28
-31
-30
-29
-28
-27
-28
-26
-22
-22
-19
-20
-15
-16
-16
-10
-7
-6
-5
-1
2
2
3
5
7
8
11
14
13
17
20
22
23
27
28
27
29
29
32
30
35
36
37
35
37
35
34
33
31
32
29
31
28
26
24
26
20
17
18
14
11
8
9
1
-2
-4
-10
-14
-14
-19
-24
-24
-27
-32
-32
-33
-36
-40
-40
-41
-46
-45
-49
-49
-48
-51
-53
-55
-51
-51
-50
-50
-46
-44
-44
-39
-39
-34
-31
-30
-25
-23
-19
-14
-14
-9
-2
-2
-1
6
7
13
16
20
23
27
28
30
34
33
38
37
42
41
41
41
37
40
39
37
39
37
39
37
34
33
29
31
27
23
21
18
13
11
7
4
4
-2
-3
-8
-13
-15
-18
-21
-23
-27
-30
-31
-32
-35
-35
-36
-37
-40
-40
-38
-37
-37
-39
-35
-37
-36
-38
-34
-33
-32
-28
-26
-25
-22
-15
-13
-11
-3
-2
4
7
9
13
14
21
19
28
29
33
41
42
42
47
52
50
53
54
55
57
56
61
57
58
61
59
58
55
54
50
49
48
46
43
39
37
31
25
21
19
9
4
-1
-7
-10
-18
-24
-23
-32
-39
-41
-46
-53
-55
-58
-61
-62
-66
-64
-68
-67
-72
-72
-70
-73
-67
-66
-65
-58
-58
-54
-49
-46
-43
-39
-32
-29
-25
-21
-12
-6
0
5
12
18
21
26
33
37
39
44
47
49
56
59
60
63
62
67
65
68
69
64
66
65
62
60
60
52
46
47
45
37
32
29
21
15
11
8
6
-2
-5
-9
-15
-17
-26
-28
-34
-38
-38
-41
-45
-48
-48
-49
-53
-52
-52
-53
-50
-49
-52
-52
-46
-46
-44
-44
-39
-36
-32
-28
-25
-21
-18
-12
-10
-7
-4
0
3
8
14
15
20
24
27
30
31
33
36
39
39
40
43
42
42
43
46
43
44
43
41
38
37
40
33
31
29
25
19
18
15
12
9
5
4
-2
-7
-7
-9
-17
-17
-20
-25
-27
-29
-31
-33
-36
-36
-36
-38
-39
-38
-41
-40
-36
-37
-38
-37
-36
-35
-34
-29
-25
-26
-21
-19
-18
-13
-14
-8
-6
-3
1
3
9
9
12
13
19
19
21
26
25
27
27
30
33
31
31
32
32
32
28
31
32
29
31
28
25
27
20
22
23
19
19
16
13
10
5
6
0
-4
-5
-9
-10
-16
-17
-19
-22
-25
-25
-26
-28
-27
-31
-31
-36
-38
-38
-39
-35
-37
-37
-33
-32
-34
-28
-25
-26
-23
-18
-17
-17
-14
-10
-10
-9
-6
0
1
4
9
10
13
15
19
19
20
25
26
30
30
32
31
33
29
31
35
30
36
36
37
37
33
32
33
29
24
25
25
19
16
17
14
10
8
5
6
2
-1
-3
-8
-11
-13
-14
-14
-17
-19
-20
-21
-22
-26
-25
-25
-27
-27
-30
-29
-29
-32
-31
-29
-30
-29
-30
-27
-25
-28
-24
-20
-20
-17
-16
-15
-11
-11
-8
-6
-4
0
2
9
8
10
14
15
19
20
22
24
26
27
32
31
30
34
32
35
34
33
33
36
38
34
34
33
27
26
24
22
21
16
16
14
7
6
3
-1
-2
-6
-5
-7
-12
-12
-16
-19
-20
-22
-25
-28
-29
-28
-29
-30
-30
-34
-34
-33
-30
-28
-27
-24
-23
-22
-21
-20
-18
-15
-10
-10
-10
-6
-4
-1
-2
0
3
2
6
10
13
13
16
17
20
22
21
22
26
28
24
26
27
24
23
24
24
19
21
20
17
18
18
15
15
15
11
11
10
6
6
3
0
-2
-4
-1
-4
-7
-10
-10
-11
-15
-13
-16
-18
-17
-20
-22
-18
-18
-18
-18
-18
-19
-16
-17
-18
-17
-16
-17
-18
-14
-13
-13
-10
-6
-3
-6
-1
0
-2
-2
-2
2
1
7
3
10
9
8
11
10
12
10
12
13
16
13
15
17
17
13
13
13
10
13
12
10
10
7
6
7
7
5
7
5
1
1
-5
0
-4
-7
-3
-7
-6
-8
-9
-9
-10
-11
-9
-9
-11
-11
-12
-9
-10
-10
-7
-7
-8
-9
-7
-8
-6
-4
-4
-2
-2
-2
0
1
1
2
3
7
7
9
11
9
9
10
11
10
11
13
14
11
14
13
13
12
11
12
9
9
9
9
7
7
5
5
6
2
1
2
1
0
-1
0
-4
-6
-5
-8
-9
-10
-9
-8
-8
-11
-10
-11
-12
-9
-9
-9
-10
-13
-12
-12
-13
-12
-11
-10
-12
-9
-8
-9
-9
-10
-11
-11
-10
-8
-9
-10
-8
-7
-6
-4
-1
-3
-1
0
3
1
1
3
2
5
6
8
12
9
12
15
13
13
15
16
14
15
14
14
11
13
16
14
15
13
15
14
10
14
9
8
6
7
4
-1
-3
-3
-2
-4
-5
-4
-3
-10
-8
-9
-10
-10
-9
-9
-15
-17
-16
-19
-22
-21
-19
-20
-21
-18
-22
-19
-21
-20
-21
-23
-22
-23
-21
-20
-22
-20
-17
-16
-15
-9
-7
-9
-5
-8
-4
-3
-3
1
0
5
5
6
6
8
7
12
14
14
19
17
21
22
22
25
24
29
29
26
28
28
28
28
27
29
30
26
26
27
23
21
19
15
17
12
11
7
4
0
1
0
-4
-5
-8
-12
-14
-16
-19
-20
-24
-26
-28
-29
-34
-35
-35
-35
-34
-34
-36
-35
-34
-32
-32
-29
-29
-27
-22
-26
-23
-18
-16
-13
-9
-7
-2
-1
2
1
4
12
10
13
18
19
20
23
24
25
25
29
30
30
31
30
29
30
30
32
31
32
32
31
29
27
23
20
19
15
17
13
13
12
3
4
4
0
-5
-6
-8
-11
-14
-15
-19
-20
-23
-26
-27
-28
-28
-29
-27
-29
-27
-26
-29
-27
-28
-24
-26
-25
-22
-21
-19
-21
-17
-15
-12
-6
-7
-6
-1
-2
1
5
5
10
11
13
17
19
22
22
24
28
25
29
33
30
36
34
33
33
32
32
31
30
31
29
28
30
25
21
23
21
18
19
15
10
8
5
3
-1
-5
-3
-9
-11
-10
-16
-19
-19
-20
-25
-21
-24
-21
-25
-26
-23
-27
-24
-24
-25
-21
-22
-23
-19
-21
-19
-18
-15
-16
-11
-9
-10
-6
-5
-4
-5
-2
1
3
7
8
10
8
12
12
10
11
11
14
15
14
17
13
11
8
7
3
2
4
1
1
-2
-2
0
-1
-6
-8
-11
-14
-12
-12
-16
-17
-20
-22
-23
-25
-25
-30
-26
-26
-31
-30
-30
-28
-28
-27
-26
-24
-23
-23
-22
-23
-19
-17
-18
-18
-11
-9
-7
-6
-5
-4
-2
0
0
1
8
10
11
14
14
14
14
18
16
16
18
16
22
23
20
24
23
25
25
24
26
21
22
25
22
18
20
19
17
14
12
13
12
7
11
9
7
11
3
2
2
0
-2
-3
-6
-10
-11
-13
-10
-11
-15
-14
-15
-13
-16
-20
-20
-19
-19
-18
-15
-17
-15
-13
-16
-14
-11
-13
-10
-7
-7
-4
-1
-1
1
1
5
7
7
10
13
13
20
24
25
24
25
28
25
27
28
27
31
30
31
32
33
32
29
26
24
22
19
22
18
17
17
13
11
8
3
2
1
-3
-4
-7
-8
-13
-15
-15
-20
-24
-24
-23
-25
-27
-30
-30
-32
-31
-30
-33
-31
-32
-31
-29
-28
-27
-26
-20
-19
-15
-15
-14
-10
-9
-4
-1
5
5
7
10
11
13
17
18
24
22
23
28
28
28
33
33
32
36
37
37
37
38
39
36
37
34
34
32
31
30
28
26
23
23
18
15
13
9
7
4
3
1
-4
-7
-9
-11
-13
-16
-17
-19
-23
-25
-25
-26
-28
-26
-30
-31
-33
-31
-29
-32
-31
-30
-31
-30
-32
-35
-27
-27
-23
-22
-23
-20
-18
-15
-9
-9
-9
-3
-2
1
3
1
7
15
13
18
18
17
20
23
28
28
31
32
33
35
33
34
36
33
32
29
30
28
27
27
27
26
22
23
19
17
14
12
8
3
0
-7
-7
-12
-14
-14
-20
-22
-25
-25
-28
-31
-31
-34
-35
-36
-43
-42
-41
-44
-42
-42
-42
-44
-43
-43
-37
-37
-36
-31
-33
-28
-26
-23
-21
-18
-13
-15
-10
-5
-5
-3
1
4
8
12
11
18
19
19
25
22
23
28
27
28
27
28
26
25
26
25
25
26
26
22
19
20
17
17
15
14
11
10
6
3
7
2
1
-1
-3
-5
-6
-12
-12
-15
-18
-16
-19
-21
-20
-22
-23
-20
-21
-18
-20
-19
-20
-20
-17
-20
-19
-16
-19
-17
-14
-15
-10
-10
-4
-3
-5
2
3
2
5
7
10
11
12
15
15
14
16
20
19
24
23
22
25
23
26
28
25
27
26
26
25
26
26
25
20
23
21
17
18
17
17
10
12
10
6
7
1
-2
-3
-5
-5
-5
-8
-9
-10
-8
-11
-16
-16
-19
-19
-19
-20
-21
-20
-24
-24
-25
-24
-24
-24
-25
-23
-24
-23
-19
-19
-18
-18
-16
-13
-13
-11
-8
-9
-6
-5
-3
-2
-4
3
2
3
7
5
10
10
10
14
13
18
20
16
19
18
20
21
23
23
23
21
19
21
23
18
18
15
13
19
16
13
12
14
9
8
10
4
4
2
3
3
0
0
-2
-6
-7
-7
-8
-13
-12
-15
-14
-17
-16
-16
-20
-15
-16
-17
-16
-18
-19
-20
-19
-19
-21
-20
-18
-17
-18
-12
-16
-15
-10
-11
-8
-9
-7
-4
-4
-1
0
0
2
3
3
9
6
7
5
6
9
12
15
15
16
17
16
17
15
16
14
14
16
17
17
16
14
15
16
14
13
12
12
10
10
7
2
2
0
-1
-3
-4
-9
-10
-15
-13
-15
-18
-18
-22
-20
-22
-25
-26
-28
-24
-25
-27
-28
-28
-28
-29
-25
-26
-21
-22
-23
-22
-18
-19
-21
-15
-15
-14
-11
-9
-9
-6
-3
-2
1
3
2
5
5
9
11
11
12
13
15
15
14
17
20
18
24
26
25
25
22
22
27
28
26
29
26
26
22
24
21
21
17
18
18
18
14
10
14
10
9
6
5
4
-1
0
-3
-5
-5
-7
-6
-9
-8
-9
-13
-13
-13
-16
-18
-18
-21
-23
-21
-21
-21
-20
-16
-19
-15
-12
-13
-8
-8
-8
-9
-2
-3
-2
3
2
8
10
12
10
10
13
13
13
17
17
17
17
23
24
19
19
18
22
23
21
24
26
25
22
25
23
18
19
19
15
16
13
10
9
5
4
2
2
-1
-2
-5
-4
-8
-7
-9
-14
-10
-11
-11
-15
-15
-16
-17
-16
-17
-18
-21
-19
-20
-20
-19
-24
-19
-18
-19
-18
-16
-16
-17
-16
-14
-13
-15
-14
-12
-10
-9
-8
-4
-6
-6
-2
-4
1
3
6
8
8
9
10
9
13
13
14
16
15
18
19
17
18
15
14
15
20
19
19
19
14
15
13
11
13
12
11
8
11
12
9
10
10
6
7
4
0
2
0
-3
-5
-4
-9
-7
-7
-7
-11
-13
-11
-13
-15
-16
-13
-15
-14
-11
-11
-13
-15
-15
-16
-16
-15
-14
-15
-13
-11
-11
-8
-6
-5
-6
-3
-2
-4
-2
-5
0
2
1
4
2
2
3
2
2
6
7
8
10
13
9
10
11
12
9
10
13
12
12
10
11
10
10
10
9
10
10
10
7
7
8
4
4
3
3
0
1
-1
-1
-3
-7
-7
-9
-7
-9
-6
-7
-7
-4
-6
-5
-6
-7
-7
-8
-6
-7
-7
-2
-7
-7
-4
-8
-5
-3
-7
-5
-4
-5
-4
-3
-3
0
1
2
5
2
0
6
5
7
8
9
12
9
8
8
7
7
11
10
10
9
11
12
11
11
10
10
11
8
12
13
6
7
9
6
4
5
4
4
6
4
3
-1
1
1
2
5
2
1
-1
-2
-7
-2
-2
-6
-2
-4
-9
-6
-5
-10
-8
-6
-5
-8
-6
-7
-4
-3
2
-2
-2
4
-1
2
1
2
0
1
6
5
6
6
5
7
13
13
8
11
13
13
14
18
13
11
12
11
12
11
9
8
10
10
6
7
5
5
2
2
2
0
-2
-5
-5
-6
-9
-9
-9
-10
-8
-9
-11
-11
-13
-15
-15
-15
-19
-17
-17
-16
-14
-18
-17
-18
-16
-14
-14
-13
-15
-10
-8
-10
-6
-6
-8
-8
-3
-3
0
2
3
6
6
7
8
10
8
11
14
13
14
8
10
10
9
8
8
9
7
6
7
5
3
5
6
2
1
0
0
-2
-6
-6
-12
-13
-15
-15
-18
-18
-18
-24
-22
-24
-23
-21
-24
-22
-26
-27
-21
-25
-25
-24
