1
3
2
3
2
1
1
-1
0
0
0
0
0
1
-2
1
2
-2
0
2
1
-1
0
0
-2
-4
-2
1
-2
-4
-4
-5
-2
-3
-1
-3
-3
1
-4
-6
-4
-4
-3
-4
-4
-3
-4
-4
-6
-1
-2
-1
0
-3
-2
-5
-2
-3
-4
-2
-2
-1
-1
-5
-4
-4
-8
-4
-7
-5
-4
-5
-7
-9
-7
-9
-8
-7
-8
-8
-8
-5
-7
-5
-4
-7
-5
-6
-5
-3
-9
-6
-5
-4
-4
-4
-2
-7
-7
-8
-7
-7
-6
-6
-7
-7
-8
-2
-6
-8
-7
-7
-7
-8
-9
-7
-8
-7
-5
-3
-4
-7
-8
-6
-8
-7
-7
-6
-8
-10
-5
-9
-9
-9
-7
-7
-6
-4
-7
-7
-7
-3
-3
-3
-4
-7
-4
-3
-4
-3
-2
-4
-5
-5
-5
-5
-5
-3
-2
-3
-5
-2
0
-1
-1
0
-2
-1
-3
-2
0
1
0
0
3
4
-2
2
-1
-1
3
1
2
1
2
4
1
6
6
4
6
3
1
2
0
1
3
2
1
3
3
3
3
4
5
4
5
5
2
5
4
3
3
4
6
4
1
3
5
4
2
2
1
4
3
-1
3
1
2
3
1
0
2
-1
1
0
0
3
5
5
4
2
4
2
8
4
3
2
2
3
0
5
-1
4
4
3
7
5
4
4
3
2
4
3
3
3
3
0
0
2
3
5
1
3
5
3
4
3
-1
4
3
-1
4
4
2
0
0
3
5
5
6
4
1
-1
2
1
0
0
0
1
0
3
2
-2
-2
2
0
-3
-3
-2
-2
-1
1
-6
-9
-9
-5
-5
-5
-7
-4
-4
-4
-5
-3
-2
-4
-4
-2
0
-3
-2
-7
-7
-5
-7
-5
-6
-7
-9
-10
-6
-5
-6
-6
-6
-2
-3
-5
-3
-5
-4
-5
-5
-4
-4
-9
-5
-6
-11
-8
-10
-9
-8
-7
-6
-6
-8
-5
-5
-7
-5
-4
-6
-3
-4
-2
-4
-5
-4
-4
-4
-4
-3
-5
-4
-7
-8
-4
-3
-5
-5
-6
-6
-5
-5
-6
-6
-8
-6
-5
-6
-3
0
-2
-5
-6
-6
-7
-7
-6
-5
-7
-7
-5
-5
-3
-6
-7
-4
-6
-1
-1
-4
-5
-3
2
-3
0
-2
-1
-2
-4
-2
-1
0
-4
-1
0
-2
-1
0
-1
1
0
0
2
-2
-1
0
1
3
4
3
3
7
4
3
4
4
2
2
3
3
3
6
1
1
2
2
3
4
1
2
4
4
4
2
3
2
4
5
4
7
5
5
6
7
7
5
4
4
6
8
7
7
10
7
5
8
9
6
8
7
7
5
6
7
6
8
4
5
5
4
5
5
6
5
5
3
2
3
3
3
6
4
1
6
4
5
3
2
3
2
1
-1
1
2
0
4
-1
-1
0
0
-1
-1
0
-1
-1
0
1
-2
2
-1
-2
0
0
0
2
2
4
2
2
3
4
5
3
4
1
2
4
2
2
3
0
0
0
3
3
2
4
6
4
0
3
3
1
2
-2
-2
0
-1
-1
1
-2
-5
0
-1
-2
-2
-4
-4
-1
-1
-2
-6
-4
-3
-5
-1
-4
-2
-3
-5
-3
-2
-4
-3
-2
-2
-1
-3
-4
-4
-4
-1
-2
-2
-3
-2
-4
-1
-1
-1
-2
-1
2
-1
2
-4
-3
0
1
-2
0
1
1
-1
-1
4
3
0
0
0
0
-2
0
-1
0
-1
-2
2
-1
-1
-2
0
0
-2
0
-1
-1
-1
-3
-3
-2
-4
-3
0
-2
-2
-3
-1
-1
-2
0
1
1
-1
-1
-2
-1
-1
2
1
-2
3
2
-1
0
-2
-2
-4
-4
-3
-1
-3
-6
-4
-2
-4
-3
-4
-6
-2
-5
-5
-3
-2
-3
-3
0
-2
-2
-1
0
-2
0
1
0
0
-1
-3
-2
-1
-1
-4
-3
-4
-4
-2
0
-2
0
-2
-1
1
-2
-2
0
0
-3
-5
-4
-5
-4
-3
-3
-2
0
1
-2
-2
0
-2
-3
-2
-1
1
1
-1
-1
2
-2
0
3
0
-2
-2
-3
-4
-4
0
-1
-3
0
-1
-1
0
0
-1
-1
1
-3
-4
-1
-4
-3
-1
-1
-1
0
0
1
-2
-4
-1
-1
0
-4
-3
-4
-2
-2
-1
-1
-2
-3
-1
0
-1
0
-1
-1
0
2
2
3
5
4
4
2
2
3
3
3
4
4
3
4
5
2
0
1
3
2
5
5
4
3
1
5
4
3
5
-1
0
-1
-1
1
3
1
1
2
1
2
1
3
1
2
3
0
1
1
2
1
3
1
-1
-1
1
2
1
4
3
3
5
1
3
3
3
5
1
3
3
3
2
2
3
2
3
3
1
1
2
2
1
3
5
3
4
4
4
3
4
3
3
4
4
2
1
2
3
5
4
2
3
2
2
2
2
5
5
2
1
4
3
5
5
5
5
6
4
4
3
-1
3
1
1
1
1
0
0
2
-1
-1
4
0
0
3
1
2
-1
-1
-1
-1
-1
-1
-2
-3
-2
-2
0
-2
-3
-1
0
1
1
1
-1
-1
-1
-1
0
-1
2
0
3
4
-3
-2
-2
-2
-1
-2
-2
-2
-3
-4
-5
-5
-3
-4
-7
-6
-3
-3
-5
-3
-5
-2
-4
-2
0
-1
-2
-5
-2
-1
-8
-5
-1
-4
-6
-5
-3
-4
-4
-3
-7
-10
-8
-7
-7
-7
-8
-6
-3
-4
-7
-7
-6
-4
-7
-1
-8
-7
-4
-7
-5
-7
-6
-7
-7
-10
-10
-7
-10
-9
-9
-9
-9
-8
-9
-6
-6
-9
-5
-10
-8
-3
-8
-6
-6
-9
-6
-5
-3
-6
-6
-5
-5
-4
-5
-2
-2
-3
0
-2
-1
-4
-1
1
-2
-1
0
3
1
3
3
2
3
0
3
0
1
3
3
7
4
6
6
4
7
7
5
5
7
10
8
8
10
9
8
10
11
9
10
9
10
6
6
6
4
7
8
7
5
5
8
6
3
6
8
7
9
6
5
7
8
8
11
7
6
9
6
10
7
4
8
7
9
8
5
4
7
11
7
8
8
7
6
6
7
4
2
5
4
4
5
5
7
3
2
6
6
5
3
3
2
4
1
2
3
4
5
5
1
0
1
4
3
2
4
1
1
2
0
-1
4
4
0
2
-1
-2
1
1
3
-1
-1
0
2
0
-1
5
1
2
4
3
4
5
4
5
2
1
1
5
5
0
2
1
3
2
0
3
2
1
-1
2
3
1
1
5
4
3
3
1
3
4
6
8
4
1
1
0
2
2
4
3
5
4
2
3
3
4
3
3
3
0
1
3
2
2
1
4
4
2
4
6
7
4
3
4
4
1
1
3
4
2
2
2
3
3
2
-1
3
2
3
4
-1
0
0
0
-2
-3
-2
-1
-1
0
-1
-3
-1
-1
-4
-6
-5
-8
-6
-6
-5
-3
-1
-4
-5
-5
-5
-4
-4
-4
-4
-3
-3
-4
-5
-4
-3
-4
-5
-6
-5
-6
-5
-4
-4
-5
-7
-4
-6
-5
-5
-4
-4
-4
-4
-3
-4
-6
-5
-7
-3
-9
-8
-9
-8
-5
-9
-6
-7
-8
-9
-7
-7
-6
-6
-8
-4
-9
-9
-12
-8
-8
-9
-5
-9
-12
-6
-10
-10
-6
-10
-8
-4
-2
-6
-5
-8
-6
-6
-5
-3
-3
-4
-5
-1
-5
-3
0
0
1
-1
-1
1
-1
-3
-2
-3
-2
-2
-3
0
-1
1
1
-1
0
2
0
-3
-1
-2
0
-6
-2
0
0
1
0
1
-1
3
1
0
0
-1
-1
-1
0
-2
2
0
-6
-3
-2
0
2
1
3
-1
3
4
3
3
4
6
8
5
2
4
4
1
4
4
3
3
4
5
7
3
3
2
2
5
1
4
4
2
6
6
5
4
7
8
9
5
6
5
6
8
4
6
7
7
8
7
7
7
6
5
7
4
7
8
4
3
2
5
4
3
1
4
4
3
1
0
0
-1
1
-1
2
-1
0
-1
-4
1
-1
-2
1
1
-2
2
-3
-2
1
-1
1
-2
-2
1
-1
-3
0
2
-1
-2
0
1
2
4
-1
2
4
2
5
6
4
1
2
6
2
4
6
6
5
4
3
0
3
1
0
3
0
1
2
2
2
0
-1
-2
0
-2
-2
-1
0
1
1
2
2
5
3
3
1
-1
6
2
1
1
0
2
0
0
2
0
2
2
3
1
-1
0
1
0
0
1
-2
-4
-4
2
-1
-4
-2
-3
2
0
1
0
1
2
-1
-2
0
1
0
1
-3
-5
-1
-2
-7
-6
-4
-5
-4
-4
-6
-4
-5
-7
-6
-2
-4
-5
-6
-6
-6
-8
-5
-8
-6
-6
-7
-6
-5
-7
-8
-7
-7
-7
-6
-4
-8
-4
-4
-4
-1
-4
0
-5
-5
-6
-8
-7
-4
-5
-4
-3
-5
-3
-6
-2
-4
-4
-5
-4
-4
-7
-7
-5
-5
-4
-4
-4
-3
-3
-5
-5
-5
-3
-3
-2
-2
-2
0
-7
-7
-7
-9
-11
-10
-10
-8
-9
-9
-5
-7
-3
0
3
9
10
11
13
13
15
19
18
18
19
22
28
29
16
10
14
20
20
19
14
6
1
-1
6
11
5
-8
-15
-3
10
6
-11
-16
-10
-2
-3
-6
-8
-5
-1
-5
-1
3
3
4
3
9
19
22
18
15
13
18
25
29
28
26
25
22
12
6
8
13
16
8
-5
-11
-8
-3
-6
-15
-18
-8
3
3
-2
-8
-14
-15
0
16
17
2
-9
14
33
28
6
-4
5
21
32
31
12
-14
-22
-5
14
15
-10
-28
-23
-5
8
2
-13
-22
-11
13
32
21
2
-11
-3
24
48
51
23
2
19
49
49
23
14
21
15
-9
-12
4
10
-20
-56
-54
-31
-21
-36
-51
-48
-37
-35
-31
-18
2
-1
-29
-39
-9
43
61
26
-17
-28
5
46
65
49
15
1
14
44
56
37
7
-4
27
62
53
-1
-56
-59
-12
22
11
-40
-77
-78
-59
-45
-45
-45
-57
-57
-36
-4
7
-12
-29
-1
73
126
99
36
23
86
140
123
80
77
106
108
79
55
61
73
73
45
15
7
2
-21
-57
-94
-123
-148
-155
-158
-184
-237
-269
-244
-194
-161
-168
-184
-182
-132
-37
45
64
35
22
64
149
204
172
84
62
141
223
195
83
13
43
136
213
239
214
145
82
80
163
240
204
86
20
45
48
-43
-137
-130
-70
-64
-120
-173
-184
-178
-190
-213
-214
-178
-168
-255
-388
-419
-311
-215
-244
-322
-315
-211
-96
-20
110
350
560
550
353
264
420
551
371
171
531
1117
497
-1935
-4022
-2626
1603
3632
69
-5776
-7187
-2395
3132
3457
-960
-4602
-3738
-144
1981
1295
-82
-105
874
1328
894
593
1207
2571
3821
3870
2372
488
209
2494
5852
7084
4386
-493
-3754
-2861
1626
6092
5919
-285
-7688
-9051
-3295
2761
2815
-1944
-5851
-5810
-3422
-1824
-2024
-2258
-737
1429
1342
-1180
-2885
-1533
1813
4934
6073
4127
131
-2225
-232
4128
6370
4675
1010
-1567
-1487
153
885
18
-750
-470
-581
-2340
-4445
-4799
-3128
-822
385
-684
-3382
-5153
-4135
-1206
1297
1907
749
-929
-1506
-331
1476
2498
2751
2891
2742
1902
862
542
1300
2638
3435
2702
673
-1170
-1549
-588
655
1168
436
-1183
-2553
-2891
-2575
-2265
-1944
-1583
-1784
-2832
-3888
-3954
-2960
-1633
-804
-922
-1749
-2436
-2220
-1115
222
1062
972
154
-460
-130
826
1544
1699
1606
1424
1106
920
1226
1974
2789
3288
3153
2587
2519
3589
5082
5612
5123
5060
5773
5323
2325
-1299
-1481
3091
7590
5502
-3021
-9826
-7884
-104
4212
932
-5268
-8281
-6861
-3720
-1750
-1702
-2358
-2226
-1232
-690
-1170
-1456
-343
2106
4837
5750
3191
-898
-1866
1961
6573
6971
3135
-838
-1940
-481
1310
1475
137
-1086
-1565
-2245
-3598
-4615
-4239
-2824
-1597
-1529
-3059
-5385
-6229
-4137
-659
1266
459
-1698
-2910
-1954
434
2439
3002
2638
2336
2110
1700
1595
2227
3202
3792
3507
2274
644
-446
-546
-305
-515
-940
-1173
-1930
-3834
-5722
-5672
-3520
-1572
-2067
-4523
-6307
-5580
-3108
-1102
-780
-1481
-1988
-1778
-917
327
1485
2107
2166
2055
2078
2202
2435
2968
3876
4750
4912
4143
3293
3746
5713
7687
7822
5921
3943
4050
5734
5653
1582
-3315
-2572
4013
7452
821
-10044
-12805
-4956
3225
2510
-4888
-10590
-10124
-5448
-1504
-1170
-3075
-4056
-2849
-960
58
275
271
812
3023
6130
6341
2127
-1764
-33
5633
8483
5439
99
-2536
-1272
1415
2324
451
-1985
-2840
-2704
-3162
-4228
-4689
-4207
-3240
-2456
-2650
-4272
-6039
-5497
-2362
732
1227
-712
-2641
-2298
265
2969
3884
3102
2326
2424
2734
2757
2823
3160
3523
3194
1611
-531
-1715
-1467
-811
-791
-1714
-3167
-4747
-5748
-5212
-3752
-2894
-3444
-4582
-4962
-4290
-2989
-1785
-944
-381
-40
130
194
828
2313
3740
4238
3869
3391
3439
4111
5101
5986
6413
6384
6222
6252
6670
7527
8259
7854
6778
5767
4636
2403
-1434
-2749
1865
7189
4200
-6955
-14297
-9668
390
3521
-2460
-9428
-11380
-8250
-3945
-2257
-3058
-3791
-2683
-1077
-933
-1318
-456
1263
3103
5575
6909
4063
-816
-1592
3403
8451
7754
2498
-1756
-2179
-47
1873
1394
-702
-2166
-2511
-3034
-4333
-5250
-4703
-3130
-2123
-2272
-3588
-5636
-6219
-3853
-84
1812
704
-1696
-2732
-1109
1619
3696
3994
3016
2494
2417
2258
2131
2512
3117
3076
664
-4536
-6826
-2791
2649
2228
-5398
-11718
-9646
-2572
918
-2332
-7273
-8170
-4428
-1119
-1261
-2556
-2364
-147
1584
1475
889
824
1890
4335
6938
6857
3845
1631
3164
7462
10024
8450
5235
4342
7153
10095
10071
8040
6497
6600
6434
3806
-1501
-4347
552
8018
7032
-5128
-15846
-12871
-1467
4243
-487
-8425
-12376
-10811
-6091
-2363
-2041
-3826
-4036
-2140
-1062
-1153
-649
507
2171
5167
7513
5203
-640
-2885
2177
8661
9058
3862
-1088
-2302
-462
1771
1952
187
-1663
-2497
-3100
-4519
-5687
-5202
-3598
-2341
-2118
-3344
-5715
-7017
-5239
-1081
1987
1500
-1186
-2934
-2005
830
3521
4412
3804
3012
2613
2214
1002
-310
159
2162
2860
295
-3950
-6327
-5088
-2234
-1096
-2634
-5380
-7089
-6788
-5330
-3767
-2805
-2747
-3116
-3352
-2968
-1766
-237
1125
2344
3050
2523
1580
2008
4155
6460
7112
5886
4631
4996
6634
8268
8649
8314
8470
8999
8987
8007
7600
7908
6308
432
-5379
-2248
7767
10749
-1279
-16650
-17233
-3617
6291
1798
-9391
-15097
-12387
-6265
-2662
-3240
-5340
-5547
-3370
-1458
-1212
-1111
-355
882
3837
7683
7391
1175
-3980
-540
8214
11759
6279
-1439
-3793
-697
3085
3587
722
-2370
-3246
-2630
-2949
-4632
-5647
-4579
-2708
-1944
-2768
-5033
-7070
-6057
-1843
2122
2123
-1343
-3819
-2551
1234
4312
4721
3321
2275
2616
3355
2939
-419
-3517
-662
5344
6233
-1725
-11197
-11247
-2167
4980
2230
-6630
-12049
-9259
-2978
-382
-1907
-4217
-4570
-3165
-2296
-1802
-557
1073
2581
3918
3620
1291
251
2963
7760
10129
7601
3426
2549
6183
10559
11352
8985
7125
7826
9423
9901
9242
7184
3061
-2555
-4111
2980
10991
7200
-8368
-19019
-12319
2420
6889
-2694
-13487
-15114
-9424
-3957
-2994
-5059
-6463
-4846
-1964
-1158
-2158
-2209
-465
2271
5719
7797
4855
-1765
-4141
2248
10561
10927
3388
-3275
-3356
643
3476
2533
-580
-2771
-3038
-2908
-4289
-6176
-6091
-3883
-1928
-2054
-4124
-6865
-7805
-5076
-101
2950
1343
-2748
-4416
-1732
2661
5326
5000
3155
2259
2424
614
-2209
-950
4240
7073
2320
-6338
-9727
-4939
1768
3148
-1421
-7021
-8553
-6052
-3154
-1869
-2195
-2671
-2805
-3110
-3000
-1962
-344
1577
3549
4052
2358
360
756
4589
8747
9167
6109
3488
4497
7919
10108
9777
8794
8493
8709
9618
10576
10007
6470
260
-4640
-2309
7064
12524
3817
-13569
-20740
-9353
5708
6601
-5502
-15664
-15330
-8675
-3524
-3171
-5496
-6694
-4642
-1538
-1218
-2877
-2947
-281
4085
8123
8282
2689
-3984
-3504
5396
13047
10533
1405
-4368
-2589
2296
4246
2216
-973
-2569
-2596
-2998
-4945
-6895
-6143
-3274
-1186
-1992
-5496
-8793
-8690
-4391
1029
2934
-119
-4471
-5155
-1605
2869
4987
4150
2738
1618
-1176
-3430
-646
5118
7308
2050
-6025
-8113
-3268
1627
1573
-2187
-5446
-5857
-4947
-4363
-3471
-2553
-2066
-2211
-3100
-3321
-2534
-1585
204
2982
4529
3061
298
85
3801
8060
9034
6848
4816
5561
7948
9260
9091
9172
10018
10486
10420
10767
11189
8932
1702
-6559
-5276
7903
17789
8474
-14575
-26205
-13274
7163
11133
-2720
-16970
-19107
-11490
-3945
-2240
-5022
-7449
-5876
-2598
-2008
-3840
-4455
-1947
3237
8991
10069
2905
-6743
-7056
4688
15984
14121
2200
-6409
-4831
2057
6103
4276
-229
-2802
-2582
-2276
-4227
-6904
-6671
-3156
18
-489
-4747
-9700
-10717
-5691
1732
4977
1034
-5539
-7636
-3317
3105
6184
4874
2353
1382
276
-2296
-2027
2980
7618
5576
-2452
-8032
-5891
38
3008
1194
-2591
-5251
-5835
-5193
-3401
-1146
-346
-1423
-3354
-4317
-3446
-1793
-218
1871
3808
3071
53
-1461
1169
6403
9493
8098
4946
3999
6106
8890
10303
10496
10542
10359
9587
10135
12989
13383
4748
-9149
-10431
8290
25154
14405
-16698
-32303
-15204
10835
15317
-2082
-19164
-21308
-12044
-2836
-1274
-5686
-8935
-6858
-2760
-1678
-3257
-4458
-3610
1031
9065
12865
4785
-8352
-9954
3983
17795
16026
2511
-7302
-5568
2192
6911
5154
83
-2993
-2874
-2490
-4043
-6379
-6542
-3990
-1094
-476
-3677
-8948
-11084
-6791
872
4928
1725
-4887
-7807
-4151
2378
6135
5067
2329
925
-861
-2849
-957
4494
7527
3336
-4380
-7143
-3232
1519
2281
-281
-2978
-4040
-4208
-4114
-2806
-947
-262
-1289
-3292
-4107
-3064
-1605
-59
1914
2909
1279
-1462
-1598
2247
6981
8234
5610
3035
3782
7100
9638
9858
9636
10112
10425
10395
11551
14474
14558
6250
-6729
-9147
6493
22919
16696
-10273
-28608
-18124
5652
14302
1308
-16062
-21198
-14152
-5267
-2619
-5861
-9057
-7916
-4093
-2326
-3642
-5314
-4689
200
7982
11899
5694
-6006
-9197
1765
15195
16348
5307
-4933
-5175
1460
6431
5434
1058
-2043
-2397
-2189
-3780
-6382
-7314
-5157
-1619
-380
-3599
-9359
-11971
-7840
-342
3668
1014
-4764
-7465
-4573
1003
4667
4680
2978
2153
2017
404
-1644
-376
4333
7310
3919
-3467
-7726
-5225
678
3899
1618
-3905
-7754
-7092
-3443
-438
-439
-2447
-3869
-3832
-3207
-2672
-1932
-272
1982
2788
896
-1825
-1672
2634
7457
8347
5185
2078
2763
6595
9940
10657
9470
7987
7901
9684
11945
13744
14756
12498
3639
-7959
-8401
8125
23667
15098
-13039
-29242
-15959
7650
13245
-1539
-17046
-19559
-12047
-4702
-3835
-7627
-9532
-6259
-1864
-1734
-5118
-6947
-4546
1746
9277
11652
4064
-7281
-8513
3591
15776
14798
3350
-5042
-3654
2552
5827
3674
-222
-1696
-959
-1339
-4514
-7820
-7659
-3894
-46
-143
-4789
-10255
-11188
-6082
583
3177
185
-4798
-6627
-3678
1334
4477
4322
2977
2512
2563
832
-1896
-1042
3784
7470
4764
-3111
-8462
-6073
881
4762
1796
-4741
-8294
-6330
-2378
-558
-1568
-3121
-3229
-2729
-3030
-3431
-2513
-152
2461
3093
849
-1946
-1705
2558
7345
8173
4638
1485
2961
7514
10481
9590
7351
7227
9456
11501
11719
11453
12604
13496
8138
-4094
-10533
808
19615
20750
-3305
-27012
-23090
312
13536
4547
-12345
-19694
-15136
-7642
-4280
-5425
-7468
-6674
-3715
-2775
-4699
-6055
-4598
-81
6570
10718
6662
-3885
-9267
-1046
12543
16214
7230
-2973
-4731
292
4677
4378
1547
-391
-967
-1831
-4226
-6711
-6670
-3902
-891
-418
-3601
-8536
-10721
-7379
-930
2872
962
-3792
-6481
-4610
218
4078
4614
3069
2036
2144
1919
-706
-2260
1693
6945
6385
-1423
-8922
-7894
-231
5076
2560
-4462
-8775
-7141
-2993
-1040
-1627
-2954
-3411
-3239
-3865
-4079
-2425
28
1837
2301
982
-1281
-1817
1222
6189
8658
6220
2327
2045
5858
9695
9962
8283
7940
9077
10145
10232
10452
11959
14345
14023
6327
-6684
-11443
2521
21657
20253
-5848
-28781
-22949
1331
14247
4870
-12404
-20593
-16291
-7300
-2498
-4222
-7794
-7645
-3937
-1947
-3632
-5843
-5299
-419
7225
11613
6338
-5339
-10112
-890
12895
16333
7082
-3695
-6070
-913
4524
5214
2150
-777
-2051
-2707
-4077
-5672
-5695
-3826
-1421
-527
-2923
-7579
-10072
-7263
-1093
2995
1801
-2675
-5998
-4882
5
4558
5384
3463
1855
1882
1512
-507
-285
3216
5700
3195
-3193
-6795
-4276
353
1669
-1305
-5147
-6322
-4981
-3739
-3407
-3278
-3009
-2848
-3572
-4552
-4147
-2141
107
1333
1250
91
-1100
-466
2771
6544
7448
4862
2407
3422
7115
10032
9916
8133
7460
8506
9870
10642
11100
12085
13709
13668
7972
-4285
-12378
-2329
19013
24535
909
-27907
-28983
-3780
15708
9803
-9640
-21270
-18066
-8442
-2562
-3238
-6574
-7016
-3945
-2127
-3846
-5817
-4891
-618
6255
11403
8009
-3516
-10929
-3574
11692
17859
9038
-3672
-7449
-1794
4815
5905
2388
-937
-1816
-1972
-3474
-5619
-6031
-3858
-967
130
-2209
-7269
-10655
-8052
-1059
3899
2620
-2982
-6890
-5425
2
4851
5502
3216
1606
1999
2860
2499
437
-441
2273
4874
3076
-3091
-8103
-6188
279
3414
-476
-7146
-10002
-6934
-2335
-1030
-2975
-5430
-5774
-4174
-2894
-2336
-1376
-149
654
825
356
181
1438
4014
6305
6471
4577
3104
4440
7878
10317
9728
7464
6604
7958
9750
10401
10158
10642
12631
14003
10397
-660
-11781
-8222
11323
24958
11450
-18804
-32568
-15289
10485
15652
-1193
-19150
-22029
-12248
-2635
-996
-5222
-8195
-5948
-2264
-2275
-5046
-5877
-2513
3909
9728
9334
842
-8256
-6959
5192
15527
13159
1836
-6087
-4507
2048
5796
4195
623
-1361
-1636
-2302
-4315
-5932
-5042
-2161
140
-530
-4570
-8869
-9132
-4373
1466
3296
221
-4321
-5863
-2937
1910
4883
4491
2738
1872
1939
2070
2170
1723
779
789
1497
1078
-1915
-5862
-6356
-2602
528
-1339
-6545
-9476
-7422
-3650
-2480
-3912
-5208
-4825
-3712
-3340
-2867
-1105
791
1388
909
468
825
2267
4524
6343
6394
4787
3511
4590
7616
9820
9096
6590
5807
7773
9812
9754
8131
7517
9394
12404
14034
10334
-1831
-14482
-10335
11964
26252
11277
-19936
-32572
-13590
11642
15213
-1794
-18086
-19620
-10348
-2089
-1068
-5076
-7603
-4989
-1232
-1481
-4438
-5982
-3855
2372
9655
10730
1695
-9408
-8931
4486
16080
13569
1493
-6727
-4878
1904
5721
4314
907
-1143
-1501
-2207
-4283
-5777
-4646
-1552
962
246
-4177
-8899
-9289
-4121
2548
4850
1226
-4410
-6651
-3484
2186
5708
5228
2869
1163
675
989
2118
3553
2702
-503
-2129
-876
113
-2195
-5786
-5732
-2183
-533
-3560
-7937
-8747
-5405
-1949
-1767
-3777
-5177
-4641
-2678
-1079
-117
844
1200
952
848
1516
2982
4361
5010
4877
4531
4416
4534
5246
6542
7473
7055
5850
5569
6577
7650
7615
6805
6665
7903
10015
11473
9654
1238
-10417
-11280
5257
22326
15906
-12338
-31223
-19168
7024
16483
2887
-15089
-20155
-12529
-3488
-468
-3020
-6241
-5698
-2919
-2121
-3493
-4318
-3130
775
6960
10129
4564
-6020
-9064
1305
14042
14836
4038
-5641
-5428
1189
5648
4465
931
-1045
-1293
-1841
-3664
-5161
-4474
-2126
-106
-280
-3309
-7256
-8297
-4618
893
3554
1334
-3352
-5822
-3659
1491
5123
4540
1876
456
945
1787
2147
2398
2859
2432
-790
-4419
-4769
-2170
405
-733
-4918
-7774
-7322
-4884
-3052
-3181
-4343
-4859
-4580
-3932
-2931
-1886
-401
1123
1384
646
-19
276
2096
4664
6014
4992
2584
1185
2537
5544
7167
5997
3806
3198
4272
5333
5573
5507
5844
6043
5790
5845
6472
7948
9525
9852
6958
-1842
-10315
-5916
10541
19780
6075
-18446
-25896
-8727
10703
10812
-4196
-16546
-16340
-8165
-1926
-1506
-4735
-6763
-5047
-2437
-2146
-3275
-3514
-1840
2502
7730
8327
1465
-6332
-4940
5624
13663
10429
787
-4600
-2389
2702
5029
3511
876
-692
-1294
-2299
-3993
-4716
-3247
-959
-7
-1616
-5100
-7555
-6499
-2396
1478
2008
-915
-4247
-4748
-2178
1228
2866
2339
1382
933
505
-103
184
1949
3505
2967
-132
-4216
-5480
-2855
637
1284
-2257
-6563
-7320
-4439
-1454
-1352
-3273
-4284
-3183
-1987
-2124
-2238
-1089
1249
2556
1392
-344
-652
946
3705
5461
4540
1806
-141
636
3555
6030
5934
3655
1779
2062
3802
5110
5274
5130
5106
5198
5153
5037
5584
7331
10117
11455
8936
1177
-8794
-9771
3709
19256
16225
-7589
-27021
-19810
3801
15005
4196
-12468
-17834
-11238
-3726
-1982
-4160
-5910
-4410
-1682
-1640
-4194
-5515
-3408
1418
7042
9402
4676
-4348
-7851
142
11813
14217
5594
-3708
-4863
484
5019
4797
1972
-8
-536
-1152
-2942
-4837
-4475
-1877
303
-69
-3315
-7223
-8513
-5624
-579
2211
472
-3981
-6724
-5338
-1231
2194
2409
643
-587
-441
305
881
1690
2830
3419
2953
1812
187
-2091
-3412
-1614
2350
3712
-696
-7240
-9180
-4541
1382
2458
-1770
-6551
-7312
-4052
-300
1033
-3
-1275
-1511
-1154
-728
144
1596
2885
3102
2052
511
-298
903
3792
6076
5533
2539
248
996
3875
6020
6028
4966
4078
3751
3969
4937
6661
8490
10035
10396
8450
3753
-3778
-8222
-1307
13361
18922
3538
-19881
-25118
-6423
13029
12010
-4446
-17030
-15659
-6988
-1620
-1904
-4305
-4842
-2919
-1770
-3346
-5084
-4034
-295
4876
8797
7292
-271
-7069
-4391
6593
14301
10761
966
-4733
-2734
2383
4696
3343
1212
69
-714
-2610
-5335
-6447
-4487
-1293
86
-1947
-6385
-9644
-8954
-4664
-6
1348
-1256
-5158
-6666
-4338
31
3142
3420
2373
1645
1426
1458
2022
3522
5233
5914
4917
2808
-76
-2790
-3006
25
3723
3280
-2445
-8701
-9668
-4809
256
572
-3486
-7484
-7921
-5213
-1996
-345
-337
-1138
-1921
-2050
-1121
794
2367
2784
2583
2278
1770
1203
1637
3450
5224
4919
2911
1461
2055
4029
5348
5392
4614
4014
4003
4423
5296
6293
7367
8481
9498
8888
5494
-876
-6912
-4362
7921
17512
9656
-11950
-24141
-12935
7438
13395
1429
-12840
-16190
-10089
-3676
-1239
-1844
-3270
-3628
-3234
-3492
-3911
-2984
-576
2958
6717
7425
2391
-4870
-6005
2293
11839
12261
3805
-4266
-5336
-848
3433
3990
2035
-340
-2407
-4370
-5991
-6080
-3883
-1133
-577
-2663
-6277
-8869
-8124
-4053
898
2793
249
-4255
-6149
-3353
1727
5113
4714
2423
1014
1148
1941
2741
3800
4947
5143
3760
1613
-100
-1408
-2216
-1603
223
904
-1976
-7080
-9731
-7320
-2537
-290
-2531
-6597
-8447
-6615
-3024
-489
-3
-749
-1507
-1852
-1565
-199
1904
3482
3491
2303
963
391
1177
2896
4440
4697
3277
1397
866
2042
3812
4611
4229
3601
3389
3732
4021
4433
5395
6917
8266
8639
8209
6771
4661
920
-3516
-2515
6280
14113
7937
-10331
-21063
-11317
6864
11892
445
-13026
-15856
-9149
-2353
-243
-1893
-4397
-4995
-3817
-2841
-2452
-1574
-230
1789
4653
5767
2500
-3073
-4156
2445
10065
10104
2821
-3929
-4421
123
4289
4481
1753
-1337
-3278
-3848
-3649
-3035
-2172
-1755
-2234
-3209
-4401
-5415
-5202
-3180
-285
1235
-59
-2756
-4005
-2357
1059
3545
3615
2152
865
700
1577
2864
3840
3916
2945
1544
698
682
574
-950
-3177
-3441
-1232
271
-2291
-7329
-9208
-5424
-298
304
-3991
-8047
-7197
-2590
925
870
-1214
-2508
-1973
-592
620
1440
1775
1592
1411
1416
1230
1000
1426
2786
4144
3872
1850
348
1218
3769
5553
4812
2867
2257
3463
4903
5412
5402
5829
6766
7465
7917
7701
6203
3333
-1226
-4240
-389
8811
12209
1104
-15519
-18379
-3472
10717
8080
-5990
-15262
-12460
-4570
-281
-977
-3690
-5021
-3882
-2300
-2209
-2553
-1848
41
2982
5562
4950
105
-4477
-2279
5900
11189
7589
-535
-4751
-2190
2889
4862
2854
-156
-1839
-2287
-2686
-3487
-3868
-3058
-1773
-1387
-2875
-5616
-7152
-5657
-1911
1116
842
-2310
-5018
-4475
-1040
2371
3174
1861
606
575
1319
2161
3013
3692
3753
2931
1906
1420
1343
866
-450
-1565
-1474
-752
-1164
-3364
-5500
-5531
-3689
-2348
-3153
-5213
-6168
-4841
-2603
-1400
-1784
-2658
-2668
-1638
-171
981
1269
885
799
1515
2316
2417
2089
2224
2873
3277
2912
2176
2020
2595
3103
2991
2603
2417
2514
2672
2965
3898
4782
4750
4335
4806
7005
9404
9218
6067
1908
-1888
-2940
2063
10579
12663
1379
-14316
-16554
-2568
10497
8179
-4772
-13769
-12190
-5553
-1279
-1150
-3304
-4748
-4018
-2889
-2939
-3128
-2050
414
3541
5630
4476
-197
-4138
-1568
6261
10913
7314
-387
-4507
-2295
2421
4498
2769
-421
-2636
-3230
-3295
-3681
-3904
-3446
-2708
-2485
-3439
-5416
-6760
-5821
-2749
406
1144
-1216
-4344
-4744
-1416
3042
4901
3254
806
196
1547
3290
4139
4007
3499
2921
2271
1759
1293
959
462
-1109
-3003
-3280
-1768
-968
-3250
-7095
-8010
-4616
-1039
-1369
-4984
-7425
-5533
-1482
561
-485
-2345
-2425
-520
1377
1749
1116
755
1392
2539
2804
1775
670
843
2245
3347
2710
893
-22
912
2563
3274
2645
1876
2036
2905
4028
4876
5012
5043
5576
6900
8948
10034
8545
5251
1515
-1475
-675
5550
12014
9025
-5297
-16923
-11660
4094
11024
1939
-11360
-15053
-8818
-2122
-700
-3031
-5382
-5122
-3025
-1905
-2327
-2483
-1178
1360
4260
5549
3108
-1940
-4048
913
8458
9931
3583
-3679
-4952
-537
3780
3740
488
-2480
-3485
-3343
-3531
-4027
-3783
-2921
-2606
-3366
-4870
-6148
-5989
-4055
-1359
204
-681
-3201
-4648
-3079
540
3304
3171
1264
280
1039
2366
3216
3555
3662
3552
2954
2163
1828
1767
1779
1335
-674
-3405
-4076
-1785
391
-1402
-6361
-8824
-5845
-1450
-840
-4192
-6942
-5592
-2072
-383
-1340
-2562
-1908
128
1351
999
325
352
1160
2329
2977
2321
678
-315
758
3073
4119
2676
443
38
1746
3396
3309
2263
2217
3469
4559
4485
3867
4101
5553
7389
8782
9272
8310
6245
3822
519
-2060
734
8961
13094
3726
-12711
-17660
-4724
10068
9600
-3586
-14103
-13050
-5345
-22
-71
-2985
-4952
-4073
-2136
-1719
-2180
-1772
-156
2534
5099
4900
697
-3978
-3068
3947
9475
7050
-388
-5047
-3431
1137
3351
1772
-1080
-2720
-3011
-3313
-4341
-5026
-4228
-2768
-2290
-3478
-5590
-6814
-5794
-2997
-256
601
-1017
-3417
-3898
-1581
1806
3667
3253
2050
1558
1841
2563
3611
4477
4630
3955
2979
2370
1974
1480
1343
1444
37
-3115
-4955
-3265
-509
-1268
-5687
-8579
-6463
-2365
-1402
-4158
-6660
-5511
-2059
-219
-1165
-2562
-1956
279
1683
1154
81
-53
905
2345
3158
2463
621
-600
420
2801
3782
2149
-193
-520
1353
3015
2865
1771
1538
2758
4056
4120
3632
4083
5774
7364
7847
8086
8470
7854
6091
3551
414
-625
3668
10507
10342
-1637
-14376
-12405
1936
10777
4474
-8220
-13631
-9302
-2955
-446
-1701
-3971
-4621
-3725
-3273
-3420
-2693
-942
929
2616
3568
2115
-1930
-4355
-843
5889
8338
3696
-2955
-5221
-2132
2007
3039
968
-1688
-3188
-3634
-4013
-4394
-3942
-2685
-1850
-2455
-4438
-6337
-6327
-4113
-1002
1045
617
-1862
-4021
-3339
207
3706
4475
2971
1489
1359
2368
3630
4421
4459
4027
3621
3218
2420
1388
880
1062
1025
-347
-2831
-4363
-3551
-2037
-2515
-5103
-7046
-6182
-3890
-3108
-4309
-5521
-4995
-3017
-1563
-1693
-2242
-1858
-671
233
220
-64
70
514
1176
1702
1404
517
154
973
2227
2464
1527
801
1150
2037
2506
2407
2425
2839
3344
3780
4238
4776
5286
5855
6743
7695
8394
8801
8643
7938
6411
2653
-1916
-1237
7097
14215
7756
-9684
-18752
-8206
8407
11050
-1584
-13901
-14324
-6722
-1078
-1076
-4012
-5957
-5233
-3675
-3368
-3475
-2712
-1186
1047
3490
4085
985
-3642
-3816
2490
8895
8222
1374
-4542
-4368
270
3766
3225
211
-2523
-3691
-3928
-4172
-4183
-3480
-2571
-2344
-3335
-5235
-6479
-5561
-2624
484
1499
-172
-2572
-3012
-646
2885
5018
4798
3446
2472
2516
3524
4743
5291
4941
4024
3095
2440
1781
1125
905
989
353
-2009
-5228
-6345
-4101
-1539
-2430
-6469
-9325
-7921
-4332
-2609
-3671
-5212
-5033
-3327
-1919
-1541
-1221
-306
694
989
661
565
978
1633
2526
3282
2906
1394
260
850
2693
3741
2774
910
46
812
2168
2679
2226
1902
2351
3040
3310
3423
4156
5523
6663
6919
6767
7421
8709
8961
7465
4541
701
-1373
2160
9666
11562
900
-13398
-14511
-1078
9815
5481
-7645
-14835
-11157
-3926
-811
-2513
-5539
-6486
-4970
-3417
-3122
-2988
-2090
-563
1398
3080
2686
-515
-3330
-1276
4602
7760
4450
-1733
-4603
-2177
1977
3344
1254
-1735
-3379
-3389
-2951
-2929
-2906
-2545
-2312
-2634
-3583
-4509
-4339
-2928
-924
711
755
-863
-2400
-1839
1018
3872
4298
2746
1472
1646
2791
3772
4035
3800
3384
2903
2356
1741
1207
897
835
929
256
-2354
-5643
-6167
-2959
54
-1517
-6604
-9551
-7212
-2733
-985
-2808
-5065
-4875
-2816
-1492
-1629
-1575
-288
1200
1276
72
-686
-124
1326
2833
3191
1778
-205
-798
598
2474
2797
1444
78
100
1296
2194
1873
1185
1553
2897
3759
3422
2870
3482
5370
7051
7088
6183
6426
8435
10120
9112
6422
4268
1826
-795
756
7472
10878
2601
-11208
-14702
-4089
6468
4629
-5706
-12673
-11194
-5966
-3051
-3506
-4921
-5141
-4303
-3979
-4197
-3506
-1881
-237
1558
3288
2948
-401
-3379
-1523
4128
7392
4592
-1139
-4072
-2260
1227
2507
981
-1187
-2386
-2796
-3104
-3408
-3250
-2578
-1986
-1956
-2693
-3904
-4466
-3402
-1033
1199
1652
-1
-1916
-1753
823
3591
4263
3182
2242
2264
2788
3364
3878
4115
3731
2826
2006
1603
1406
1068
646
433
25
-1622
-4310
-5735
-4203
-1537
-1510
-4981
-8325
-7918
-4576
-2091
-2481
-4193
-4715
-3646
-2454
-1850
-1146
39
947
788
48
-178
429
1529
2678
3072
2083
400
-383
688
2508
3019
1812
395
267
1285
1894
1338
882
1777
3353
3812
2497
1284
2389
5210
7165
6642
4685
3929
5551
8348
10322
9783
6869
4240
3377
2413
632
1286
5942
8344
1090
-10892
-13728
-4035
5592
3689
-6387
-13125
-11513
-6275
-3274
-3518
-4898
-5406
-5000
-4880
-4806
-3517
-1435
140
1212
2146
1869
-546
-2756
-955
4140
7055
4582
-563
-3336
-1726
1719
3325
2142
-125
-1682
-2233
-2542
-2817
-2467
-1525
-941
-1490
-3023
-4449
-4440
-2639
-207
1133
543
-1150
-2182
-1402
824
2983
3747
3176
2294
1846
2016
2647
3312
3633
3452
2772
1829
912
394
467
727
766
61
-2238
-5236
-6029
-3607
-898
-1790
-5969
-8616
-6907
-3436
-1990
-3215
-4694
-4131
-2309
-1415
-1637
-1503
-129
1419
1401
260
-133
677
1889
2692
2590
1744
870
728
1529
2307
2031
1117
676
1169
1982
2035
1224
764
1523
2798
3329
2837
2255
2602
3852
5137
5624
5099
4456
5162
7429
9468
9070
6191
3632
3503
3786
1934
268
2446
5650
2470
-7145
-12585
-6968
2158
3096
-4755
-11962
-11923
-7184
-3635
-3368
-4738
-5626
-5412
-4876
-4191
-2649
-728
234
428
1174
2143
1510
-437
-523
2567
5570
4893
1202
-1720
-1422
958
2619
2179
384
-1319
-2166
-2349
-2226
-1877
-1542
-1606
-2112
-2785
-3248
-3104
-2226
-962
94
340
-332
-1155
-1100
154
1758
2486
2135
1564
1359
1509
1966
2515
2724
2409
1793
1254
1025
1035
950
477
-227
-679
-1161
-2575
-4483
-4915
-3159
-1441
-2487
-5746
-7654
-6054
-2690
-961
-2180
-4364
-4737
-2943
-791
271
304
141
224
427
750
1304
1866
2277
2442
2056
1149
486
857
2076
2902
2226
572
-432
96
1445
2202
1805
1031
826
1160
1575
2085
2879
3720
4118
3989
3799
4072
4835
5791
6897
8084
8488
7016
4338
2624
2361
1835
1128
2663
5347
3280
-5324
-12261
-8925
881
4958
-1448
-10561
-13066
-8459
-3036
-1613
-3544
-5405
-5314
-4106
-3182
-2412
-1084
429
1477
2272
2704
1802
-3
-113
2887
6369
6400
2693
-1072
-1502
1062
3477
3364
1168
-1057
-2028
-2087
-2080
-2154
-2054
-1820
-1875
-2647
-3824
-4319
-3478
-1875
-633
-408
-964
-1581
-1629
-739
776
2034
2442
2141
1674
1569
2078
2856
3253
2971
2332
1864
1613
1278
764
309
200
384
106
-1653
-4242
-5094
-3057
-574
-1105
-4600
-7186
-6002
-2661
-780
-1670
-3526
-3924
-2606
-1190
-587
-235
387
857
667
268
434
1058
1599
1928
1873
1160
186
-135
607
1689
1823
669
-629
-789
209
1117
979
360
297
725
958
923
1134
1937
2929
3327
3011
2628
2940
4238
5939
7027
7115
6624
5978
5509
5258
4249
1606
-703
967
5674
6319
-1350
-10575
-10705
-1808
4819
1439
-7342
-12026
-9574
-4526
-1921
-2522
-4190
-5053
-4766
-3778
-2309
-656
463
1035
1942
3062
2819
804
-445
1598
5479
6955
4146
-163
-1863
-2
2776
3532
1875
-511
-2046
-2479
-2440
-2340
-2220
-2220
-2555
-3186
-3866
-4268
-4029
-3075
-1706
-578
-566
-1683
-2595
-1907
250
2221
2580
1697
1046
1297
2125
2950
3295
3188
2911
2585
2205
1794
1440
1311
1442
1509
1073
-332
-2662
-4340
-3569
-1093
-100
-2540
-6306
-7438
-4906
-1743
-1145
-2948
-4518
-4116
-2582
-1444
-840
-226
321
235
-336
-401
385
1260
1644
1671
1365
574
-267
-249
912
2061
1767
215
-1080
-1000
64
772
570
233
397
570
368
335
1100
2468
3373
3139
2438
2444
3576
5267
6541
6890
6823
6867
6640
5906
5236
4890
3838
1638
621
2693
4693
1538
-5527
-8866
-4639
1494
1679
-4156
-9313
-9235
-5571
-2594
-2315
-3611
-4553
-4373
-3455
-2198
-741
446
941
1232
2004
2650
2098
1047
1364
3377
4952
4008
1191
-871
-557
1154
2119
1262
-695
-2349
-3040
-2952
-2565
-2407
-2723
-3302
-3672
-3616
-3384
-3228
-2923
-2077
-962
-364
-630
-1158
-860
556
2163
2951
2873
2576
2530
2797
3217
3614
3763
3461
2839
2174
1659
1402
1281
1079
727
207
-719
-2217
-3689
-3933
-2685
-1637
-2575
-4864
-6126
-5109
-3097
-2134
-2573
-3221
-3107
-2362
-1570
-981
-421
130
334
167
31
239
688
1030
1105
909
393
-218
-370
108
584
389
-406
-1091
-1066
-506
-26
-5
-237
-211
166
585
859
1132
1595
2253
2889
3297
3518
3706
4211
5237
6301
6834
6969
7035
6939
6474
5979
5686
4505
1557
-823
735
4573
4405
-2263
-9230
-8734
-1997
2188
-1136
-7728
-10512
-7814
-3733
-2293
-3393
-4585
-4488
-3440
-2169
-889
215
739
993
1864
3071
3153
1754
645
1614
3833
4494
2413
-449
-1430
-135
1413
1227
-546
-2299
-3007
-2901
-2783
-3051
-3385
-3408
-3226
-3188
-3442
-3675
-3299
-2125
-717
4
-390
-1171
-1009
510
2349
3187
2831
2230
2290
2981
3679
3938
3781
3396
2947
2536
2224
1984
1722
1361
853
246
-373
-1097
-2170
-3340
-3687
-2838
-2082
-3030
-5189
-6166
-4744
-2543
-1852
-2828
-3746
-3406
-2257
-1329
-866
-382
292
604
202
-336
-151
781
1640
1766
1120
-10
-990
-1002
61
1140
990
-431
-1842
-2034
-1088
-53
232
-116
-376
-186
178
488
927
1704
2640
3276
3343
3121
3221
4112
5668
6990
7268
6869
6892
7397
7265
6238
5642
5911
4919
1529
-1005
821
4291
2993
-3799
-8962
-6928
-1291
345
-3749
-8447
-9033
-6182
-3702
-3497
-4346
-4556
-3909
-3024
-2048
-861
68
311
545
1600
2742
2480
963
223
1540
3461
3512
1317
-948
-1197
186
1062
211
-1485
-2547
-2691
-2648
-2905
-3253
-3359
-3235
-3119
-3100
-3072
-2895
-2467
-1708
-768
-83
18
-127
305
1529
2798
3316
3221
3222
3611
4009
4066
3954
3930
3811
3328
2648
2238
2137
1842
1037
30
-653
-860
-1029
-1845
-3383
-4606
-4399
-3246
-3005
-4495
-6091
-5771
-3820
-2381
-2690
-3733
-3770
-2500
-1144
-669
-739
-518
38
315
189
211
685
1186
1198
724
84
-358
-365
30
413
280
-398
-1079
-1203
-728
-101
250
331
369
383
369
634
1396
2347
2992
3190
3219
3349
3762
4628
5717
6409
6434
6311
6739
7690
8151
7143
5325
4478
4840
4331
1692
-708
-26
1948
663
-4261
-7793
-6359
-2661
-1729
-4543
-7741
-8351
-6615
-4614
-3759
-3878
-4137
-4033
-3393
-2166
-760
95
313
700
1693
2414
1930
936
980
2259
3276
2665
878
-420
-314
490
735
30
-1042
-1875
-2413
-2743
-2790
-2593
-2418
-2487
-2751
-2938
-2794
-2289
-1625
-974
-407
-37
38
44
499
1516
2518
2932
2819
2650
2692
2920
3204
3432
3418
3040
2402
1766
1337
1151
1053
826
345
-386
-1165
-1802
-2402
-3142
-3674
-3347
-2482
-2591
-4376
-6123
-5543
-2942
-1021
-1606
-3542
-4339
-3090
-1051
119
41
-464
-635
-466
-210
107
442
583
479
280
-34
-604
-1108
-862
107
724
137
-1144
-1792
-1147
137
904
774
338
280
673
1208
1745
2303
2807
3137
3294
3321
3412
3946
5003
5963
6095
5544
5424
6489
7789
7532
5555
3944
4230
4816
3247
485
-93
1678
1809
-1736
-5513
-5508
-2866
-1803
-3641
-5926
-6494
-5756
-5042
-4686
-4231
-3621
-3375
-3535
-3254
-1967
-445
179
140
606
1635
2012
1297
668
1174
2267
2580
1658
361
-281
-112
221
84
-534
-1272
-1933
-2455
-2698
-2590
-2342
-2275
-2476
-2693
-2603
-2167
-1623
-1104
-555
-33
269
370
661
1394
2264
2826
3037
3152
3289
3393
3409
3386
3386
3326
3043
2472
1813
1353
1096
757
224
-347
-833
-1263
-1630
-1964
-2536
-3526
-4437
-4364
-3272
-2504
-3312
-5111
-5784
-4222
-1880
-1115
-2321
-3555
-3078
-1342
-84
-96
-618
-692
-275
84
105
-32
-80
-17
39
-32
-351
-830
-1102
-822
-204
38
-456
-1143
-1165
-359
579
959
795
639
886
1437
2031
2558
2987
3210
3201
3253
3757
4655
5305
5248
4842
4941
5791
6746
7103
6726
5825
4802
4290
4366
3937
2110
137
66
1167
229
-3411
-6088
-4971
-2367
-2425
-5286
-7388
-6781
-5106
-4413
-4624
-4568
-3962
-3411
-3104
-2456
-1192
-28
320
270
760
1748
2162
1652
1241
1731
2493
2407
1401
447
280
626
688
129
-683
-1236
-1500
-1764
-2034
-2057
-1863
-1813
-2055
-2267
-2025
-1375
-776
-484
-294
72
570
956
1224
1632
2198
2636
2793
2836
2931
3007
2911
2686
2516
2380
2073
1535
970
599
336
-46
-540
-918
-1121
-1347
-1749
-2189
-2432
-2594
-3186
-4268
-4822
-3796
-1957
-1637
-3695
-5811
-5122
-2051
96
-683
-2815
-3461
-1993
-216
212
-414
-809
-560
-316
-542
-861
-785
-392
-44
-17
-443
-1209
-1647
-1045
302
1100
495
-797
-1246
-180
1458
2208
1764
1157
1328
2026
2503
2648
2925
3421
3727
3686
3601
3751
4146
4689
5239
5533
5354
5008
5268
6161
6381
4994
3178
2725
3117
2308
441
-116
706
-109
-3423
-5687
-4238
-1781
-2425
-5596
-7253
-5934
-4100
-3986
-4890
-4920
-3781
-2795
-2696
-2600
-1571
-164
468
404
729
1578
1929
1533
1405
2085
2721
2365
1291
610
801
1241
1111
296
-558
-886
-899
-1109
-1513
-1736
-1710
-1696
-1816
-1863
-1642
-1295
-1039
-828
-496
-51
344
613
929
1402
1870
2188
2433
2657
2767
2704
2546
2435
2420
2417
2246
1764
1100
626
474
329
-64
-595
-1124
-1617
-1953
-2061
-2386
-3465
-4698
-4578
-2961
-1924
-3231
-5665
-6210
-3922
-1268
-1069
-3033
-4325
-3243
-1088
-137
-719
-1302
-955
-306
-182
-404
-367
-6
287
327
140
-293
-760
-723
49
855
729
-254
-889
-314
849
1385
1066
725
1014
1643
1979
1953
2074
2620
3225
3360
3042
2942
3452
4153
4495
4486
4499
4690
4852
4899
5173
5905
6441
5701
3792
2557
3264
4181
2710
-408
-1781
-618
-102
-2380
-5081
-5134
-3559
-3531
-5432
-6720
-6001
-4661
-4420
-4970
-4898
-3917
-2999
-2670
-2297
-1267
-115
257
161
648
1718
2303
1982
1582
1858
2359
2204
1471
995
1083
1208
850
172
-270
-389
-592
-972
-1211
-1132
-978
-1110
-1434
-1479
-1082
-569
-285
-226
-102
246
628
924
1233
1582
1846
1979
2081
2266
2450
2441
2224
1975
1843
1773
1531
969
364
78
-19
-309
-855
-1357
-1675
-2006
-2402
-2644
-2888
-3537
-4344
-4486
-3747
-3135
-3718
-5008
-5338
-4022
-2294
-1830
-2735
-3489
-2905
-1503
-574
-535
-764
-649
-287
-42
77
250
475
624
665
634
465
159
20
408
1067
1199
517
-221
-96
823
1567
1482
992
923
1474
2037
2067
1805
1945
2627
3185
3067
2570
2469
3043
3771
4040
3873
3765
4002
4350
4476
4449
4624
4951
4751
3579
2188
1936
2741
2589
201
-2580
-2950
-1386
-1229
-3712
-6032
-5633
-3976
-3989
-5642
-6457
-5419
-4065
-3833
-4192
-3853
-2730
-1768
-1340
-796
294
1245
1335
1147
1775
2963
3393
2699
2014
2284
2992
3016
2223
1467
1390
1653
1492
744
-16
-278
-236
-349
-694
-1034
-1197
-1210
-1159
-1056
-957
-920
-898
-749
-414
7
293
406
568
912
1327
1580
1613
1573
1610
1708
1707
1510
1208
954
759
474
80
-303
-647
-1042
-1497
-1885
-2152
-2373
-2616
-2937
-3436
-4056
-4399
-4042
-3230
-2854
-3446
-4353
-4336
-3052
-1569
-1128
-1726
-2214
-1698
-483
441
619
450
470
724
930
992
1025
1085
1105
1025
831
552
286
188
325
520
484
125
-251
-235
196
600
638
477
464
671
933
1152
1323
1484
1688
1878
1839
1587
1599
2221
3001
3107
2421
1808
2201
3478
4429
4015
2762
2376
3379
4140
3070
1159
744
1965
2203
-153
-3036
-3401
-1569
-875
-2891
-5252
-5275
-3765
-3320
-4342
-4893
-3998
-2867
-2653
-2835
-2415
-1442
-626
-134
501
1411
2017
1946
1851
2567
3727
4116
3393
2598
2638
3103
3129
2565
1926
1589
1404
1031
386
-220
-475
-536
-816
-1369
-1838
-2000
-1985
-1952
-1918
-1911
-1927
-1837
-1551
-1169
-852
-633
-448
-240
17
329
625
789
807
742
668
644
671
635
428
72
-289
-528
-680
-854
-1103
-1379
-1594
-1738
-1882
-2025
-2015
-1892
-2007
-2469
-2765
-2319
-1424
-1127
-1826
-2571
-2191
-818
206
2
-806
-965
-85
980
1262
781
336
440
820
956
751
457
236
130
135
57
-302
-773
-892
-553
-311
-666
-1346
-1580
-1046
-265
-65
-592
-1092
-851
-33
555
512
198
159
525
960
1066
857
808
1258
1927
2190
1833
1365
1517
2505
3627
3845
3107
2625
3195
3948
3628
2495
2092
2961
3627
2452
-89
-1576
-504
1464
1350
-1122
-3180
-2879
-1469
-1106
-1839
-2259
-1934
-1589
-1619
-1673
-1292
-530
111
389
576
925
1207
1227
1389
2089
2760
2544
1734
1336
1580
1832
1617
1100
641
298
-75
-553
-1039
-1356
-1504
-1743
-2182
-2590
-2812
-2889
-2843
-2670
-2476
-2372
-2309
-2133
-1791
-1349
-857
-396
-70
221
604
984
1272
1536
1797
1960
1991
1958
1925
1823
1617
1460
1403
1293
1011
570
173
41
73
-62
-506
-967
-1106
-989
-1126
-1746
-2354
-2307
-1626
-1173
-1716
-2756
-3037
-2151
-1020
-795
-1472
-2039
-1809
-1104
-588
-546
-784
-942
-920
-839
-821
-898
-983
-994
-1013
-1161
-1469
-1798
-1856
-1527
-1133
-1171
-1653
-1971
-1611
-820
-291
-312
-501
-356
164
663
881
994
1239
1531
1665
1702
1872
2197
2478
2555
2475
2495
2887
3497
3738
3336
2901
3239
4255
5087
5025
4058
2895
2530
3277
4242
4159
2690
710
-594
-536
546
1144
-132
-2568
-3822
-2916
-1527
-1638
-2972
-3724
-3129
-2128
-1828
-2212
-2387
-1747
-682
31
192
143
184
427
965
1655
1978
1581
882
606
855
1150
1078
599
-1
-381
-502
-596
-840
-1156
-1364
-1449
-1511
-1566
-1635
-1694
-1557
-1125
-667
-514
-591
-527
-84
545
983
1070
969
1016
1371
1786
1920
1761
1561
1510
1578
1605
1468
1166
784
480
335
233
22
-352
-757
-1001
-1039
-1079
-1316
-1657
-1849
-1876
-2078
-2555
-2821
-2414
-1742
-1710
-2548
-3298
-2958
-1815
-1104
-1482
-2254
-2369
-1725
-1095
-990
-1194
-1314
-1286
-1180
-1054
-972
-1020
-1109
-1037
-859
-833
-1060
-1244
-1046
-549
-271
-527
-935
-864
-234
340
365
59
-36
269
700
928
943
973
1143
1305
1332
1396
1652
1936
2031
2024
2103
2250
2414
2651
2919
3076
3145
3277
3522
3851
4249
4361
3732
2724
2437
3179
3838
3324
1816
219
-735
-679
85
357
-839
-2761
-3702
-3121
-2159
-1986
-2549
-3006
-2822
-2191
-1715
-1642
-1528
-920
-63
440
460
372
533
1060
1800
2305
2159
1522
1052
1136
1483
1600
1279
690
169
-86
-195
-388
-685
-887
-948
-1077
-1378
-1662
-1669
-1390
-1091
-1030
-1144
-1174
-978
-664
-362
-95
134
319
460
613
800
1008
1220
1397
1458
1372
1186
1015
941
960
954
764
366
-78
-350
-420
-440
-605
-969
-1424
-1765
-1830
-1679
-1685
-2181
-2912
-3120
-2496
-1801
-1995
-2903
-3303
-2533
-1376
-1062
-1712
-2275
-1901
-941
-378
-576
-1021
-1090
-756
-411
-361
-590
-872
-934
-724
-535
-672
-1060
-1305
-1166
-838
-729
-977
-1282
-1198
-701
-275
-294
-512
-421
52
505
649
637
728
999
1335
1572
1618
1553
1612
1943
2374
2538
2349
2183
2494
3186
3624
3413
2994
3156
3969
4594
4315
3400
2796
2966
3372
3228
2480
1806
1579
1273
280
-968
-1366
-753
-333
-1125
-2566
-3276
-2807
-1970
-1601
-1732
-1910
-1894
-1715
-1346
-740
-96
236
212
237
564
917
981
940
1183
1554
1527
976
422
387
757
941
570
-66
-441
-436
-373
-445
-550
-615
-746
-920
-937
-788
-663
-631
-562
-395
-253
-205
-149
46
370
671
789
762
779
954
1176
1265
1214
1109
988
831
644
473
324
142
-128
-461
-760
-1000
-1208
-1354
-1438
-1571
-1841
-2102
-2208
-2304
-2545
-2696
-2465
-2121
-2193
-2633
-2797
-2328
-1708
-1552
-1779
-1816
-1462
-1133
-1164
-1281
-1061
-638
-505
-760
-1008
-953
-733
-599
-590
-646
-766
-917
-971
-841
-649
-602
-703
-728
-524
-277
-212
-245
-71
349
692
719
598
677
1024
1377
1485
1376
1326
1478
1673
1697
1579
1539
1670
1845
1921
1912
1901
1995
2251
2555
2632
2456
2442
2895
3360
3080
2201
1763
2314
3027
2773
1655
875
984
1147
514
-428
-609
-159
-264
-1235
-1989
-1739
-1125
-1080
-1427
-1463
-1142
-980
-1045
-836
-202
361
384
123
213
742
1175
1177
1083
1244
1437
1292
946
829
1009
1156
982
544
118
-83
-85
-82
-212
-461
-714
-908
-1025
-1061
-1030
-979
-973
-1012
-1038
-980
-865
-730
-561
-385
-313
-392
-429
-229
74
185
21
-186
-212
-100
-77
-259
-458
-476
-408
-501
-770
-972
-972
-890
-897
-1025
-1146
-1129
-1121
-1473
-2045
-2079
-1255
-463
-832
-2083
-2710
-1908
-575
-133
-867
-1733
-1742
-1050
-565
-652
-858
-797
-683
-811
-1012
-1014
-861
-748
-720
-798
-1057
-1385
-1476
-1149
-692
-609
-1005
-1406
-1285
-707
-271
-341
-611
-598
-249
76
151
131
245
457
572
568
564
654
833
1055
1262
1352
1314
1310
1555
2022
2425
2510
2366
2346
2704
3290
3731
3824
3624
3332
3220
3451
3836
3934
3539
2914
2470
2389
2536
2495
1910
1033
536
575
505
-20
-486
-428
-280
-684
-1371
-1549
-985
-347
-362
-904
-1194
-805
-182
43
-79
-89
107
231
214
217
273
274
209
154
65
-146
-433
-611
-583
-527
-695
-1088
-1404
-1468
-1368
-1266
-1256
-1346
-1453
-1408
-1236
-1150
-1134
-942
-593
-421
-486
-450
-170
162
392
520
535
470
541
806
1008
931
721
597
598
633
570
352
87
-11
-3
-138
-438
-692
-897
-1269
-1668
-1673
-1299
-1144
-1653
-2461
-2722
-2157
-1468
-1533
-2259
-2687
-2320
-1729
-1647
-1966
-2104
-1908
-1678
-1667
-1814
-1911
-1834
-1616
-1457
-1518
-1726
-1872
-1765
-1429
-1103
-1082
-1335
-1479
-1196
-647
-263
-245
-425
-444
-119
378
691
688
643
825
1165
1446
1564
1560
1563
1756
2147
2443
2395
2170
2172
2516
2937
3143
3083
3020
3178
3401
3439
3414
3676
4010
3782
3034
2615
2991
3512
3328
2450
1650
1456
1528
1049
-111
-851
-160
1152
976
-1539
-4436
-4650
-1465
2053
1903
-2154
-5795
-4931
-587
2526
1650
-1344
-2895
-1784
270
1174
702
113
239
595
406
-208
-507
-87
753
1240
668
-787
-1861
-1421
117
1143
629
-843
-1837
-1507
-309
528
376
-249
-511
-277
-34
-33
19
416
935
1023
481
-142
-127
572
1276
1330
706
-77
-433
-193
274
422
102
-365
-677
-832
-979
-1089
-1028
-869
-928
-1402
-2011
-2247
-2020
-1708
-1593
-1672
-1941
-2429
-2826
-2627
-1871
-1320
-1539
-2230
-2607
-2307
-1729
-1433
-1499
-1637
-1668
-1701
-1750
-1606
-1225
-899
-890
-1099
-1249
-1199
-1011
-780
-535
-372
-412
-623
-706
-400
132
450
344
76
41
359
799
1039
993
919
1064
1325
1403
1265
1210
1442
1795
1895
1647
1293
1236
1629
2161
2334
1965
1439
1360
1872
2499
2689
2416
2119
2106
2325
2580
2726
2592
2195
1893
2015
2347
2277
1704
1205
1235
1503
1467
1115
841
682
270
-335
-411
310
890
303
-1010
-1551
-765
273
364
-335
-787
-543
-92
11
-104
-5
315
435
197
-81
-43
272
590
725
597
222
-148
-159
219
572
439
-110
-522
-435
-97
-11
-266
-466
-373
-266
-461
-805
-857
-525
-222
-367
-827
-1085
-861
-448
-318
-550
-804
-811
-631
-497
-543
-673
-729
-653
-595
-690
-896
-1010
-907
-685
-589
-818
-1285
-1646
-1540
-1056
-731
-1013
-1724
-2129
-1812
-1198
-1002
-1352
-1702
-1620
-1343
-1303
-1505
-1547
-1258
-955
-1037
-1402
-1599
-1396
-987
-734
-798
-1050
-1224
-1126
-816
-530
-457
-573
-690
-635
-425
-235
-152
-73
83
188
137
66
221
553
785
741
570
564
801
1062
1095
996
1027
1210
1350
1350
1330
1393
1534
1726
1861
1851
1731
1717
1901
2173
2326
2278
2135
2084
2205
2374
2520
2610
2531
2163
1758
1841
2389
2630
2081
1277
1065
1497
1820
1513
863
472
450
442
269
175
271
190
-283
-703
-564
-104
31
-293
-597
-508
-203
-42
-116
-218
-159
8
76
15
-20
2
0
-32
25
109
14
-264
-462
-407
-256
-278
-531
-784
-804
-663
-654
-860
-1020
-947
-832
-894
-1042
-1066
-979
-917
-906
-888
-857
-859
-883
-891
-854
-813
-863
-982
-1023
-907
-813
-913
-1092
-1131
-1052
-1060
-1192
-1309
-1331
-1313
-1335
-1414
-1468
-1460
-1471
-1550
-1603
-1520
-1408
-1430
-1554
-1585
-1480
-1366
-1343
-1370
-1358
-1298
-1227
-1173
-1121
-1031
-925
-891
-920
-915
-804
-668
-616
-624
-605
-572
-572
-562
-454
-274
-202
-318
-439
-349
-67
158
163
69
66
188
343
473
595
690
728
738
801
920
1014
1061
1118
1219
1305
1303
1241
1265
1414
1547
1535
1426
1425
1589
1751
1728
1595
1586
1769
1950
1930
1769
1685
1799
2023
2155
2029
1695
1471
1619
2024
2216
1927
1418
1198
1407
1689
1678
1363
1023
815
708
674
716
713
496
115
-171
-201
-105
-90
-236
-469
-662
-719
-668
-656
-742
-835
-801
-652
-568
-692
-924
-1001
-774
-424
-320
-575
-938
-1042
-819
-519
-455
-681
-945
-1013
-894
-778
-783
-832
-811
-775
-851
-1036
-1137
-972
-632
-458
-680
-1077
-1179
-829
-369
-285
-599
-869
-788
-528
-465
-625
-696
-518
-337
-444
-760
-948
-803
-516
-399
-572
-905
-1144
-1123
-884
-668
-710
-1014
-1298
-1268
-1003
-833
-904
-1062
-1067
-948
-915
-1018
-1065
-921
-695
-613
-756
-926
-915
-720
-502
-407
-456
-568
-626
-556
-374
-213
-145
-113
-42
57
114
155
297
562
783
819
746
795
1041
1296
1397
1405
1518
1717
1818
1768
1741
1929
2264
2452
2315
2022
1917
2173
2571
2713
2477
2125
2014
2197
2423
2461
2320
2117
1911
1738
1697
1836
1957
1798
1397
1088
1085
1232
1234
1053
842
679
513
343
285
346
325
80
-238
-390
-344
-333
-496
-682
-705
-623
-664
-854
-1015
-980
-801
-669
-668
-758
-835
-834
-702
-456
-237
-232
-453
-634
-526
-201
37
-19
-260
-416
-359
-180
-52
-79
-235
-390
-417
-335
-259
-291
-381
-427
-451
-524
-619
-604
-490
-470
-649
-880
-908
-749
-650
-755
-965
-1072
-1052
-1031
-1062
-1118
-1167
-1203
-1230
-1236
-1238
-1280
-1347
-1355
-1287
-1262
-1348
-1478
-1488
-1341
-1207
-1246
-1415
-1516
-1434
-1253
-1146
-1168
-1249
-1293
-1237
-1081
-906
-809
-834
-883
-800
-576
-379
-336
-337
-228
7
198
250
281
377
499
565
625
761
912
948
871
864
1015
1178
1193
1113
1128
1262
1339
1258
1166
1232
1389
1445
1338
1243
1299
1405
1401
1287
1227
1304
1416
1396
1249
1121
1116
1183
1234
1224
1163
1089
1026
1025
1075
1127
1116
1043
963
905
880
866
854
823
760
667
590
564
572
569
519
428
321
253
255
278
262
157
33
-5
52
130
130
25
-123
-184
-100
40
53
-159
-431
-526
-386
-229
-274
-477
-646
-692
-698
-745
-775
-760
-770
-887
-1069
-1136
-1070
-993
-1037
-1173
-1253
-1217
-1136
-1120
-1199
-1318
-1373
-1308
-1170
-1090
-1167
-1344
-1442
-1335
-1121
-1036
-1147
-1279
-1229
-1038
-942
-1056
-1217
-1179
-960
-801
-857
-1033
-1108
-1020
-871
-803
-827
-869
-888
-867
-803
-722
-667
-644
-616
-572
-538
-520
-489
-382
-249
-200
-249
-299
-226
-58
86
124
78
50
77
147
239
328
382
387
380
380
400
443
493
552
585
566
504
459
495
601
692
699
637
590
633
772
920
1006
1028
1024
1063
1154
1267
1359
1402
1411
1428
1471
1506
1510
1511
1557
1639
1667
1571
1419
1357
1448
1550
1497
1285
1083
1052
1146
1188
1075
882
759
747
768
748
665
561
466
388
321
266
222
185
151
70
-74
-232
-296
-194
-53
-72
-304
-578
-680
-566
-395
-361
-504
-728
-876
-865
-733
-620
-648
-793
-917
-910
-824
-786
-834
-861
-812
-748
-763
-830
-844
-762
-660
-641
-696
-755
-764
-722
-655
-610
-645
-750
-822
-780
-672
-664
-787
-886
-836
-720
-711
-832
-923
-852
-721
-702
-800
-873
-845
-774
-759
-784
-791
-781
-798
-863
-902
-883
-837
-802
-794
-822
-856
-846
-761
-641
-570
-574
-601
-546
-414
-300
-258
-232
-161
-63
-10
-25
-25
40
143
214
197
139
118
176
272
327
331
323
355
417
478
511
547
649
778
857
846
799
825
971
1146
1227
1171
1065
1040
1136
1269
1326
1275
1193
1161
1176
1208
1212
1212
1219
1199
1132
1047
1007
1033
1062
1030
939
836
738
681
709
786
783
619
412
370
524
660
580
374
292
382
451
355
226
237
313
249
48
-87
-46
41
-19
-209
-347
-361
-347
-397
-466
-479
-478
-540
-635
-650
-568
-504
-556
-651
-675
-615
-564
-593
-638
-638
-607
-619
-673
-679
-633
-608
-638
-663
-639
-593
-598
-635
-618
-538
-490
-543
-622
-601
-500
-445
-508
-590
-584
-509
-470
-505
-528
-495
-436
-411
-419
-403
-354
-307
-270
-233
-200
-194
-205
-189
-129
-85
-120
-184
-198
-153
-122
-157
-211
-229
-205
-176
-164
-172
-190
-185
-128
-40
2
-40
-100
-50
99
200
155
44
34
159
282
291
226
179
206
282
359
408
409
382
381
449
558
629
647
635
635
663
712
792
876
902
826
755
800
952
1064
1020
897
870
986
1110
1110
1028
991
1041
1098
1080
1007
959
956
944
912
860
765
641
549
557
591
504
288
115
140
255
243
63
-88
-79
-4
-20
-126
-199
-195
-177
-206
-264
-338
-428
-473
-431
-372
-448
-676
-843
-767
-562
-514
-715
-935
-946
-776
-636
-663
-761
-817
-772
-687
-623
-606
-626
-631
-583
-488
-436
-464
-503
-447
-314
-232
-258
-321
-318
-261
-227
-235
-246
-240
-264
-341
-409
-409
-348
-328
-393
-484
-531
-502
-435
-392
-399
-433
-452
-442
-416
-383
-354
-351
-385
-440
-471
-451
-422
-441
-492
-529
-528
-511
-505
-501
-479
-443
-409
-374
-328
-279
-229
-172
-104
-53
-25
7
70
140
168
162
182
257
346
389
394
413
480
583
677
744
783
813
867
953
1040
1076
1061
1046
1071
1116
1123
1071
1012
1003
1042
1070
1028
943
908
960
1047
1062
991
912
902
965
1012
967
853
755
736
762
738
625
480
404
425
452
381
230
117
117
181
180
71
-75
-149
-123
-74
-94
-199
-326
-381
-345
-293
-284
-338
-391
-387
-327
-251
-215
-210
-203
-164
-102
-57
-26
-15
0
21
40
53
47
29
1
-11
0
8
-11
-65
-115
-127
-109
-81
-84
-132
-193
-218
-191
-149
-141
-181
-235
-264
-278
-287
-292
-299
-311
-360
-421
-456
-446
-426
-430
-454
-488
-520
-544
-548
-513
-471
-478
-553
-631
-617
-534
-479
-525
-626
-665
-591
-499
-495
-556
-590
-533
-443
-401
-418
-425
-379
-294
-225
-199
-196
-174
-106
-30
28
32
22
52
128
208
224
203
195
243
319
363
374
362
377
417
466
504
517
514
514
529
547
549
537
542
559
564
527
475
477
527
570
540
468
422
450
514
535
491
418
389
419
453
430
351
290
285
302
280
208
144
126
120
82
33
4
-9
-31
-77
-116
-122
-110
-114
-134
-159
-176
-189
-182
-154
-131
-144
-202
-246
-237
-187
-169
-206
-277
-328
-324
-295
-271
-290
-340
-377
-366
-327
-317
-348
-379
-369
-339
-361
-438
-502
-491
-455
-492
-600
-696
-701
-657
-651
-701
-755
-742
-690
-654
-649
-649
-622
-576
-534
-526
-550
-573
-576
-560
-547
-570
-628
-686
-702
-677
-663
-674
-689
-680
-649
-619
-598
-568
-516
-465
-435
-444
-455
-433
-391
-352
-351
-399
-452
-456
-405
-347
-352
-411
-443
-400
-298
-238
-252
-282
-257
-175
-89
-62
-79
-78
-45
21
63
63
47
48
94
144
170
166
169
211
273
326
349
352
378
431
496
521
513
514
544
595
603
578
549
569
625
646
615
576
593
643
674
663
633
635
666
672
647
605
590
593
570
512
433
381
363
355
313
234
159
140
153
146
102
51
49
80
96
58
6
1
44
70
37
-26
-71
-67
-53
-67
-117
-179
-217
-216
-208
-217
-247
-271
-264
-233
-204
-201
-193
-160
-98
-55
-47
-62
-50
4
50
49
13
-21
-19
16
27
8
-23
-29
-6
25
32
33
57
105
152
158
146
148
198
251
251
199
158
155
175
172
116
55
29
33
23
-17
-80
-100
-79
-56
-61
-105
-129
-108
-49
-11
-20
-36
-22
29
75
90
94
104
142
182
192
190
190
220
265
300
303
289
296
342
405
435
428
420
451
505
544
550
559
586
622
637
631
628
643
674
687
680
657
638
630
630
636
631
613
582
560
546
533
521
502
477
453
419
390
369
359
362
351
330
303
289
296
310
320
309
283
265
253
244
226
198
186
164
130
83
48
42
51
46
8
-28
-33
-22
-7
-2
-4
8
16
4
-5
1
34
71
58
18
-19
-22
0
1
-30
-80
-109
-113
-125
-153
-180
-179
-157
-157
-188
-208
-180
-127
-90
-98
-123
-118
-93
-78
-90
-111
-120
-136
-173
-230
-281
-302
-317
-347
-397
-453
-481
-480
-465
-456
-463
-472
-470
-454
-435
-416
-400
-392
-392
-406
-427
-436
-428
-428
-440
-458
-468
-471
-477
-467
-445
-414
-395
-394
-386
-349
-291
-246
-223
-209
-180
-140
-112
-87
-62
-35
-4
9
7
6
20
43
50
42
22
12
21
37
36
23
20
36
55
67
63
73
102
125
134
122
122
138
155
153
147
143
146
148
142
135
133
134
129
123
113
105
100
96
92
86
80
81
82
79
85
97
110
112
102
92
96
102
98
80
59
53
50
36
19
12
26
40
46
43
44
59
76
89
82
68
52
39
24
6
-18
-44
-68
-84
-96
-113
-122
-123
-114
-106
-110
-114
-113
-105
-89
-80
-82
-88
-88
-77
-65
-59
-58
-65
-66
-61
-68
-81
-95
-101
-108
-127
-156
-187
-198
-199
-203
-213
-228
-233
-225
-201
-186
-178
-166
-153
-135
-119
-108
-107
-104
-93
-96
-110
-129
-138
-139
-142
-147
-163
-172
-172
-170
-163
-160
-155
-148
-141
-126
-112
-96
-75
-57
-35
-21
-9
4
22
38
42
37
32
34
37
28
18
9
6
8
13
12
17
34
48
69
85
107
128
151
175
198
211
219
226
233
233
226
217
208
200
189
178
163
153
150
146
143
147
152
154
158
162
165
167
168
160
149
128
95
76
55
29
-4
-37
-59
-68
-68
-75
-74
-62
-49
-32
-23
-12
0
6
10
3
-13
-28
-39
-48
-59
-75
-91
-98
-92
-81
-72
-64
-51
-31
-11
0
10
24
42
54
55
52
47
56
64
65
66
55
52
52
54
56
49
40
32
27
22
11
-1
-4
-4
-7
-19
-26
-32
-28
-26
-37
-50
-61
-75
-88
-102
-120
-138
-158
-171
-178
-189
-198
-201
-193
-181
-179
-170
-163
-148
-125
-119
-121
-115
-111
-111
-110
-114
-119
-120
-120
-116
-107
-97
-84
-66
-48
-29
-12
5
24
43
60
69
78
91
102
109
115
123
131
143
154
159
167
176
183
188
192
197
200
201
200
201
199
196
191
193
186
182
174
161
160
149
136
125
110
92
74
60
48
36
25
17
6
1
-1
-3
0
3
-2
-4
-2
-2
0
-5
-10
-14
-13
-13
-17
-19
-16
-13
-13
-15
-16
-15
-16
-17
-19
-23
-30
-34
-36
-39
-37
-39
-40
-31
-24
-18
-10
-6
9
18
25
29
33
37
38
36
28
23
19
9
-2
-10
-22
-29
-37
-42
-47
-56
-58
-60
-60
-53
-52
-48
-43
-37
-25
-24
-22
-18
-19
-22
-29
-39
-42
-49
-61
-70
-80
-84
-87
-87
-86
-82
-81
-79
-70
-67
-54
-48
-48
-45
-50
-54
-58
-60
-64
-68
-72
-69
-70
-63
-54
-44
-26
-14
-2
6
18
28
36
37
34
35
28
26
20
15
16
10
10
14
16
20
28
33
43
51
52
59
65
67
72
73
71
76
75
75
76
78
77
75
72
68
67
64
64
64
62
60
56
56
58
58
59
56
56
60
60
55
52
48
49
45
41
35
27
25
19
14
9
1
-3
-10
-14
-22
-31
-37
-41
-45
-57
-59
-64
-68
-67
-68
-70
-67
-63
-61
-55
-56
-54
-49
-50
-52
-51
-50
-48
-48
-47
-44
-41
-36
-27
-19
-14
-6
2
9
12
16
18
21
20
20
17
11
13
12
13
12
7
10
7
9
9
6
4
-2
-4
-11
-19
-28
-36
-44
-60
-67
-76
-84
-87
-95
-94
-101
-99
-97
-98
-98
-97
-94
-93
-87
-86
-81
-76
-75
-73
-73
-71
-65
-61
-56
-52
-50
-43
-39
-33
-24
-8
6
16
33
49
65
81
100
111
125
137
147
154
154
156
158
155
150
149
146
148
151
147
146
150
153
154
156
150
149
149
141
132
121
110
98
80
66
52
39
30
18
4
-4
-12
-23
-30
-34
-43
-50
-54
-60
-67
-75
-84
-92
-98
-101
-107
-112
-110
-110
-114
-116
-114
-111
-107
-105
-102
-97
-87
-80
-75
-71
-65
-57
-48
-42
-31
-24
-19
-7
-6
1
5
6
10
16
23
25
29
33
39
45
48
51
56
56
60
62
61
59
53
48
37
31
24
17
9
4
-2
-15
-21
-26
-27
-33
-42
-41
-48
-50
-53
-57
-63
-70
-73
-76
-82
-85
-89
-92
-92
-95
-98
-102
-106
-103
-93
-90
-87
-85
-78
-73
-70
-55
-49
-38
-32
-21
-10
-2
9
15
19
25
34
38
47
54
62
68
69
78
85
90
95
100
104
111
111
114
116
113
114
113
109
107
104
103
100
98
93
89
87
79
83
77
73
70
60
60
51
45
39
31
26
19
14
9
2
1
-6
-10
-15
-21
-21
-24
-27
-32
-35
-38
-39
-39
-44
-47
-49
-49
-50
-50
-52
-53
-53
-50
-53
-52
-48
-47
-47
-41
-41
-39
-36
-38
-36
-34
-31
-28
-26
-25
-26
-23
-22
-20
-19
-17
-16
-14
-7
-10
-8
-4
-6
-6
-6
-7
-7
-9
-9
-10
-13
-13
-17
-20
-22
-26
-26
-30
-34
-37
-43
-47
-51
-57
-57
-61
-67
-67
-72
-72
-75
-77
-79
-78
-80
-82
-80
-83
-83
-77
-76
-76
-72
-75
-74
-65
-63
-59
-48
-44
-40
-30
-21
-11
-3
6
14
18
28
34
43
51
59
70
75
83
93
102
108
114
120
125
130
136
140
142
144
149
150
151
151
149
149
149
146
142
138
132
130
123
119
113
105
101
94
87
79
67
60
52
40
35
24
15
6
-4
-12
-23
-28
-36
-45
-52
-62
-70
-75
-80
-84
-90
-93
-94
-97
-101
-98
-103
-102
-102
-101
-101
-101
-98
-94
-89
-88
-84
-79
-74
-68
-58
-50
-42
-35
-28
-18
-14
-5
0
6
12
17
24
31
37
44
46
51
56
59
63
64
66
66
64
65
62
60
57
53
48
43
34
29
23
20
10
0
-2
-16
-22
-30
-43
-51
-60
-69
-80
-89
-94
-105
-109
-112
-120
-121
-130
-130
-131
-134
-132
-132
-133
-130
-129
-128
-120
-119
-109
-103
-95
-86
-79
-65
-60
-44
-32
-22
-8
3
14
24
33
42
53
65
73
84
96
107
117
124
132
141
145
152
159
160
162
164
164
164
164
163
160
157
155
154
146
143
140
135
126
118
110
101
93
86
77
66
56
47
37
26
19
12
2
-3
-10
-20
-24
-29
-35
-44
-47
-52
-59
-63
-65
-66
-66
-70
-69
-72
-73
-69
-71
-63
-63
-64
-60
-60
-55
-52
-51
-49
-45
-42
-40
-35
-33
-29
-26
-25
-19
-18
-17
-15
-13
-13
-12
-13
-13
-14
-15
-15
-17
-15
-17
-21
-21
-21
-25
-24
-31
-30
-32
-36
-33
-40
-41
-44
-48
-47
-49
-48
-52
-51
-51
-51
-48
-52
-52
-49
-45
-47
-45
-41
-39
-36
-36
-33
-26
-24
-17
-16
-11
-9
-7
1
0
2
6
8
12
15
16
19
20
20
21
26
25
25
24
26
23
25
23
21
22
17
19
20
19
16
17
17
18
19
20
18
18
21
20
23
25
25
28
28
30
34
39
40
41
45
53
55
59
65
64
69
74
77
79
83
86
84
85
89
90
91
93
93
90
89
90
87
85
81
75
77
72
68
62
58
55
48
41
32
28
23
16
7
0
-4
-13
-21
-31
-42
-46
-55
-61
-67
-73
-75
-83
-87
-90
-91
-97
-99
-101
-100
-102
-102
-103
-102
-100
-103
-97
-97
-94
-89
-87
-83
-78
-73
-70
-64
-60
-56
-48
-43
-37
-32
-27
-23
-17
-13
-10
-5
-1
0
5
10
9
13
13
14
17
15
14
14
14
7
8
8
3
1
-1
-5
-11
-14
-18
-25
-25
-29
-33
-35
-38
-43
-41
-46
-47
-45
-49
-50
-48
-47
-45
-43
-42
-38
-36
-32
-27
-22
-18
-13
-4
3
6
13
20
27
34
41
47
55
63
72
78
84
91
94
100
104
105
113
117
119
121
118
120
121
118
117
114
109
106
101
95
90
84
77
71
65
59
54
46
35
27
21
12
3
-4
-10
-22
-26
-34
-43
-48
-54
-60
-64
-70
-75
-77
-79
-79
-81
-82
-82
-80
-78
-76
-73
-73
-69
-66
-64
-59
-53
-47
-44
-36
-30
-27
-18
-13
-12
-5
0
5
10
13
20
23
24
27
27
29
29
31
32
28
26
26
24
23
19
16
10
4
2
-2
-9
-16
-21
-28
-34
-41
-45
-51
-54
-61
-68
-74
-77
-79
-82
-84
-88
-89
-91
-90
-91
-89
-87
-85
-76
-76
-71
-65
-61
-53
-47
-41
-31
-25
-15
-7
4
17
20
32
40
50
56
66
77
83
95
98
108
113
119
125
129
135
138
138
139
142
140
139
138
133
131
128
125
122
115
112
104
96
88
81
74
65
59
50
41
34
23
16
7
-3
-7
-16
-23
-29
-35
-41
-45
-48
-55
-57
-59
-64
-66
-66
-70
-70
-70
-70
-71
-68
-67
-64
-61
-59
-58
-55
-53
-51
-46
-42
-42
-35
-32
-32
-29
-26
-26
-24
-19
-18
-14
-12
-12
-12
-11
-10
-11
-12
-11
-12
-12
-10
-14
-14
-18
-22
-22
-21
-22
-25
-29
-28
-31
-32
-32
-39
-37
-37
-40
-43
-41
-42
-45
-44
-46
-45
-47
-43
-42
-43
-41
-41
-39
-40
-37
-33
-36
-28
-27
-29
-25
-25
-20
-19
-16
-12
-13
-8
-5
-4
2
4
4
10
10
16
20
24
27
28
30
31
35
39
39
43
46
45
51
55
55
59
61
61
65
65
66
67
69
68
69
69
68
71
71
72
70
69
68
68
66
64
65
62
61
59
55
52
50
46
41
37
33
30
27
23
18
14
6
-2
-3
-7
-16
-22
-26
-34
-37
-42
-49
-55
-60
-65
-69
-73
-77
-77
-82
-85
-88
-94
-94
-94
-94
-94
-98
-97
-95
-95
-93
-92
-88
-86
-80
-77
-72
-65
-61
-56
-52
-46
-38
-31
-26
-16
-13
-6
0
7
14
21
28
33
40
38
48
51
53
56
58
59
62
62
62
65
61
62
57
51
50
45
41
38
28
24
19
13
5
0
-6
-15
-19
-29
-33
-39
-44
-51
-56
-60
-67
-70
-74
-75
-75
-76
-77
-78
-77
-77
-74
-70
-66
-58
-52
-50
-42
-34
-29
-22
-10
-5
6
17
28
36
40
54
60
69
77
88
96
104
110
111
117
119
125
128
126
132
133
132
132
126
125
122
117
111
106
102
94
84
78
68
55
46
36
27
18
10
-3
-11
-19
-31
-39
-48
-56
-60
-65
-70
-75
-81
-83
-88
-91
-92
-96
-89
-89
-86
-80
-81
-78
-75
-67
-63
-56
-51
-43
-35
-29
-18
-14
-7
2
6
15
22
29
36
44
47
51
53
55
60
62
64
63
64
61
61
58
52
51
47
41
35
33
24
17
10
2
-4
-14
-22
-29
-36
-43
-52
-60
-66
-77
-81
-91
-97
-98
-104
-105
-111
-113
-118
-118
-115
-117
-114
-111
-106
-101
-97
-93
-86
-80
-74
-64
-58
-51
-41
-33
-25
-14
-7
0
10
17
27
36
44
55
57
64
69
72
79
84
89
90
93
94
96
94
94
94
92
89
87
86
83
80
74
72
65
57
57
51
47
40
38
34
28
26
17
11
12
8
7
3
0
0
0
-1
-1
-1
3
2
8
10
9
13
15
16
17
22
24
23
31
32
33
36
39
40
41
45
43
45
47
46
44
40
40
33
34
32
28
24
17
13
8
4
-6
-11
-19
-25
-28
-38
-44
-50
-56
-65
-71
-74
-82
-85
-88
-92
-96
-98
-102
-105
-105
-105
-104
-105
-105
-102
-101
-99
-94
-91
-86
-80
-76
-70
-63
-55
-49
-41
-36
-32
-24
-14
-8
-3
7
9
15
22
30
32
36
43
45
50
50
55
52
50
52
50
48
46
44
41
40
36
33
29
23
17
13
10
3
0
-5
-8
-13
-20
-24
-30
-33
-34
-37
-37
-40
-39
-39
-39
-42
-38
-36
-36
-27
-27
-22
-19
-15
-11
-4
0
3
15
21
29
35
42
50
55
61
70
74
79
86
90
94
96
97
101
105
103
104
108
104
100
99
100
92
91
85
80
76
68
65
55
48
44
36
25
20
13
4
-2
-10
-19
-27
-32
-42
-49
-52
-60
-65
-66
-68
-74
-79
-78
-82
-80
-80
-80
-78
-78
-74
-74
-71
-66
-64
-60
-56
-53
-48
-41
-35
-30
-28
-19
-16
-14
-4
-1
2
7
9
10
13
16
16
17
19
17
16
15
15
14
9
5
4
0
-3
-7
-10
-15
-20
-23
-26
-31
-35
-39
-43
-48
-47
-51
-60
-59
-64
-65
-65
-66
-63
-64
-61
-60
-58
-55
-52
-51
-43
-40
-34
-29
-25
-18
-15
-9
-1
3
9
17
22
30
36
41
47
52
57
61
67
71
75
76
80
80
83
84
84
83
82
80
78
77
73
72
63
62
58
52
51
43
40
33
26
22
17
11
3
4
-2
-11
-10
-19
-21
-24
-30
-33
-34
-36
-38
-38
-39
-39
-37
-39
-37
-36
-34
-29
-29
-23
-21
-19
-15
-11
-8
-5
1
6
10
14
17
20
22
25
26
30
35
36
40
40
41
42
43
42
40
40
39
37
38
35
31
26
22
21
17
14
9
7
0
-4
-7
-14
-18
-20
-27
-30
-31
-34
-41
-42
-47
-50
-54
-56
-55
-60
-57
-59
-60
-59
-61
-62
-58
-59
-56
-54
-51
-49
-47
-43
-42
-38
-38
-36
-32
-25
-22
-21
-15
-14
-9
-5
-2
3
5
12
13
18
21
23
26
27
31
34
39
38
40
39
41
43
42
44
41
43
45
44
45
45
40
42
37
39
37
33
36
32
31
31
27
28
27
24
25
23
18
23
18
17
19
16
16
15
14
13
13
14
12
8
9
6
7
7
8
6
4
6
5
5
4
4
2
2
1
1
1
1
2
0
-2
-3
-5
-8
-6
-6
-5
-4
-6
-7
-7
-10
-11
-11
-15
-14
-13
-12
-14
-14
-16
-15
-14
-13
-13
-12
-10
-13
-10
-10
-10
-9
-7
-9
-6
-7
-6
-2
-5
-6
-4
-5
-1
-5
-7
-4
-8
-7
-6
-7
-8
-11
-10
-9
-11
-13
-14
-15
-15
-14
-19
-22
-23
-24
-27
-25
-25
-29
-31
-29
-30
-30
-32
-31
-29
-31
-30
-29
-31
-29
-24
-26
-22
-20
-19
-14
-13
-12
-9
-8
-3
3
4
8
13
17
18
22
25
27
32
33
36
39
38
44
44
45
48
49
51
50
50
47
52
50
46
47
43
40
40
39
35
32
27
23
19
19
16
11
9
5
1
-5
-5
-9
-14
-12
-19
-19
-25
-24
-24
-31
-30
-31
-32
-31
-31
-31
-31
-27
-29
-27
-25
-25
-21
-23
-19
-15
-14
-11
-10
-6
-1
-1
3
6
8
10
14
16
17
19
19
16
19
19
22
24
22
23
20
20
18
15
16
15
9
8
4
-1
-2
-7
-12
-11
-14
-19
-21
-26
-29
-32
-33
-38
-41
-42
-46
-48
-50
-49
-53
-52
-57
-57
-56
-60
-56
-57
-55
-55
-53
-49
-49
-44
-42
-40
-36
-34
-29
-27
-23
-18
-12
-7
-6
0
4
8
12
18
21
25
27
31
34
38
42
43
48
48
46
51
50
49
51
53
51
51
49
49
47
45
43
44
42
42
38
35
37
30
27
23
20
19
18
16
12
13
10
4
6
4
1
3
3
0
1
1
-1
1
0
1
0
3
2
2
4
4
5
6
8
8
9
13
13
13
13
12
15
14
15
16
15
16
16
16
14
16
13
13
12
8
8
4
3
0
0
-1
-2
-2
-5
-5
-9
-15
-13
-16
-16
-14
-18
-20
-17
-21
-22
-23
-21
-25
-28
-23
-25
-24
-21
-22
-25
-21
-19
-20
-20
-16
-15
-17
-12
-14
-10
-10
-8
-6
-6
-1
-1
-1
1
1
-1
0
-1
0
0
0
0
-2
-2
-1
-4
-4
-5
-7
-6
-7
-4
-8
-11
-15
-16
-16
-19
-18
-21
-21
-20
-20
-23
-21
-23
-23
-22
-20
-20
-18
-17
-19
-18
-17
-15
-13
-12
-8
-7
-6
-1
-2
1
2
2
6
8
10
13
16
20
19
21
22
24
27
27
33
33
33
33
32
32
31
34
34
34
33
31
31
26
27
22
21
19
17
18
13
12
9
6
1
3
0
-4
-2
-5
-6
-11
-11
-14
-17
-17
-21
-18
-18
-20
-18
-20
-19
-18
-20
-21
-20
-16
-16
-12
-13
-9
-5
-8
-3
-2
0
1
3
2
3
5
5
8
11
10
15
13
16
19
14
19
16
15
15
14
13
13
12
11
11
9
6
5
3
1
1
-1
-7
-8
-8
-14
-16
-17
-19
-22
-24
-26
-26
-27
-27
-29
-32
-32
-34
-33
-32
-30
-31
-30
-28
-30
-25
-25
-24
-22
-22
-20
-17
-17
-13
-11
-7
-5
-3
-2
0
3
