5
4
1
5
4
2
2
1
-1
4
2
1
1
-1
0
-1
-3
-6
-1
-2
-2
-1
-1
-2
1
3
2
1
4
3
1
2
1
0
1
1
-2
-3
-2
-2
0
0
0
0
0
-2
-2
-1
-1
0
0
-2
3
3
1
1
-3
-3
-4
-3
-4
-3
-1
-5
-7
-1
0
-4
0
0
-2
0
0
2
3
5
2
3
3
-2
3
6
7
4
5
5
3
8
7
5
1
1
2
3
3
3
7
2
3
7
7
5
7
6
6
7
7
3
4
5
4
3
2
4
0
2
2
4
5
3
2
2
3
2
3
4
3
3
2
0
4
4
3
3
4
3
1
4
1
2
3
3
1
1
2
4
5
0
3
8
2
4
2
3
4
4
3
1
5
5
5
3
3
6
7
6
5
5
5
5
6
7
3
5
3
5
3
5
4
4
8
5
6
8
5
4
5
3
1
0
0
0
0
-1
-1
1
1
-3
-2
0
-2
-2
-5
-2
-6
-6
-2
-5
-5
-6
-4
-2
-3
-4
-3
-5
-5
-4
-6
-2
-3
-6
-1
-3
-4
-2
-5
-4
-3
-3
-4
-3
-4
-7
-5
-4
-3
-3
-6
-3
-2
-5
-3
-1
-1
-1
-4
0
-3
-2
-3
-6
-4
-4
-3
-5
-5
-5
-8
-4
-8
-7
-5
-6
-5
-6
-9
-5
-8
-9
-6
-7
-5
-7
-5
-10
-6
-7
-9
-4
-5
-6
-3
-2
-4
-3
-1
-4
-1
-4
-1
-2
-2
0
-2
0
-2
0
-1
1
2
0
2
1
1
2
-1
0
0
0
0
-3
-3
-1
-2
-5
-1
-2
0
-2
0
3
5
2
2
3
1
4
4
4
3
0
-1
0
1
-1
-3
-1
0
-1
-3
-4
-3
-3
-1
4
0
-3
-2
-2
-3
-2
-1
-2
-1
1
-3
-2
1
0
0
2
2
2
3
0
1
1
2
2
1
-1
1
1
3
4
-1
1
1
-2
-3
-2
-1
1
-2
-1
2
1
3
1
2
1
1
4
2
4
2
0
2
1
2
2
3
0
-1
-1
-1
-2
0
-2
-3
-2
-2
-1
0
0
-1
0
1
0
0
0
-2
1
1
0
0
-2
-1
0
0
-2
-1
-1
-1
-1
0
1
1
-2
-1
-1
0
1
1
0
4
5
4
3
1
5
5
2
0
2
2
0
-4
0
2
0
2
0
3
2
3
3
3
1
2
3
3
3
2
2
1
2
2
1
2
-2
0
2
1
3
6
5
3
1
0
3
2
4
3
4
5
1
2
1
1
3
-1
2
2
-1
3
1
2
3
3
2
1
3
2
4
5
2
1
3
2
1
1
-1
-1
-3
1
-1
-2
3
3
3
1
-2
-1
0
-1
1
-1
-1
-3
-1
-1
-1
-2
-3
0
-4
-2
-2
-3
-2
0
1
0
-1
2
3
0
-1
-2
-1
-3
-2
-1
-3
-3
-3
-2
0
1
-3
-3
-4
-2
-2
-1
-3
-4
-1
-2
-2
-2
3
1
-3
-1
0
1
-2
0
-2
-1
0
-2
0
-2
-1
-3
-2
0
-2
0
-1
-4
-2
1
1
1
1
1
2
5
1
0
3
3
1
2
-1
0
-1
-5
-2
-1
-3
-1
-1
-1
-3
1
1
-1
-2
-2
1
-1
2
1
0
2
2
2
2
2
3
2
1
1
2
0
2
0
-2
-2
-2
-2
-1
2
0
-1
1
0
-1
1
1
0
2
3
2
1
1
2
-2
-1
-2
0
-3
0
0
-2
-2
-1
-2
-3
0
-2
1
0
-1
-1
-3
-3
0
0
1
1
0
0
-1
2
1
1
-1
-2
0
0
-2
-4
-5
-2
-1
-1
1
-3
-1
-1
-3
-3
0
1
-4
-2
-2
0
2
-4
0
-2
-1
-1
-3
-1
-2
1
-2
-1
-2
-2
-3
-3
0
0
-2
2
-2
1
1
2
2
1
4
1
-1
3
6
0
0
0
1
3
2
4
7
4
1
1
2
5
4
2
0
2
2
1
4
1
2
1
-1
4
1
5
5
3
4
5
3
6
5
2
2
2
4
2
6
6
5
5
4
1
4
3
1
1
-1
1
0
0
-2
-1
-2
0
-1
0
-3
-5
-2
-4
-1
-2
-3
-1
2
-3
0
1
-1
1
-1
0
0
0
-2
-4
-3
-3
0
2
-1
0
-2
-1
-1
0
-1
-4
-1
-1
-3
-6
-3
-2
-3
-6
-3
-4
-3
-3
-5
-2
-3
-4
0
0
-3
-1
-3
0
0
-3
-2
-3
-2
-1
-1
-2
-1
-2
-3
-3
-1
-2
-4
-1
-2
-3
-4
-1
-1
-2
-2
-3
-4
-3
-2
-3
0
-2
-5
-5
-3
-3
-5
-5
-4
-2
-3
-1
-1
-1
-3
-1
-1
-3
2
1
-1
1
-2
-1
-2
-3
0
0
1
3
5
4
4
5
6
8
7
7
7
5
6
4
4
2
2
5
4
3
3
3
3
1
0
3
1
0
1
2
3
5
0
1
4
2
-1
0
0
1
1
2
1
-1
0
0
1
-2
-3
-1
-1
0
2
-2
-1
2
-1
1
1
0
1
1
1
2
3
5
5
3
6
5
5
1
0
2
0
3
2
1
1
2
0
1
-2
1
2
1
2
1
4
4
4
2
1
1
2
3
2
5
4
3
5
4
2
1
3
1
3
4
0
3
6
4
2
2
5
6
4
4
4
3
4
3
2
4
4
5
5
1
1
4
4
4
5
3
0
1
2
1
5
4
3
2
1
3
3
6
3
4
4
0
-1
0
-1
0
2
3
4
5
4
5
3
3
3
2
5
7
5
3
2
4
4
4
5
4
5
7
7
6
6
5
5
7
3
6
3
3
1
2
4
4
5
0
2
-1
2
1
1
4
1
2
-1
2
1
1
1
-2
2
0
1
3
-1
0
0
-1
0
-1
-1
-1
-3
0
-1
-4
-2
-6
-7
-3
-3
-2
0
-4
-4
-1
-1
-4
-7
-5
-4
-2
-4
-7
-7
-8
-5
-2
-3
-3
-4
-4
-5
-4
-6
-7
-5
-7
-3
-4
-5
-6
-8
-7
-4
-5
-8
-6
-7
-7
-7
-7
-8
-7
-5
-8
-6
-5
-7
-9
-11
-13
-7
-7
-6
-8
-8
-4
-6
-6
-8
-5
-5
-9
-9
-9
-5
-7
-8
-7
-5
-6
-7
-6
-7
-6
-7
-7
-2
-1
-2
-1
-3
-5
-1
-3
-6
-3
-2
-5
-2
-5
-5
-1
-3
-3
-1
-2
-3
-3
-2
-2
-2
-5
-3
-3
-7
-5
-6
-4
-3
-5
1
-3
-3
-2
-4
-3
1
-2
-4
-1
-2
-2
1
-1
-1
0
-1
-1
-1
0
-1
0
-1
1
2
1
1
0
2
2
0
2
2
0
1
-2
1
2
0
1
4
5
3
4
2
2
4
6
6
4
3
0
6
7
8
4
0
6
9
6
4
4
9
8
8
4
1
9
14
8
-2
4
9
10
5
-1
0
7
5
-1
-3
-2
6
5
1
-1
1
7
3
4
2
2
4
3
0
-3
3
8
9
2
1
4
7
9
5
0
3
9
7
3
-2
2
4
10
5
1
5
10
11
3
3
6
11
13
5
-1
4
12
12
6
-2
2
9
13
2
-5
1
10
12
2
-3
4
10
7
3
-2
1
9
8
0
1
9
9
2
0
4
9
4
-1
2
4
4
-1
-6
1
5
5
0
-2
3
6
0
-4
-5
3
-1
-5
-4
-5
1
-2
-4
-3
0
1
-2
-6
-5
1
-2
-3
-9
-8
-2
-2
-7
-12
-6
-1
1
-5
-11
-7
-3
-1
-7
-11
-4
2
3
-2
-7
-9
-1
0
-1
-7
-8
1
0
-2
-6
-10
-4
0
-3
-7
-12
-6
-1
-4
-10
-13
-9
-3
-3
-12
-12
-6
0
-3
-9
-10
-5
1
-3
-10
-11
-8
-6
-7
-10
-14
-8
-2
-4
-5
-9
-6
-2
-5
-11
-11
-5
-1
-6
-13
-8
1
1
-8
-10
-1
6
-3
-8
-8
0
6
-4
-10
-6
1
-1
-3
-9
-9
-6
-2
-2
-6
-9
-6
3
-1
-10
-14
-6
7
4
-8
-13
-2
8
1
-10
-12
0
3
-7
-13
-7
1
1
-9
-17
-10
-5
-4
-13
-17
-15
-16
-18
-15
-10
-16
-27
-32
-18
-7
-13
-30
-29
-15
-7
-12
-20
-16
-2
2
-2
-5
3
16
17
17
16
20
26
33
40
38
29
22
36
48
47
30
14
19
25
26
16
7
5
-7
-13
-15
-18
-21
-24
-26
-38
-50
-46
-28
-15
-25
-47
-44
-22
-5
3
3
5
18
30
42
55
64
69
73
78
80
90
106
109
91
82
91
99
102
84
69
67
66
52
43
45
48
31
3
-3
16
37
27
-8
-21
6
38
40
27
31
45
55
64
75
101
128
127
104
101
123
161
191
183
144
114
133
174
188
161
122
105
104
106
103
91
61
39
37
31
-1
-31
-26
-2
-23
-88
-117
-86
-66
-97
-128
-142
-174
-203
-163
-115
-167
-277
-301
-254
-286
-355
-239
-63
-310
-930
-960
-3
657
-254
-1746
-1621
199
1197
-196
-2067
-1670
357
987
-538
-1728
-827
597
303
-1141
-1298
221
1038
-187
-1607
-1042
728
1207
-191
-1469
-900
627
1012
-89
-1028
-612
435
706
-15
-631
-303
470
632
86
-234
180
700
637
312
457
960
1062
669
592
1222
1815
1607
1028
1006
1512
1885
2013
2118
1912
1145
707
1665
3162
2974
815
-596
738
2899
2713
429
-752
410
1593
790
-696
-568
694
694
-1029
-2176
-1187
376
181
-1545
-2589
-1926
-824
-782
-1566
-1976
-1706
-1532
-1829
-1998
-1578
-1044
-1146
-1805
-2173
-1716
-930
-657
-986
-1361
-1393
-1143
-790
-468
-333
-457
-690
-756
-512
-101
166
148
-45
-219
-239
-35
320
539
415
12
-321
-217
218
449
180
-278
-536
-548
-457
-364
-359
-549
-901
-1225
-1282
-1013
-757
-842
-1211
-1530
-1534
-1183
-725
-606
-871
-1082
-905
-464
-16
268
322
319
478
876
1420
1855
1996
1981
2161
2544
2840
3116
3547
3716
3124
2508
3191
4728
4920
3006
1430
2483
4575
4422
2038
718
1862
3035
2100
353
157
1249
1359
-209
-1612
-1175
113
21
-1604
-2790
-2335
-1379
-1499
-2450
-2925
-2593
-2368
-2726
-3027
-2772
-2338
-2317
-2702
-2984
-2730
-2055
-1652
-1805
-2053
-1958
-1626
-1339
-1076
-860
-791
-776
-654
-417
-146
143
379
446
384
381
619
983
1196
1166
1034
914
885
1048
1201
1069
765
585
470
223
5
3
30
-234
-803
-1277
-1213
-895
-1005
-1588
-2039
-2008
-1784
-1678
-1736
-1801
-1747
-1691
-1645
-1390
-880
-518
-507
-471
-120
500
1151
1554
1749
1979
2380
2885
3360
3690
3815
4144
4806
4946
3978
3116
4218
6454
6607
3660
1116
2554
5852
5919
2404
176
1700
3500
2303
-105
-380
1173
1409
-781
-2915
-2383
-281
60
-2152
-4260
-3934
-2289
-1887
-3067
-4010
-3682
-3219
-3620
-4086
-3657
-2801
-2682
-3406
-4019
-3702
-2601
-1778
-1950
-2621
-2791
-2244
-1607
-1206
-957
-890
-990
-977
-646
-126
378
687
672
419
307
682
1356
1751
1528
986
726
889
1203
1400
1261
757
138
-127
60
287
142
-413
-1008
-1338
-1367
-1250
-1194
-1357
-1812
-2265
-2346
-1961
-1490
-1407
-1679
-1927
-1747
-1165
-567
-279
-273
-135
270
844
1463
1969
2302
2530
2862
3260
3667
4108
4421
4708
5140
5217
4186
3113
4271
6867
7083
3623
636
2175
5875
6111
2270
-268
1424
3405
1908
-826
-808
1177
1251
-1434
-3741
-2955
-557
-174
-2548
-4798
-4487
-2796
-2330
-3452
-4347
-3945
-3497
-4068
-4662
-4023
-2806
-2665
-3627
-4337
-3950
-2782
-1855
-1881
-2535
-2820
-2312
-1598
-1090
-715
-512
-617
-786
-542
112
790
1159
1086
781
607
870
1510
2009
1913
1327
884
957
1235
1402
1413
1128
372
-331
-247
313
442
-191
-1073
-1533
-1389
-1041
-1072
-1427
-1739
-1995
-2137
-1973
-1487
-1126
-1214
-1595
-1779
-1194
-133
424
219
23
474
1307
2049
2515
2744
3021
3369
3633
3931
4477
5094
5455
5521
5029
3895
3571
5445
7583
6521
2634
741
3351
6589
5516
1415
-107
2159
3450
1177
-1217
-304
1675
797
-2452
-4155
-2501
-190
-622
-3441
-5329
-4458
-2739
-2673
-4006
-4681
-4084
-3781
-4597
-5154
-4160
-2708
-2824
-4230
-4928
-4067
-2623
-1921
-2264
-2952
-3057
-2398
-1671
-1231
-868
-579
-660
-967
-784
77
1009
1339
985
513
437
924
1726
2260
2029
1115
497
817
1567
1811
1277
466
-129
-257
-66
34
-102
-569
-1292
-1909
-1914
-1402
-1174
-1582
-2291
-2685
-2414
-1820
-1444
-1562
-1809
-1791
-1490
-906
-265
149
248
436
964
1529
2044
2609
3160
3558
3811
4086
4349
4599
4954
5665
6445
5979
3959
2957
5302
8435
7484
2733
230
3241
7155
5970
1214
-448
2392
4062
1251
-1918
-898
1958
1469
-2449
-4929
-3169
-227
-405
-3545
-5739
-4800
-2926
-2970
-4539
-5150
-4214
-3765
-4875
-5829
-4821
-2972
-2791
-4328
-5359
-4592
-3006
-2175
-2451
-3097
-3155
-2534
-1880
-1461
-1012
-516
-476
-829
-823
-90
930
1468
1243
651
435
975
1814
2287
1926
1081
741
1209
1637
1284
776
737
614
-47
-713
-614
-35
-44
-1085
-2266
-2299
-1431
-1026
-1557
-2265
-2406
-2115
-1791
-1607
-1461
-1209
-1110
-1190
-980
-248
588
983
982
963
1393
2313
3126
3455
3536
3781
4300
4771
4768
4609
5362
6483
5833
3624
3300
6149
8221
5777
1524
1382
5502
7297
3526
-395
964
4329
3460
-665
-2042
571
2186
-312
-3795
-3996
-1489
-346
-2304
-4926
-5255
-3599
-2785
-4055
-5537
-5187
-3935
-4103
-5536
-5853
-4313
-3104
-3797
-5042
-4974
-3746
-2784
-2733
-3123
-3183
-2620
-1980
-1707
-1518
-1007
-402
-252
-442
-303
504
1369
1533
1196
1053
1351
1755
2056
2188
1971
1583
1417
1548
1605
1392
1120
834
438
-55
-382
-319
-216
-602
-1499
-2105
-1877
-1422
-1479
-2025
-2410
-2263
-1952
-1835
-1856
-1562
-1041
-947
-1201
-986
99
1169
1243
803
996
2155
3215
3367
3308
3818
4635
5036
5022
5080
5521
6269
6283
5057
4258
5603
7658
7154
3982
2027
3937
6981
6268
2216
350
2643
4459
2290
-762
-597
1380
1120
-1774
-3734
-2614
-684
-1175
-3758
-5351
-4609
-3256
-3300
-4638
-5590
-5184
-4413
-4754
-5694
-5403
-4006
-3603
-4718
-5473
-4688
-3326
-2732
-3093
-3601
-3387
-2499
-1791
-1602
-1398
-948
-586
-480
-358
154
996
1549
1317
835
1039
1807
2279
2158
1810
1550
1513
1722
1825
1544
1114
803
564
287
11
-192
-313
-554
-1125
-1700
-1734
-1429
-1446
-1892
-2285
-2223
-1884
-1727
-1846
-1829
-1421
-1033
-980
-930
-425
416
895
802
866
1603
2544
2915
2866
3139
3911
4724
4990
4853
4973
5490
5821
5244
4411
4977
6832
7383
4923
2130
2798
6011
7039
3836
501
1227
3824
3460
331
-929
755
1493
-870
-3619
-3321
-1011
-555
-2994
-5444
-5302
-3668
-3132
-4282
-5615
-5614
-4830
-4795
-5598
-5741
-4555
-3706
-4504
-5736
-5432
-3726
-2623
-2996
-3823
-3854
-2944
-1988
-1570
-1507
-1271
-852
-634
-500
-158
558
1297
1426
869
450
1066
1976
1988
1456
1296
1601
1610
1119
673
913
1621
1219
-311
-1044
-187
746
168
-1232
-2046
-1593
-714
-900
-1688
-1882
-1481
-1392
-1674
-1513
-1014
-540
-543
-928
-759
140
1126
1352
1140
1283
1821
2574
3046
3406
3924
4316
4509
4599
5154
6007
6249
5196
3692
4403
7185
8328
5558
1815
2058
5719
7477
4451
611
1147
3930
3591
156
-1243
1032
2320
-289
-3854
-4004
-1215
-52
-2331
-5287
-5551
-3772
-3092
-4300
-5598
-5359
-4487
-4779
-6023
-6286
-4706
-3378
-4210
-5860
-5876
-4181
-2907
-3068
-3743
-3810
-3147
-2469
-2163
-1950
-1400
-730
-567
-893
-921
-8
1358
1919
1124
165
601
2055
2759
2106
1377
1544
2025
1955
1422
1296
1742
1786
803
-236
-13
833
841
-189
-1271
-1452
-936
-609
-1062
-1716
-1818
-1744
-1735
-1612
-1330
-1116
-1158
-1218
-1109
-555
182
486
530
646
1105
1780
2357
2682
2801
3243
3957
4462
4643
4729
5218
5915
6098
5174
3902
4567
7235
8485
5666
1706
1961
6017
7977
4639
396
884
4166
4164
379
-1476
904
2654
108
-3773
-4110
-1130
365
-1938
-5172
-5666
-3790
-2745
-3812
-5335
-5416
-4491
-4487
-5632
-6011
-4631
-3281
-3957
-5672
-5926
-4293
-2714
-2676
-3552
-3906
-3315
-2490
-2068
-1724
-1072
-610
-898
-1370
-938
451
1630
1552
583
183
1036
2173
2375
1874
1677
1843
1809
1513
1425
1721
1943
1525
392
-294
275
1045
727
-519
-1430
-1384
-827
-601
-1169
-1793
-1885
-1791
-1812
-1780
-1433
-1123
-1228
-1480
-1399
-739
38
414
358
275
721
1549
2228
2574
2703
2794
3209
4051
4667
4657
4590
5108
5823
5780
4564
3555
4975
7747
7814
3959
729
2551
6874
7525
3139
-500
1174
4331
3279
-628
-1386
1522
2304
-1277
-4780
-3773
-347
253
-2851
-6012
-5901
-3603
-2632
-4004
-5646
-5514
-4594
-4812
-5815
-5804
-4193
-3064
-4214
-6050
-5840
-3638
-2085
-2474
-3556
-3872
-3157
-2158
-1466
-1016
-762
-920
-1251
-998
65
1182
1480
1002
513
683
1380
2037
2350
2077
1446
1128
1375
1877
1987
1512
877
534
521
304
56
103
-3
-621
-1470
-1757
-1358
-950
-1219
-2097
-2556
-2273
-1852
-1698
-1734
-1725
-1681
-1543
-1259
-844
-254
161
235
243
616
1455
2246
2665
2698
2674
3143
3952
4568
4655
4672
5204
5814
5733
4510
3434
4710
7552
8094
4367
623
1936
6472
7796
3597
-483
698
3969
3410
-400
-1505
1141
2171
-1115
-4764
-4028
-586
294
-2733
-6022
-5996
-3680
-2564
-3868
-5554
-5473
-4467
-4591
-5696
-5708
-3969
-2761
-3954
-5880
-5665
-3391
-1740
-2126
-3337
-3708
-2959
-1823
-1012
-688
-692
-862
-883
-430
447
1211
1486
1337
1039
981
1430
2157
2600
2391
1620
989
1263
2166
2460
1594
474
169
628
876
293
-426
-552
-565
-1111
-1777
-1733
-1243
-1218
-2045
-2972
-2776
-1776
-1369
-1902
-2431
-2158
-1439
-1003
-919
-760
-165
335
369
549
1159
2023
2567
2595
2704
3169
3919
4351
4433
4666
5034
5690
6070
5591
4450
3727
5234
7701
7714
4131
868
2446
6487
7256
3279
-338
924
3707
2875
-548
-1277
1134
1523
-1728
-4682
-3700
-655
-310
-3346
-6130
-5714
-3571
-2943
-4258
-5557
-5369
-4535
-4763
-5709
-5534
-3863
-2883
-4189
-5835
-5262
-3052
-1750
-2333
-3390
-3542
-2700
-1658
-1004
-693
-632
-852
-869
-305
560
1170
1313
1242
1049
942
1239
1933
2540
2300
1432
808
961
1780
2219
1637
468
-242
-38
450
541
-139
-1045
-1357
-1352
-1496
-1659
-1647
-1785
-2245
-2674
-2732
-2348
-1769
-1671
-2132
-2356
-2000
-1178
-524
-406
-432
-264
347
943
1472
1930
2070
2422
2886
3403
3779
3920
4360
4690
4871
4866
5230
6253
6253
4790
3203
4212
7430
8248
4795
624
1295
5733
7379
3823
-467
146
3443
3338
-253
-2082
260
1911
-708
-4520
-4689
-1364
200
-2431
-5980
-6299
-3820
-2460
-3754
-5637
-5620
-4260
-3972
-5211
-5797
-4255
-2553
-3162
-5189
-5485
-3357
-1476
-1762
-3162
-3505
-2369
-1212
-1058
-1266
-823
-165
-230
-649
-419
629
1596
1521
615
152
824
1870
2174
1705
1163
926
983
1011
1194
1408
1122
234
-633
-637
25
481
-111
-1444
-2163
-1813
-1197
-1095
-1633
-2282
-2536
-2357
-2120
-1911
-1560
-1464
-1803
-1979
-1531
-706
17
229
92
58
540
1306
1990
2448
2456
2472
2854
3472
3907
3995
4190
4556
4772
4809
4892
5436
5868
5336
3966
3053
4614
7216
7162
3365
86
1825
5900
6458
2332
-967
748
3635
2430
-1459
-2171
938
2014
-1351
-4997
-4278
-765
198
-2701
-5784
-5459
-3076
-2246
-3688
-5101
-4625
-3372
-3542
-4920
-5092
-3248
-1732
-2714
-4744
-4846
-2755
-988
-1368
-2674
-2943
-2028
-1135
-966
-928
-541
-170
-322
-694
-390
538
1225
1116
490
160
472
1266
1802
1645
978
245
231
987
1606
1159
26
-571
-348
157
155
-525
-1001
-1023
-1131
-1618
-1829
-1357
-1201
-1656
-2366
-2545
-1827
-1044
-969
-1647
-1913
-1333
-651
-238
-163
-73
250
687
1007
1171
1567
2145
2379
2353
2481
2888
3385
3675
3820
3865
3889
4025
4257
4788
5455
5324
3866
2151
2858
6032
7649
4716
22
-231
4249
7080
3943
-1024
-980
2815
3539
-340
-2831
-327
2346
272
-4238
-5253
-1844
815
-954
-4908
-6161
-3977
-1947
-2529
-4411
-4918
-3871
-3294
-4248
-5127
-3949
-2050
-2183
-4244
-5281
-3648
-1414
-969
-2271
-3354
-2825
-1555
-844
-989
-1120
-778
-596
-758
-837
-215
817
1183
462
-425
-242
900
1740
1530
669
-14
172
862
1239
929
292
-29
-104
-101
-103
-138
-171
-535
-1150
-1538
-1355
-769
-744
-1350
-1970
-2010
-1485
-1106
-1053
-1289
-1404
-1251
-1006
-674
-272
82
188
89
191
656
1306
1786
1842
1800
1894
2287
2790
3191
3457
3354
3260
3366
3748
4266
4589
4903
4683
3728
2546
2781
5355
7262
5414
953
-596
3082
6790
5279
308
-1327
1713
3489
916
-2004
-745
1993
915
-3230
-5153
-2437
755
-171
-3996
-6102
-4512
-2135
-2095
-3865
-4854
-4039
-3275
-3995
-4901
-4104
-2205
-1905
-3783
-5188
-4089
-1788
-1002
-2074
-3170
-2970
-1936
-1323
-1249
-1102
-732
-772
-1259
-1288
-476
663
972
193
-623
-438
618
1345
1197
609
221
379
744
920
848
622
390
97
-137
-81
180
299
-155
-912
-1203
-854
-363
-404
-967
-1436
-1510
-1195
-860
-725
-743
-863
-845
-710
-464
-20
417
602
386
232
677
1516
2161
2101
1718
1753
2337
3085
3395
3258
3143
3353
3706
3709
3763
4346
5105
5281
4335
2846
2181
3941
6951
7168
3185
-764
561
5393
6976
3006
-1134
-144
3095
2717
-749
-1746
1036
2306
-954
-4765
-4177
-302
1235
-1652
-5303
-5599
-3014
-1418
-2497
-4281
-4380
-3201
-3061
-4270
-4602
-2873
-1224
-2213
-4621
-5064
-2783
-498
-728
-2618
-3562
-2618
-1218
-822
-1070
-1002
-749
-940
-1305
-1021
43
919
671
-417
-964
-128
1085
1343
702
165
160
303
402
576
840
807
96
-720
-682
186
680
41
-1011
-1458
-1061
-504
-464
-909
-1276
-1294
-1279
-1289
-1034
-533
-360
-773
-1183
-960
-101
671
717
313
218
681
1221
1587
1919
2080
2079
2166
2479
2939
3357
3539
3264
2991
3323
3987
4375
4301
4439
4883
4420
2599
1552
3852
7336
6846
1740
-1984
747
6187
6617
1237
-2527
-132
3289
1809
-2135
-2337
1006
1749
-2216
-5853
-4333
-97
760
-2857
-6259
-5639
-2753
-1622
-3170
-4813
-4419
-3177
-3325
-4563
-4502
-2529
-1239
-2673
-4964
-4809
-2157
-213
-960
-2933
-3516
-2173
-672
-500
-1096
-1123
-676
-627
-951
-792
169
1021
767
-337
-799
72
1181
1440
880
201
-101
134
706
1032
862
209
-498
-551
-10
360
7
-570
-878
-984
-987
-980
-831
-684
-902
-1484
-1804
-1284
-499
-283
-722
-1192
-1016
-324
282
413
350
507
737
895
1101
1606
2188
2283
2044
2046
2496
3038
3333
3391
3192
3027
3196
3644
4191
4418
4367
4312
3973
2772
1716
3330
6574
6724
2131
-1939
89
5495
6681
1686
-2661
-789
3124
2355
-1826
-2706
604
1967
-1585
-5503
-4502
-333
997
-2302
-5957
-5650
-2702
-1327
-2874
-4715
-4391
-3027
-2991
-4308
-4563
-2716
-1129
-2213
-4655
-4871
-2324
-241
-895
-2915
-3514
-2145
-666
-592
-1313
-1301
-712
-625
-1067
-980
30
945
731
-404
-940
-86
1161
1486
848
122
-67
260
757
1016
881
425
-158
-403
-106
404
487
-10
-660
-982
-795
-414
-190
-302
-734
-1194
-1259
-802
-196
41
-234
-643
-604
-30
503
690
715
769
778
842
1212
1816
2255
2085
1578
1661
2602
3277
2884
2284
2563
3290
3375
2882
2842
3686
4556
4542
3468
1945
1365
3026
5868
6267
2652
-1207
-322
4338
6358
2688
-1649
-907
2689
2637
-1198
-2639
452
2687
-300
-4950
-5088
-829
1719
-951
-5217
-5898
-3062
-1064
-2217
-4272
-4410
-3036
-2713
-4048
-4690
-3116
-1197
-1814
-4287
-5173
-3169
-817
-879
-2701
-3739
-2867
-1416
-1069
-1571
-1681
-1184
-1020
-1484
-1532
-618
399
343
-670
-1194
-474
736
1095
498
-92
-126
239
564
733
758
582
179
-248
-256
281
726
501
-291
-904
-780
-204
203
-6
-533
-958
-982
-625
-206
-39
-236
-503
-539
-266
184
486
502
378
335
575
955
1272
1321
1349
1630
1846
1801
1673
1997
2562
2756
2506
2232
2363
2739
3188
3587
3685
3629
3599
3255
2359
2051
3797
5980
5288
1521
-896
1543
5691
5701
1223
-1659
474
3359
2200
-1073
-1447
971
1480
-1520
-4181
-2986
94
466
-2550
-5243
-4596
-2186
-1430
-2986
-4521
-4181
-3104
-3190
-4253
-4297
-2827
-1948
-3125
-4792
-4495
-2507
-1336
-2148
-3519
-3599
-2416
-1519
-1595
-1913
-1673
-1267
-1306
-1453
-1083
-214
340
41
-625
-566
375
1157
1064
570
454
817
1166
1089
885
1052
1307
931
234
190
866
1209
636
-289
-568
-2
428
55
-676
-839
-508
-409
-653
-816
-595
-373
-542
-856
-753
-181
181
-78
-447
-293
356
811
819
688
687
910
1259
1695
1935
1893
1787
1928
2313
2581
2699
2916
3274
3422
3323
3580
4352
4570
3274
1712
2684
5920
7172
3856
-360
223
4837
7080
3677
-733
-401
2962
3474
212
-1694
311
2192
153
-3577
-4063
-960
1044
-955
-4531
-5418
-3261
-1445
-2197
-4214
-4744
-3622
-2986
-3863
-4655
-3706
-2239
-2488
-4252
-5021
-3516
-1556
-1379
-2786
-3735
-2995
-1626
-1082
-1407
-1557
-1108
-755
-787
-765
-169
740
1117
621
-50
255
1496
2336
1987
1024
642
1218
2036
2158
1408
826
985
1290
1046
498
403
689
655
-77
-903
-836
-104
86
-773
-1745
-1720
-1031
-711
-1116
-1586
-1474
-1159
-1132
-1263
-1113
-687
-515
-729
-866
-495
184
594
581
383
438
995
1493
1453
1332
1811
2473
2444
1941
1908
2802
3782
3673
2769
2614
3729
4952
5127
3936
2032
1536
4005
7123
6446
1723
-1426
1188
6084
6280
1165
-2233
286
3824
2277
-2101
-2710
745
2138
-1428
-5397
-4557
-507
914
-2337
-6017
-5727
-2708
-1352
-3076
-5023
-4657
-3063
-2878
-4354
-4914
-3187
-1460
-2340
-4542
-4774
-2639
-831
-1233
-2810
-3273
-2050
-759
-718
-1185
-904
-257
-220
-616
-497
397
1289
1312
526
30
554
1521
1938
1554
878
550
850
1400
1511
1100
602
338
339
421
434
288
40
-285
-625
-759
-700
-648
-768
-1054
-1362
-1549
-1455
-1136
-939
-1083
-1448
-1564
-1199
-697
-467
-560
-615
-394
-59
224
428
659
899
1033
1074
1147
1478
2000
2213
1966
1768
2090
2704
3038
2854
2483
2593
3211
3569
3297
3013
3428
4256
4233
2512
813
2214
5890
6681
2351
-2073
-612
4820
6554
1849
-2863
-1361
2927
2755
-1476
-3033
43
2143
-697
-4857
-4674
-650
1333
-1498
-5349
-5511
-2536
-758
-2119
-4271
-4361
-2852
-2345
-3502
-4162
-2805
-1180
-1767
-3830
-4369
-2499
-563
-675
-2196
-3064
-2301
-928
-421
-841
-1080
-759
-619
-811
-682
27
723
679
1
-428
87
1041
1379
1019
557
314
390
834
1386
1447
878
199
20
502
1037
920
200
-379
-393
-150
-8
-98
-359
-662
-898
-938
-803
-640
-594
-754
-1006
-1134
-889
-430
-194
-299
-544
-538
-147
341
530
394
311
459
694
890
965
1060
1304
1462
1365
1293
1570
1875
1889
1794
1852
2106
2321
2386
2392
2586
3054
3579
3818
3018
1328
1005
3580
6526
5415
617
-1844
1521
6392
5933
565
-2327
659
4181
2541
-1538
-1709
1655
2511
-1236
-4541
-2898
1035
1574
-2179
-5403
-4411
-1369
-512
-2528
-4366
-3931
-2581
-2594
-3824
-4081
-2675
-1647
-2756
-4593
-4516
-2479
-955
-1601
-3270
-3692
-2458
-1125
-1031
-1622
-1669
-1217
-964
-1070
-905
-151
541
495
-196
-478
297
1342
1687
1280
806
690
901
1432
1851
1740
1186
624
557
976
1373
1136
402
-45
-50
20
2
-42
-184
-615
-1150
-1418
-1187
-719
-717
-1294
-1792
-1643
-1144
-928
-1098
-1276
-1159
-934
-869
-835
-597
-277
-212
-413
-503
-147
546
975
814
375
299
920
1780
2089
1624
1203
1628
2548
2995
2574
2217
2898
4006
4388
4031
3570
2745
1943
3337
6531
7223
3166
-1136
335
5942
7922
3090
-2107
-654
4139
4162
-555
-2566
702
3097
18
-4633
-4592
-266
1871
-1391
-5795
-5995
-2735
-928
-2564
-4856
-4885
-3368
-2896
-4064
-4701
-3384
-1864
-2393
-4267
-4731
-2996
-1166
-1070
-2351
-3230
-2529
-1052
-293
-647
-1044
-777
-346
-110
-10
303
891
1204
914
489
746
1592
2102
1948
1416
1085
1291
1616
1674
1578
1521
1236
600
220
483
938
809
-76
-930
-971
-498
-370
-896
-1562
-1868
-1843
-1797
-1868
-1861
-1824
-2058
-2429
-2455
-1980
-1481
-1461
-1789
-1893
-1467
-934
-649
-519
-431
-316
-96
231
489
823
1226
1276
1009
996
1656
2496
2705
2170
1743
2376
3236
3126
2533
2707
3841
4433
3806
3113
3717
4983
4038
1539
1794
5453
7407
3548
-1580
-929
4666
7326
2648
-2905
-1828
2987
3590
-903
-3351
-671
1920
-205
-4452
-4860
-1197
989
-1369
-5187
-5715
-2919
-853
-1889
-4189
-4633
-3092
-2136
-2942
-3832
-2984
-1356
-1378
-3059
-3824
-2351
-406
-208
-1598
-2610
-1928
-462
121
-325
-673
-437
-196
-222
-203
205
864
1040
478
-100
179
1137
1676
1370
642
272
602
1102
1267
912
494
467
436
157
-103
106
433
49
-735
-1244
-1011
-421
-407
-1079
-1808
-1791
-1431
-1313
-1308
-1432
-1575
-1736
-1735
-1567
-1278
-896
-934
-1261
-1249
-711
-62
170
-27
-303
-142
415
829
933
948
1055
1085
1072
1222
1620
2051
1956
1516
1449
1992
2439
2197
2032
2439
2886
2726
2410
2957
3960
4268
3144
1257
1044
3701
6559
5310
415
-1963
1533
6366
5735
231
-2609
621
4168
2216
-1992
-1917
1690
2436
-1469
-4725
-2971
1059
1505
-2288
-5353
-4257
-1223
-459
-2439
-4189
-3641
-2103
-2116
-3461
-3730
-2150
-946
-2025
-3936
-4025
-2026
-392
-953
-2656
-3293
-2129
-735
-607
-1285
-1497
-987
-675
-846
-865
-249
588
643
-92
-516
179
1340
1738
1261
581
523
1070
1490
1484
1152
965
932
857
771
688
777
730
397
-9
-305
-265
-77
-65
-517
-1152
-1365
-1190
-920
-968
-1373
-1682
-1676
-1527
-1479
-1413
-1275
-1257
-1372
-1508
-1375
-870
-394
-441
-809
-803
-287
300
497
352
344
665
961
1029
1210
1582
1815
1757
1648
1777
2127
2503
2716
2872
2943
2848
3040
3696
4251
4296
4108
3576
2410
2269
4520
6863
5520
954
-1173
2191
6687
5790
207
-2318
1027
4207
2002
-2101
-1856
1500
1938
-2026
-5167
-3192
686
829
-3126
-6109
-4730
-1683
-1123
-3366
-5076
-4287
-2842
-2933
-4118
-4144
-2629
-1829
-2979
-4451
-4014
-2040
-791
-1413
-2922
-3202
-1844
-547
-469
-1002
-1050
-663
-346
-241
-117
462
1100
985
357
239
966
1805
2025
1561
917
842
1368
1768
1701
1297
849
667
821
1043
886
447
128
61
53
-268
-691
-734
-553
-763
-1472
-1884
-1607
-1176
-1285
-1911
-2245
-1998
-1657
-1709
-1968
-1879
-1599
-1477
-1548
-1472
-976
-508
-459
-678
-594
-45
367
466
531
768
992
953
1064
1536
2010
1976
1490
1385
1962
2655
2699
2308
2288
2576
2790
2866
3034
3269
3428
3600
3712
3845
3449
2157
1711
3627
5982
4860
629
-1368
1696
5856
4984
-163
-2510
560
3516
1505
-2192
-2042
925
1382
-2122
-4938
-3170
437
531
-3201
-5858
-4403
-1352
-793
-3012
-4738
-3896
-2185
-2204
-3474
-3585
-2131
-1230
-2287
-3748
-3388
-1513
-345
-1136
-2638
-2825
-1522
-341
-461
-1174
-1279
-835
-512
-513
-490
-57
521
555
-1
-346
189
1145
1532
1106
445
358
963
1519
1507
1100
827
802
693
701
1000
1190
816
-1
-438
-135
475
554
-265
-1085
-1141
-794
-641
-824
-1070
-1316
-1536
-1627
-1582
-1310
-1096
-1251
-1574
-1635
-1363
-1046
-812
-736
-799
-842
-731
-393
44
284
175
-41
105
568
963
1056
864
770
1000
1469
1764
1592
1366
1532
1976
2215
2175
2209
2369
2487
2592
2839
3209
3464
3426
3469
3841
3595
2280
1850
4022
6444
4955
493
-1138
2544
6630
5036
-339
-2137
1367
4081
1625
-2020
-1471
1505
1554
-2084
-4491
-2431
755
351
-3277
-5508
-3915
-1345
-1239
-3310
-4648
-3813
-2636
-2918
-3911
-3783
-2454
-1938
-3109
-4254
-3669
-1956
-1115
-1820
-2830
-2834
-1797
-871
-757
-931
-835
-614
-491
-291
135
646
950
872
631
687
1170
1679
1913
1823
1445
1165
1350
1819
2032
1713
1222
974
1073
1114
831
731
927
779
-71
-848
-602
207
357
-663
-1862
-1907
-1093
-669
-1205
-2000
-2206
-1980
-1808
-1948
-2051
-1868
-1842
-2090
-2292
-2000
-1400
-1139
-1338
-1686
-1590
-1008
-483
-263
-339
-394
-208
142
587
859
942
935
1021
1323
1564
1777
1965
1994
1896
1962
2370
2780
2834
2570
2436
2780
3238
3268
3055
3221
3815
4197
3793
2368
1259
2493
5361
6120
2616
-1318
-520
4088
6231
2528
-2144
-1692
2209
3140
-355
-2782
-885
1492
25
-3717
-4556
-1506
860
-901
-4625
-5627
-3182
-929
-1608
-3864
-4602
-3329
-2246
-2772
-3655
-3131
-1798
-1592
-2834
-3659
-2662
-879
-289
-1401
-2547
-2169
-798
68
-183
-708
-732
-352
-7
13
114
566
903
731
305
311
882
1483
1590
1078
588
683
1206
1591
1444
1014
723
700
776
771
693
606
563
398
-23
-403
-396
-144
-152
-567
-1177
-1527
-1257
-864
-996
-1569
-1989
-1939
-1694
-1580
-1693
-1818
-1770
-1836
-1964
-1779
-1318
-1058
-1260
-1523
-1428
-924
-397
-291
-464
-522
-338
-71
263
632
716
514
360
528
938
1307
1534
1436
1129
1066
1395
1957
2231
2151
2064
2092
2291
2506
2771
3044
3106
3150
3412
3959
4195
3203
1856
2351
4918
6322
3864
72
-210
3628
6334
3717
-875
-1280
2270
3686
691
-2069
-809
1731
892
-2704
-4181
-1712
856
-416
-3928
-5216
-3166
-996
-1624
-3805
-4567
-3268
-2117
-2800
-3894
-3485
-2056
-1670
-2838
-3675
-2914
-1356
-753
-1673
-2570
-2171
-965
-337
-655
-950
-718
-208
-8
-168
21
652
1090
876
488
650
1234
1740
1768
1443
1265
1362
1625
1802
1783
1592
1320
1219
1219
1247
1187
907
646
491
324
20
-254
-282
-296
-486
-958
-1523
-1664
-1372
-1210
-1583
-2155
-2417
-2280
-1942
-1916
-2315
-2591
-2464
-2204
-2154
-2171
-2052
-1829
-1683
-1857
-1971
-1554
-892
-616
-888
-1093
-811
-149
396
358
178
331
756
1141
1241
1328
1445
1596
1841
1969
2056
2103
2331
2716
2768
2567
2441
2717
3228
3413
3339
3199
3297
3720
4010
3717
2478
1629
2917
5195
5175
1768
-1020
585
4386
5004
1144
-2076
-681
2327
2033
-1148
-2494
-623
784
-981
-3793
-3790
-1255
-54
-1995
-4591
-4700
-2742
-1483
-2372
-3936
-4069
-2973
-2326
-2825
-3320
-2776
-1904
-1855
-2640
-2944
-2044
-936
-704
-1379
-1884
-1436
-501
77
-67
-326
-187
126
359
426
595
992
1212
1006
715
863
1394
1750
1654
1271
1036
1197
1400
1351
1217
1194
1128
838
502
413
569
623
266
-238
-438
-373
-366
-568
-887
-1185
-1352
-1421
-1517
-1601
-1695
-1831
-1969
-2119
-2240
-2281
-2169
-2044
-2129
-2277
-2341
-2220
-1890
-1682
-1677
-1778
-1775
-1491
-1112
-760
-659
-729
-634
-370
104
558
704
613
501
745
1263
1654
1716
1547
1617
1873
1992
1983
2057
2348
2540
2486
2391
2529
2860
2943
2803
2742
2917
3202
3402
3637
3713
3456
2770
2004
2364
3860
4821
3473
720
-162
1838
4111
3359
240
-1235
190
1705
705
-1342
-1472
-133
-10
-1963
-3593
-2699
-793
-705
-2764
-4444
-3849
-2162
-1613
-2698
-3724
-3370
-2425
-2249
-2802
-2798
-1886
-1215
-1678
-2540
-2322
-1042
-98
-399
-1309
-1436
-567
314
428
64
35
352
592
593
595
957
1389
1372
958
721
1077
1633
1805
1473
1000
906
1128
1247
1150
972
825
577
270
116
191
269
6
-455
-795
-876
-878
-1022
-1253
-1515
-1699
-1805
-1897
-1908
-1985
-2127
-2189
-2238
-2285
-2345
-2230
-1980
-1922
-2080
-2257
-2035
-1451
-1127
-1248
-1478
-1339
-845
-481
-363
-344
-206
44
192
391
759
1120
1218
1043
1024
1408
1882
1999
1742
1601
1854
2176
2216
1987
1873
2022
2121
2045
2007
2194
2232
1879
1599
1896
2438
2486
2102
1981
2364
2655
2440
2201
2286
2171
1793
2001
2987
3177
1543
-77
619
2842
3265
889
-1206
-464
1494
1426
-569
-1553
-574
270
-756
-2366
-2302
-873
-323
-1588
-3082
-2982
-1701
-985
-1635
-2625
-2669
-1975
-1573
-1838
-2061
-1743
-1341
-1466
-1917
-1937
-1335
-775
-830
-1312
-1530
-1151
-585
-350
-535
-720
-612
-345
-213
-248
-145
142
271
63
-194
-98
329
601
422
30
-97
109
305
303
141
-43
-150
-191
-220
-220
-191
-208
-311
-484
-712
-846
-706
-514
-613
-1016
-1329
-1254
-963
-841
-1056
-1311
-1358
-1313
-1357
-1386
-1290
-1179
-1224
-1421
-1514
-1304
-960
-847
-1002
-1144
-1022
-723
-478
-446
-499
-426
-236
-16
146
293
435
550
640
732
892
1072
1163
1189
1198
1247
1400
1610
1726
1610
1452
1528
1835
2020
1803
1565
1771
2232
2366
2134
2104
2500
2933
2994
2808
2785
2955
3087
3099
3050
2952
2886
3063
3259
2922
2095
1650
2141
2713
2157
728
25
643
1228
546
-719
-1110
-613
-514
-1357
-2166
-2040
-1528
-1727
-2585
-3064
-2697
-2151
-2249
-2830
-3107
-2721
-2202
-2138
-2416
-2486
-2154
-1816
-1799
-1923
-1806
-1436
-1177
-1212
-1318
-1175
-798
-514
-521
-646
-610
-367
-153
-122
-155
-45
161
209
144
192
408
578
512
353
309
439
566
562
492
421
330
209
123
106
91
14
-128
-291
-417
-559
-668
-694
-670
-754
-996
-1162
-1115
-999
-1062
-1306
-1456
-1392
-1263
-1259
-1354
-1367
-1299
-1221
-1172
-1124
-1009
-905
-848
-825
-742
-551
-387
-291
-235
-126
1
99
225
450
683
753
704
777
1040
1288
1324
1184
1145
1299
1572
1716
1590
1417
1481
1801
1962
1814
1654
1772
2055
2131
1970
1883
2027
2297
2491
2533
2489
2500
2764
2963
2720
2326
2433
2992
3023
2315
1876
2398
2916
2170
890
830
1902
2126
682
-681
-377
614
395
-1041
-1886
-1438
-940
-1537
-2601
-2813
-2238
-2025
-2688
-3445
-3404
-2815
-2554
-2914
-3333
-3234
-2796
-2544
-2617
-2704
-2532
-2263
-2112
-2110
-2049
-1782
-1468
-1328
-1386
-1367
-1127
-799
-594
-586
-608
-519
-305
-82
69
147
186
280
408
482
511
613
772
783
592
440
531
735
728
470
255
250
300
196
1
-124
-170
-272
-477
-632
-652
-617
-712
-931
-1098
-1121
-1087
-1160
-1326
-1415
-1370
-1276
-1296
-1402
-1429
-1327
-1165
-1105
-1145
-1126
-964
-735
-619
-591
-514
-320
-92
69
214
385
524
602
669
883
1209
1410
1410
1367
1522
1779
1910
1881
1835
1907
1983
1954
1868
1880
1969
1951
1828
1762
1830
1907
1846
1721
1693
1746
1730
1625
1665
1869
1977
1894
1857
1973
1983
1812
1754
1953
2015
1657
1379
1651
1959
1492
628
549
1294
1492
476
-604
-451
349
307
-744
-1529
-1252
-725
-984
-1816
-2188
-1773
-1392
-1741
-2433
-2594
-2091
-1680
-1941
-2450
-2449
-1908
-1550
-1708
-1970
-1862
-1470
-1270
-1391
-1505
-1295
-941
-855
-1045
-1142
-912
-542
-406
-591
-755
-629
-336
-195
-258
-325
-253
-96
0
1
-10
93
234
261
163
90
165
323
391
289
152
126
252
392
369
141
-96
-86
171
322
109
-246
-339
-100
47
-145
-448
-471
-255
-209
-454
-659
-512
-264
-322
-630
-725
-450
-198
-287
-486
-405
-141
-54
-210
-258
-43
202
220
124
159
312
437
467
494
558
629
656
646
664
769
887
868
718
617
717
905
941
730
529
576
780
853
710
619
746
989
1043
867
768
974
1321
1464
1383
1327
1526
1897
2147
2003
1674
1687
2196
2563
2173
1524
1559
2226
2335
1448
693
1103
1894
1564
261
-389
219
818
269
-834
-1183
-720
-489
-1072
-1787
-1821
-1411
-1385
-1961
-2440
-2285
-1822
-1784
-2286
-2645
-2395
-1947
-1921
-2211
-2276
-1996
-1768
-1850
-2011
-1894
-1562
-1363
-1427
-1544
-1465
-1212
-954
-860
-909
-917
-751
-524
-401
-355
-254
-79
24
10
41
240
462
516
418
378
493
657
707
608
519
553
659
679
550
425
451
546
497
295
189
270
342
216
7
-48
37
44
-112
-262
-254
-194
-260
-424
-490
-405
-338
-424
-588
-631
-518
-395
-423
-547
-599
-531
-437
-402
-407
-401
-368
-336
-310
-285
-213
-145
-140
-172
-164
-70
27
71
53
66
140
194
183
178
242
304
319
353
451
529
542
566
696
868
948
943
1001
1193
1355
1418
1467
1629
1833
1926
1931
2005
2204
2314
2170
1997
2180
2580
2535
1852
1380
1846
2610
2350
1069
322
993
1924
1503
70
-595
59
647
-7
-1151
-1373
-724
-525
-1362
-2229
-2088
-1371
-1294
-2099
-2771
-2544
-1879
-1726
-2209
-2569
-2333
-1886
-1790
-2000
-2021
-1689
-1359
-1338
-1511
-1469
-1097
-712
-609
-733
-762
-518
-177
-15
-36
-22
110
244
292
324
451
599
648
578
525
598
723
772
698
564
502
562
622
549
387
319
360
348
203
77
105
158
47
-199
-303
-153
-27
-152
-407
-486
-334
-197
-273
-473
-526
-394
-287
-354
-481
-462
-336
-292
-369
-433
-353
-229
-226
-319
-348
-266
-194
-196
-226
-226
-204
-193
-186
-162
-126
-105
-122
-155
-161
-135
-80
-34
-34
-90
-145
-123
-20
103
138
51
-51
-3
203
358
335
226
252
457
661
700
653
738
981
1171
1200
1186
1326
1588
1731
1710
1731
1965
2168
2079
1912
2080
2503
2534
1971
1501
1824
2538
2525
1566
782
1036
1735
1649
717
50
235
550
137
-644
-898
-563
-514
-1166
-1859
-1887
-1465
-1396
-1892
-2380
-2377
-2076
-1957
-2161
-2356
-2285
-2053
-1941
-2025
-2054
-1846
-1524
-1400
-1516
-1573
-1337
-941
-753
-840
-921
-747
-445
-282
-289
-281
-127
65
134
106
138
286
467
512
437
366
442
649
769
671
465
434
615
767
646
373
268
420
554
422
164
89
210
245
75
-129
-129
-18
-37
-250
-430
-391
-268
-288
-483
-638
-609
-510
-530
-696
-807
-745
-641
-679
-836
-908
-813
-705
-729
-851
-884
-782
-694
-712
-788
-789
-718
-652
-620
-616
-614
-598
-564
-511
-452
-420
-411
-395
-339
-265
-206
-188
-193
-148
12
196
210
77
55
340
719
822
598
455
720
1196
1444
1353
1243
1379
1700
1951
2051
2059
2114
2290
2511
2618
2496
2366
2548
2978
3115
2647
2085
2121
2667
2907
2390
1652
1434
1682
1733
1300
786
581
556
315
-188
-577
-663
-637
-870
-1364
-1770
-1858
-1744
-1772
-2027
-2306
-2409
-2347
-2287
-2276
-2269
-2236
-2194
-2159
-2077
-1913
-1715
-1560
-1491
-1441
-1311
-1097
-869
-710
-615
-533
-413
-254
-70
100
205
261
339
470
629
714
735
786
883
975
994
966
955
1005
1066
1066
979
853
788
800
808
725
556
409
326
250
158
52
-59
-202
-368
-501
-584
-651
-773
-919
-1042
-1123
-1199
-1287
-1359
-1413
-1471
-1542
-1583
-1567
-1528
-1550
-1605
-1607
-1513
-1399
-1374
-1372
-1304
-1170
-1079
-1035
-961
-823
-688
-628
-569
-463
-317
-199
-123
-65
0
99
226
336
378
413
514
619
635
646
770
966
1011
867
813
1017
1286
1325
1184
1138
1270
1417
1486
1530
1582
1632
1677
1737
1796
1820
1882
2044
2153
2072
1943
2028
2250
2237
1970
1892
2161
2311
1931
1396
1376
1800
1895
1337
727
679
953
877
350
-67
-49
61
-182
-681
-953
-843
-712
-919
-1332
-1557
-1456
-1297
-1356
-1562
-1679
-1614
-1520
-1515
-1541
-1496
-1403
-1343
-1347
-1330
-1220
-1072
-978
-977
-981
-913
-781
-675
-644
-624
-571
-495
-455
-437
-392
-314
-247
-230
-237
-227
-191
-143
-105
-104
-112
-130
-133
-131
-129
-127
-150
-210
-295
-319
-282
-268
-360
-510
-574
-528
-495
-568
-689
-749
-737
-736
-778
-831
-854
-875
-915
-935
-920
-903
-932
-972
-980
-953
-929
-927
-922
-908
-900
-900
-882
-829
-769
-732
-711
-702
-671
-605
-520
-450
-419
-395
-350
-276
-204
-149
-69
9
55
81
145
257
353
395
424
485
573
659
743
824
863
864
921
1094
1261
1279
1198
1212
1391
1581
1638
1625
1650
1716
1779
1860
1980
2056
2026
1976
2036
2150
2185
2146
2142
2155
2054
1895
1924
2134
2150
1752
1308
1310
1642
1688
1208
672
591
793
749
331
-64
-135
-96
-280
-655
-893
-876
-852
-1040
-1373
-1563
-1514
-1414
-1466
-1657
-1807
-1793
-1677
-1596
-1619
-1690
-1680
-1574
-1458
-1419
-1413
-1349
-1220
-1124
-1122
-1107
-1000
-835
-753
-770
-774
-682
-536
-431
-403
-400
-349
-259
-184
-155
-125
-70
-10
-3
-23
-9
31
64
43
9
-8
-24
-56
-83
-91
-116
-156
-184
-210
-276
-345
-341
-267
-257
-379
-517
-502
-380
-356
-475
-599
-588
-512
-507
-584
-653
-651
-617
-604
-639
-676
-673
-635
-616
-629
-625
-540
-440
-434
-498
-489
-323
-147
-102
-158
-152
-25
110
169
196
274
382
460
484
523
617
736
819
870
914
967
1035
1103
1198
1301
1371
1390
1384
1425
1526
1634
1686
1657
1594
1575
1644
1765
1788
1686
1567
1559
1639
1670
1616
1547
1521
1485
1426
1408
1435
1411
1317
1275
1319
1272
1062
915
1033
1214
1059
610
336
517
777
613
117
-220
-164
-15
-132
-470
-743
-825
-843
-934
-1087
-1227
-1330
-1400
-1460
-1520
-1585
-1617
-1608
-1596
-1627
-1676
-1656
-1552
-1443
-1421
-1444
-1417
-1316
-1196
-1114
-1067
-1014
-956
-905
-839
-755
-659
-581
-552
-553
-515
-423
-329
-275
-273
-272
-237
-182
-147
-126
-89
-45
-32
-71
-105
-71
21
86
32
-91
-146
-64
61
70
-65
-183
-164
-77
-70
-153
-212
-204
-206
-291
-365
-330
-260
-301
-455
-562
-513
-410
-396
-487
-586
-605
-555
-482
-447
-465
-508
-509
-446
-369
-320
-297
-263
-232
-195
-134
-41
36
64
83
152
263
339
377
429
519
604
659
711
785
853
904
973
1052
1098
1085
1077
1141
1268
1322
1232
1109
1095
1220
1321
1272
1089
955
990
1115
1136
994
827
782
868
926
837
662
590
657
732
686
535
429
452
507
470
385
338
322
248
153
147
202
177
9
-147
-130
-36
-88
-288
-417
-380
-349
-450
-597
-650
-627
-668
-785
-863
-842
-819
-881
-973
-1009
-985
-956
-941
-935
-951
-980
-973
-904
-815
-782
-807
-821
-769
-683
-639
-625
-587
-540
-526
-530
-489
-396
-311
-331
-393
-368
-242
-146
-165
-216
-193
-103
-37
-41
-74
-46
24
51
24
8
37
82
95
66
35
38
67
72
59
40
18
0
9
15
1
-22
-54
-58
-55
-70
-109
-131
-118
-109
-131
-181
-204
-189
-144
-142
-192
-227
-210
-155
-117
-110
-130
-119
-71
-4
56
101
128
150
216
314
413
476
521
574
664
777
881
936
980
1063
1170
1265
1301
1322
1375
1472
1523
1494
1484
1562
1623
1527
1371
1352
1511
1595
1370
989
861
1088
1266
1028
537
285
410
575
395
-26
-266
-195
-150
-380
-692
-787
-706
-718
-935
-1178
-1216
-1100
-1065
-1208
-1354
-1342
-1248
-1184
-1213
-1263
-1230
-1110
-1019
-1019
-1019
-939
-817
-730
-698
-684
-622
-497
-391
-366
-365
-329
-250
-162
-105
-104
-114
-74
-13
6
-3
12
31
38
19
-21
-30
24
54
-3
-100
-142
-86
-4
-11
-134
-242
-205
-93
-68
-138
-214
-227
-179
-151
-161
-161
-151
-171
-215
-215
-166
-124
-135
-191
-242
-233
-184
-172
-192
-238
-274
-284
-273
-272
-285
-311
-346
-365
-360
-346
-359
-396
-418
-396
-367
-359
-387
-404
-359
-301
-280
-295
-298
-239
-148
-101
-107
-119
-67
50
140
157
146
166
237
341
421
446
435
449
519
606
657
655
649
701
785
786
739
755
849
914
858
758
762
872
916
829
730
743
798
762
655
617
666
659
532
406
421
499
454
284
179
212
262
211
84
17
42
55
5
-54
-75
-81
-103
-121
-122
-133
-163
-202
-208
-165
-152
-200
-258
-258
-210
-189
-231
-266
-255
-234
-236
-266
-275
-246
-222
-244
-271
-268
-258
-257
-264
-273
-280
-285
-296
-302
-309
-312
-329
-344
-339
-337
-356
-380
-384
-372
-347
-351
-400
-413
-370
-330
-329
-355
-354
-311
-273
-275
-282
-241
-170
-135
-154
-157
-104
-21
40
45
29
41
107
177
215
223
217
222
242
294
340
360
329
283
291
352
398
380
332
305
321
341
353
352
333
307
286
284
302
320
305
270
241
245
267
270
259
238
216
212
214
214
221
226
196
155
151
196
222
182
112
81
123
183
177
96
27
39
103
134
77
-13
-38
5
37
-5
-66
-75
-63
-86
-140
-159
-132
-119
-164
-242
-271
-221
-174
-200
-275
-329
-302
-240
-209
-256
-332
-359
-321
-282
-286
-330
-391
-419
-404
-380
-409
-480
-530
-535
-521
-546
-615
-654
-640
-632
-672
-719
-719
-689
-688
-718
-732
-696
-645
-635
-670
-662
-577
-497
-485
-513
-495
-389
-281
-262
-290
-255
-139
-51
-25
-18
25
108
172
201
225
281
339
374
386
404
445
496
540
542
517
523
571
617
622
585
548
565
616
641
596
529
519
559
579
534
455
419
448
464
406
322
295
316
323
274
197
161
185
218
181
105
77
126
183
158
70
43
135
221
175
43
6
121
239
186
4
-79
38
182
138
-67
-195
-108
55
49
-137
-279
-218
-55
-6
-129
-269
-244
-76
36
-26
-162
-163
-15
124
122
14
-21
82
210
223
150
115
154
213
215
168
135
128
125
88
37
5
-19
-56
-112
-181
-231
-256
-282
-323
-382
-428
-465
-484
-478
-476
-505
-550
-566
-527
-468
-452
-487
-515
-472
-400
-353
-350
-370
-367
-324
-250
-211
-222
-252
-240
-167
-104
-110
-153
-157
-95
-31
-34
-68
-65
-17
28
25
4
28
91
103
59
45
106
193
199
129
93
155
251
277
209
156
184
248
287
265
212
195
222
250
254
233
210
193
194
210
223
212
185
165
179
201
203
173
155
173
196
195
164
137
147
186
220
196
145
133
187
272
297
230
168
206
322
401
361
258
241
352
462
449
324
258
329
427
413
292
212
251
319
293
194
124
154
206
185
100
34
50
110
117
53
-12
-7
51
93
69
10
-10
20
64
83
62
24
11
36
77
85
58
26
4
13
21
9
-21
-81
-131
-153
-156
-170
-230
-303
-353
-372
-384
-412
-456
-513
-562
-575
-562
-559
-591
-643
-671
-648
-602
-590
-631
-679
-681
-619
-559
-571
-635
-660
-606
-527
-506
-539
-566
-542
-482
-440
-433
-435
-426
-396
-359
-330
-311
-290
-262
-246
-237
-220
-185
-151
-129
-122
-118
-97
-49
1
31
37
38
67
121
164
179
177
180
195
219
246
266
268
244
225
242
280
300
275
223
202
230
273
277
230
178
187
237
266
238
182
174
216
250
232
207
216
251
284
282
269
293
350
382
376
356
379
461
524
511
473
480
548
626
629
570
530
546
605
634
587
513
487
519
554
537
472
431
434
442
418
379
347
338
325
291
259
249
258
251
214
156
136
161
186
157
90
41
50
89
83
36
-24
-65
-63
-53
-78
-132
-195
-241
-264
-289
-326
-370
-423
-489
-542
-564
-574
-595
-646
-720
-754
-745
-733
-743
-779
-821
-832
-799
-764
-755
-773
-790
-763
-716
-673
-649
-639
-624
-592
-536
-485
-444
-418
-390
-346
-299
-253
-215
-184
-160
-148
-123
-87
-38
-7
-4
-2
20
63
104
120
98
88
116
162
188
179
160
176
214
245
242
231
233
244
255
241
226
222
230
238
224
200
202
222
239
226
193
176
194
219
215
190
165
165
186
203
196
171
160
164
179
186
181
178
181
185
196
222
246
251
242
246
271
304
310
289
275
293
332
347
324
292
296
333
348
310
258
249
287
301
261
201
190
228
252
221
147
115
139
170
147
73
20
25
61
56
3
-50
-54
-30
-26
-58
-100
-110
-104
-102
-122
-151
-165
-161
-165
-192
-222
-239
-242
-257
-296
-337
-361
-373
-384
-409
-442
-464
-480
-483
-491
-506
-528
-542
-545
-535
-525
-522
-524
-525
-507
-488
-464
-449
-441
-427
-405
-375
-346
-319
-306
-287
-256
-220
-187
-171
-161
-142
-111
-78
-64
-61
-43
-14
17
36
45
61
84
108
124
142
157
178
199
217
227
248
274
286
293
292
299
309
316
310
299
286
285
294
291
277
252
242
251
259
244
210
187
192
220
224
195
165
165
197
219
204
163
157
190
228
220
170
154
195
247
247
193
151
173
227
241
189
122
115
160
185
148
81
50
74
102
86
32
-5
5
38
38
9
-13
0
36
49
35
22
45
76
83
63
50
72
106
111
85
60
74
105
115
89
62
62
81
94
78
61
55
59
64
51
40
32
20
5
-15
-24
-36
-51
-79
-103
-114
-118
-127
-153
-181
-198
-201
-198
-212
-238
-255
-265
-258
-262
-281
-302
-308
-304
-312
-324
-338
-341
-335
-332
-335
-340
-327
-304
-281
-267
-257
-236
-202
-165
-138
-116
-91
-54
-18
15
43
64
92
121
140
161
183
197
212
220
225
243
257
251
242
227
220
224
216
185
151
130
115
103
73
36
4
-21
-39
-65
-95
-119
-138
-154
-172
-191
-205
-209
-215
-224
-236
-249
-248
-239
-237
-246
-257
-255
-241
-227
-220
-226
-231
-218
-187
-155
-148
-155
-147
-114
-69
-37
-38
-37
-13
34
81
100
98
115
152
194
224
231
244
271
301
324
337
346
361
376
379
377
376
381
382
370
346
320
313
317
296
254
210
183
186
179
143
83
39
32
47
37
-14
-64
-90
-77
-64
-82
-129
-165
-163
-137
-127
-147
-173
-183
-162
-133
-125
-133
-139
-132
-110
-89
-79
-78
-79
-75
-65
-51
-40
-33
-47
-58
-53
-44
-30
-36
-55
-71
-61
-40
-28
-37
-59
-59
-35
-2
6
-11
-18
-2
36
62
62
49
53
78
112
123
108
99
107
127
136
127
107
92
94
93
79
57
32
13
-8
-22
-47
-77
-102
-126
-143
-165
-185
-201
-215
-228
-241
-246
-255
-251
-252
-256
-248
-248
-235
-227
-223
-218
-207
-196
-184
-174
-172
-167
-155
-139
-126
-125
-122
-113
-102
-78
-67
-64
-58
-43
-12
11
20
24
40
71
106
130
141
150
178
217
245
266
271
287
316
347
364
363
366
375
389
397
393
380
370
365
352
337
315
297
281
252
225
201
182
167
143
108
77
60
52
40
18
-20
-38
-39
-34
-41
-66
-90
-99
-86
-82
-89
-108
-121
-119
-102
-93
-104
-116
-122
-114
-101
-101
-106
-113
-114
-102
-96
-93
-103
-101
-94
-87
-81
-84
-79
-76
-66
-61
-61
-57
-51
-42
-41
-40
-40
-35
-32
-38
-41
-46
-49
-49
-59
-69
-78
-87
-86
-98
-108
-118
-129
-129
-133
-141
-153
-158
-163
-163
-165
-172
-177
-182
-185
-188
-191
-197
-199
-203
-205
-204
-204
-208
-215
-212
-211
-208
-209
-213
-209
-207
-199
-195
-190
-188
-183
-170
-162
-151
-148
-133
-121
-108
-90
-82
-64
-42
-22
-4
13
29
42
68
90
102
120
142
162
177
194
208
229
244
258
274
286
303
318
336
346
355
367
378
390
392
396
395
397
398
394
386
378
370
355
341
328
310
287
263
238
215
192
169
143
117
89
69
47
19
-5
-25
-43
-60
-73
-90
-101
-109
-115
-119
-127
-131
-132
-124
-124
-122
-122
-121
-109
-97
-93
-94
-86
-78
-69
-65
-63
-62
-59
-51
-44
-42
-43
-39
-30
-24
-24
-25
-23
-19
-15
-18
-16
-14
-11
-8
-8
-9
-8
-8
-8
-6
-14
-13
-15
-14
-15
-25
-27
-26
-31
-33
-40
-51
-57
-60
-62
-72
-87
-98
-100
-103
-108
-122
-130
-133
-138
-139
-149
-149
-154
-153
-149
-153
-151
-152
-144
-141
-142
-135
-133
-124
-117
-114
-109
-101
-96
-88
-80
-78
-70
-64
-54
-45
-36
-34
-19
-7
-3
13
21
33
44
53
67
80
91
100
115
132
145
154
168
181
197
209
219
228
236
244
258
263
264
267
267
270
267
264
259
254
243
233
222
207
194
177
160
144
121
102
79
56
36
10
-11
-33
-57
-78
-99
-117
-141
-162
-179
-194
-207
-221
-230
-239
-245
-251
-250
-249
-251
-246
-242
-231
-223
-212
-205
-193
-179
-168
-152
-140
-133
-119
-105
-91
-77
-69
-62
-51
-38
-33
-28
-20
-16
-12
-12
-9
-11
-14
-12
-15
-17
-21
-25
-29
-30
-37
-40
-46
-46
-51
-58
-58
-62
-65
-70
-75
-77
-82
-82
-81
-86
-91
-91
-89
-88
-88
-88
-86
-78
-73
-67
-62
-54
-46
-38
-29
-20
-11
-1
13
26
38
43
56
66
76
86
93
105
109
120
126
128
136
142
144
149
148
151
152
153
156
151
152
149
147
144
141
141
140
141
137
140
137
136
136
137
138
139
138
141
142
141
142
139
139
134
135
133
127
125
119
116
113
109
105
101
94
87
80
73
67
61
52
47
39
33
26
14
7
-1
-10
-16
-22
-34
-42
-49
-53
-61
-67
-72
-78
-84
-90
-95
-98
-101
-105
-104
-103
-105
-109
-108
-104
-106
-108
-107
-106
-107
-108
-101
-101
-102
-98
-97
-95
-95
-93
-93
-89
-92
-91
-85
-88
-85
-84
-79
-77
-71
-69
-63
-53
-48
-43
-38
-30
-24
-17
-10
-7
4
7
9
17
21
21
22
26
24
21
21
19
19
15
10
8
1
-1
-7
-12
-14
-16
-16
-16
-22
-27
-28
-25
-27
-28
-26
-27
-24
-23
-20
-14
-10
-8
-3
6
11
15
24
33
40
46
52
59
62
64
73
77
83
87
93
96
99
105
105
110
110
110
113
117
117
115
116
112
113
109
107
104
100
94
90
87
82
77
65
61
55
45
39
32
27
20
13
0
-6
-14
-25
-31
-41
-51
-59
-69
-83
-87
-102
-114
-122
-137
-145
-157
-167
-175
-186
-191
-194
-198
-205
-208
-211
-212
-213
-214
-212
-212
-209
-203
-201
-195
-186
-177
-171
-157
-146
-135
-125
-111
-92
-81
-65
-50
-32
-12
4
18
34
53
69
82
94
110
121
131
142
152
160
165
171
178
179
178
175
176
174
169
163
153
141
131
124
109
95
85
74
56
42
31
12
6
-7
-20
-31
-40
-49
-62
-67
-70
-76
-81
-83
-84
-89
-83
-81
-79
-76
-78
-67
-58
-49
-39
-31
-19
-9
4
17
29
43
52
72
85
93
110
123
134
143
149
156
161
166
166
170
171
166
164
163
158
146
137
129
118
105
91
81
70
52
37
24
8
-6
-22
-34
-46
-61
-72
-88
-93
-105
-117
-119
-122
-128
-133
-137
-135
-140
-141
-139
-138
-134
-132
-129
-121
-114
-111
-102
-98
-89
-85
-81
-70
-63
-53
-49
-42
-32
-29
-24
-19
-10
-9
-6
-1
-3
3
4
7
7
9
12
11
18
18
18
21
21
25
29
29
35
37
39
47
47
49
51
55
58
59
59
62
66
67
68
73
71
71
72
70
70
69
67
68
67
65
64
65
63
57
56
53
48
45
36
32
30
25
21
16
12
5
1
-4
-9
-11
-18
-23
-28
-35
-39
-45
-44
-47
-50
-49
-55
-51
-53
-53
-49
-50
-43
-43
-39
-35
-35
-27
-25
-19
-12
-14
-5
-5
-2
4
2
8
7
10
12
9
11
7
9
9
5
7
1
0
-2
-6
-7
-11
-11
-13
-20
-24
-29
-32
-39
-40
-42
-50
-51
-57
-60
-60
-65
-62
-69
-70
-71
-72
-72
-74
-69
-69
-64
-62
-58
-51
-48
-39
-34
-29
-21
-17
-11
-6
1
10
15
25
31
37
42
48
54
54
61
66
65
70
72
75
76
78
85
82
84
85
85
87
81
89
86
87
92
88
95
92
91
98
95
95
99
95
94
94
96
92
89
91
87
88
82
77
78
70
65
64
55
50
42
34
28
19
14
3
-7
-22
-34
-46
-58
-72
-85
-91
-109
-119
-127
-139
-150
-164
-173
-185
-195
-198
-206
-210
-215
-218
-215
-219
-214
-209
-210
-202
-195
-191
-179
-171
-159
-146
-135
-118
-104
-87
-69
-50
-33
-17
0
17
31
45
63
73
88
106
117
131
138
148
155
156
166
168
167
167
167
165
161
155
152
142
132
125
112
101
86
73
62
47
34
20
6
-7
-21
-30
-41
-57
-63
-76
-81
-92
-101
-105
-112
-112
-117
-118
-117
-115
-118
-115
-106
-106
-97
-94
-84
-78
-73
-56
-48
-39
-25
-18
-2
9
20
36
43
58
69
80
90
97
107
115
120
130
136
138
143
150
153
157
156
157
158
151
149
145
133
131
122
116
106
98
91
78
67
59
46
34
25
8
-3
-15
-27
-38
-50
-58
-71
-80
-88
-100
-109
-122
-130
-139
-144
-153
-161
-164
-164
-168
-170
-167
-169
-167
-162
-158
-153
-146
-141
-132
-121
-114
-106
-96
-88
-76
-65
-49
-42
-31
-19
-8
10
16
29
41
55
62
72
81
88
94
101
113
120
125
129
138
141
145
148
149
148
147
149
147
144
139
137
135
130
125
120
112
103
97
92
79
74
68
58
51
41
35
27
18
9
5
-2
-7
-13
-19
-27
-36
-37
-42
-48
-55
-57
-59
-63
-65
-66
-68
-71
-74
-73
-75
-78
-75
-73
-70
-71
-68
-65
-65
-60
-53
-51
-48
-43
-40
-31
-29
-26
-19
-14
-6
-3
4
6
9
12
17
19
20
22
27
28
26
28
27
26
27
26
22
22
19
20
18
11
12
5
5
-1
-5
-10
-13
-14
-20
-21
-26
-30
-33
-36
-41
-44
-46
-45
-53
-52
-50
-55
-54
-55
-53
-55
-54
-52
-50
-46
-44
-39
-37
-37
-31
-28
-25
-18
-14
-5
1
6
15
16
26
28
31
40
45
49
53
58
62
66
69
73
76
81
83
83
84
84
84
86
90
89
88
87
86
83
80
76
71
66
62
56
50
41
41
33
26
21
10
5
-8
-11
-21
-29
-35
-42
-51
-63
-67
-75
-84
-90
-93
-99
-104
-107
-111
-118
-123
-124
-125
-124
-127
-125
-127
-125
-125
-120
-116
-113
-106
-100
-98
-88
-77
-74
-62
-50
-47
-39
-27
-19
-9
2
17
24
34
45
54
60
66
81
87
93
102
107
112
117
118
123
122
125
125
122
119
116
114
110
105
101
97
88
82
73
67
57
48
39
30
20
10
3
-9
-14
-23
-32
-38
-49
-54
-56
-63
-66
-70
-73
-74
-77
-78
-79
-74
-76
-71
-64
-60
-57
-48
-41
-35
-31
-18
-14
-9
8
13
25
34
41
52
62
70
79
84
92
95
100
104
104
109
109
112
110
111
109
106
104
96
93
85
78
71
63
52
44
35
27
14
9
-6
-13
-20
-33
-38
-51
-57
-70
-78
-85
-93
-106
-108
-116
-121
-126
-130
-129
-139
-138
-140
-140
-144
-141
-140
-143
-142
-141
-136
-133
-127
-119
-115
-113
-102
-100
-95
-87
-80
-77
-69
-63
-59
-54
-44
-35
-30
-23
-18
-8
-5
5
10
16
22
25
35
36
43
51
56
63
70
71
80
82
88
93
97
99
103
107
110
112
109
116
111
111
113
111
111
108
105
105
101
98
93
85
86
73
68
62
54
50
42
39
28
25
17
9
4
-3
-11
-15
-21
-27
-32
-37
-41
-43
-41
-49
-52
-52
-54
-54
-52
-51
-49
-49
-45
-41
-40
-35
-29
-22
-17
-8
-8
1
6
7
17
20
21
27
32
34
40
40
45
45
48
44
47
45
38
38
34
33
28
26
23
18
11
5
2
-8
-12
-17
-24
-31
-37
-45
-47
-55
-60
-63
-71
-73
-78
-81
-84
-87
-90
-93
-93
-95
-96
-97
-95
-91
-89
-90
-84
-82
-77
-73
-68
-63
-58
-53
-48
-36
-36
-29
-20
-17
-10
-4
1
11
14
23
26
30
35
40
44
44
47
52
53
56
57
59
62
63
65
63
65
67
68
66
66
64
62
62
63
61
57
57
53
53
50
46
45
41
40
39
34
32
29
24
22
19
18
11
7
5
1
3
0
0
-2
0
-5
-9
-4
-13
-13
-11
-13
-14
-14
-13
-15
-14
-16
-18
-15
-14
-14
-16
-13
-12
-15
-9
-9
-8
-8
-8
-4
-4
-5
-1
1
3
4
5
6
7
8
8
10
8
10
11
13
12
10
9
10
9
6
5
1
0
-3
-4
-8
-12
-15
-17
-21
-24
-27
-33
-36
-35
-44
-45
-47
-54
-53
-55
-58
-58
-63
-64
-66
-72
-70
-72
-72
-69
-66
-65
-66
-65
-60
-60
-62
-52
-50
-46
-37
-31
-28
-22
-20
-10
-7
-5
7
13
17
24
29
36
42
44
53
56
58
65
71
70
75
75
77
80
78
80
80
81
84
80
76
74
70
69
66
63
61
57
56
54
47
39
38
33
30
28
23
21
14
12
8
2
-2
1
-10
-6
-10
-14
-12
-18
-12
-19
-21
-19
-22
-24
-20
-23
-20
-17
-22
-16
-15
-21
-15
-13
-13
-13
-13
-7
-10
-12
-5
-11
-8
-7
-7
-2
-5
-4
-2
-3
-8
-3
-7
-7
-9
-12
-13
-14
-13
-15
-16
-22
-18
-23
-25
-23
-29
-28
-27
-30
-30
-32
-32
-34
-36
-34
-37
-36
-34
-37
-36
-33
-36
-33
-31
-31
-30
-29
-28
-29
-29
-28
-27
-25
-21
-21
-20
-15
-18
-16
-14
-13
-9
-11
-10
-11
-6
-11
-11
-8
-7
-6
-5
-5
-2
-4
-2
2
0
1
6
8
6
9
12
11
14
20
25
27
26
29
32
36
40
41
47
47
52
56
55
62
64
65
68
72
75
73
74
77
78
72
80
76
72
73
69
66
64
61
58
57
48
43
39
32
27
23
20
13
10
4
-5
-9
-15
-21
-26
-31
-36
-41
-44
-46
-52
-55
-60
-63
-63
-65
-66
-67
-65
-66
-65
-64
-66
-60
-61
-58
-52
-51
-48
-45
-41
-40
-37
-33
-27
-28
-22
-15
-13
-13
-4
1
0
4
1
8
9
13
16
18
19
21
20
19
19
15
17
20
19
20
16
18
16
13
11
7
9
7
9
9
6
6
3
4
1
-3
-4
-5
-2
-6
-6
-6
-7
-7
-6
-7
-11
-10
-7
-10
-10
-9
-13
-11
-12
-8
-10
-9
-7
-7
-4
-8
-4
-4
-5
-4
-1
0
1
5
6
8
12
14
14
17
18
23
28
32
34
36
39
42
46
46
47
50
53
56
61
56
53
52
53
54
47
48
47
44
42
38
35
29
25
23
18
14
12
6
0
-4
-11
-21
-25
-31
-39
-40
-49
-49
-52
-57
-61
-63
-65
-70
-72
-74
-76
-73
-72
-72
-69
-69
-64
-64
-61
-60
-58
-52
-49
-43
-40
-38
-32
-28
-20
-15
-11
-6
-1
2
10
12
14
17
22
25
27
30
30
32
35
35
37
35
32
36
35
35
34
33
32
30
32
28
26
27
19
18
17
14
11
10
6
5
4
-2
-1
-4
-8
-8
-11
-13
-13
-15
-14
-21
-16
-16
-18
-16
-15
-16
-17
-17
-18
-13
-12
-10
-11
-10
-9
-7
-7
-4
-1
-2
2
2
7
11
14
16
19
21
21
23
23
23
24
28
27
29
33
30
30
31
29
26
27
29
26
26
21
22
19
16
14
11
15
8
8
4
-2
-2
-9
-11
-11
-16
-18
-20
-21
-24
-26
-26
-31
-33
-35
-37
-37
-36
-36
-37
-38
-40
-40
-40
-37
-36
-36
-35
-33
-33
-31
-30
-27
-22
-22
-18
-15
-14
-9
-8
-5
-2
-1
4
4
5
11
14
17
18
21
23
27
27
31
31
34
36
35
36
34
37
37
36
38
39
38
39
42
39
34
34
33
29
29
28
27
23
22
26
20
16
13
12
12
7
9
7
4
2
-2
-6
-6
-12
-12
-11
-15
-13
-15
-18
-17
-18
-20
-20
-19
-21
-18
-21
-18
-17
-21
-15
-15
-16
-15
-14
-13
-10
-10
-9
-9
-8
-8
-6
-2
0
0
0
3
1
3
3
3
3
3
5
7
10
9
7
7
5
1
0
1
2
0
0
2
0
-3
-3
-6
-6
-8
-7
-6
-9
-7
-11
-12
-14
-15
-14
-15
-15
-14
-12
-13
-13
-15
-15
-12
-11
-11
-9
-8
-7
-6
-7
-6
-5
-2
-5
-1
0
-2
0
0
3
5
4
5
8
9
6
8
10
9
8
10
8
10
9
10
11
8
8
9
13
10
10
11
12
13
13
16
14
12
15
19
18
15
20
20
21
21
23
23
21
22
19
20
18
17
16
13
12
12
8
5
6
5
1
-3
-5
-6
-13
-17
-18
-21
-25
-27
-30
-31
-34
-37
-38
-46
-47
-48
-50
-50
-51
-48
-50
-52
-53
-51
-50
-46
-45
-44
-38
-36
-34
-30
-31
-29
-21
-19
-12
-11
-5
-2
3
6
11
16
16
25
26
29
33
36
37
38
42
43
41
39
40
40
41
39
39
40
37
35
32
28
29
27
26
22
20
18
16
12
11
8
6
6
0
-1
-3
-8
-8
-7
-11
-13
-14
-14
-17
-16
-14
-17
-15
-14
-17
-16
-13
-13
-10
-6
-5
-2
-1
-2
0
2
4
3
5
8
9
8
13
15
16
19
19
23
21
22
27
23
25
24
24
25
24
25
24
24
27
25
23
21
21
21
19
17
18
14
15
14
9
9
2
-3
-3
-8
-9
-12
-14
-18
-22
-24
-29
-33
-38
-39
-40
-45
-47
-47
-49
-49
-54
-57
-55
-58
-59
-61
-60
-57
-59
-57
-56
-59
-58
-56
-55
-50
-46
-44
-39
-36
-32
-26
-28
-18
-15
-11
-5
-1
5
7
15
19
25
29
35
40
41
47
52
55
57
61
63
66
69
73
70
69
72
74
68
68
64
61
59
57
54
49
45
40
41
36
33
29
24
20
14
11
5
6
2
-5
-8
-9
-18
-19
-19
-23
-23
-24
-27
-30
-26
-27
-29
-29
-28
-25
-24
-24
-26
-23
-20
-17
-15
-10
-8
-8
-3
-4
-2
0
-2
3
3
3
8
7
11
11
8
11
11
9
8
10
9
8
6
5
5
2
3
4
2
-1
-3
0
-5
-6
-4
-8
-9
-11
-9
-13
-17
-15
-21
-24
-24
-23
-22
-26
-25
-23
-27
-28
-28
-31
-34
-33
-32
-35
-40
-38
-38
-40
-37
-35
-38
-40
-40
-43
-44
-41
-41
-42
-40
-41
-40
-39
-38
-36
-35
-33
-30
-28
-26
-24
-20
-17
-12
-9
-2
0
4
8
10
13
21
22
27
34
35
39
43
44
45
52
53
54
59
56
58
61
61
60
61
62
62
63
62
58
56
53
50
51
48
41
41
38
32
30
27
21
18
17
11
7
5
1
0
-9
-9
-10
-14
-14
-16
-16
-18
-19
-21
-24
-24
-23
-23
-21
-21
-21
-18
-17
-15
-12
-13
-12
-9
-6
-5
-2
-2
0
-1
4
6
5
8
10
12
15
17
16
18
17
17
19
17
17
17
13
14
14
11
