-3
-2
1
-3
-1
-2
-6
-1
-3
-5
-3
-5
-6
0
-3
-4
-5
-5
-1
-2
-5
-2
-3
-1
2
0
2
-1
-1
-3
-4
1
-2
-1
-1
0
-3
-4
-3
-3
0
-4
-5
-3
-3
-4
-3
-3
-4
-5
-2
-2
-2
-2
-4
-2
-3
-3
-3
-5
-2
-4
-3
-5
-4
-1
-4
-2
-4
-4
-4
-4
-2
-5
-3
-3
-5
-2
-1
-2
2
-2
-1
0
-2
0
-2
-3
-2
-2
-4
-5
-5
-2
-2
-5
-5
-2
-1
-2
-3
-2
0
0
0
0
0
-3
-1
0
2
1
-3
-4
-2
-4
-4
-1
-3
-4
-3
-4
-4
-2
-5
-3
1
-2
-2
-2
-6
-4
-1
-2
-3
-3
0
1
2
-4
-3
-3
-3
1
0
1
2
2
2
0
1
-1
0
0
1
1
-2
1
3
1
3
8
3
2
2
4
3
4
4
3
2
3
6
6
7
4
8
7
6
7
8
8
5
7
9
7
8
6
7
6
1
4
3
4
4
3
4
4
3
1
6
5
3
4
5
6
5
4
3
3
4
6
5
2
2
6
5
3
5
4
2
3
7
3
3
6
5
5
3
4
5
5
6
6
5
6
5
3
5
5
3
4
4
2
1
-1
2
-1
-3
1
0
1
-3
-2
-1
-1
0
-1
0
-1
-3
-1
4
0
-2
-2
-3
-2
1
-2
-1
-2
-2
-3
-3
-2
-2
-3
-4
-5
-7
-3
-6
-5
-4
-4
-4
-3
-5
-2
-3
-2
-2
-4
-1
-2
-1
-5
-3
-2
-3
-3
-3
-3
-2
-3
-4
-2
-8
-5
-5
-5
-4
0
-2
-3
-1
-3
-1
-1
-3
1
0
0
0
-1
-3
-1
3
-2
1
-2
2
1
-2
-1
0
0
-1
1
-2
-3
-4
0
-2
-2
0
-1
0
-2
-2
-2
0
-1
-2
1
1
-1
3
1
-1
3
1
2
2
3
2
-3
0
1
-1
0
-2
-2
-1
0
-3
-4
-1
-3
-1
1
-1
1
0
0
0
-3
-3
2
-1
0
4
0
-1
0
-1
1
0
0
-2
2
1
0
3
-2
3
2
-2
-1
0
3
2
2
4
2
7
6
7
5
4
8
4
4
3
6
5
6
8
2
2
5
2
0
1
2
1
2
2
2
3
3
4
3
2
2
0
3
4
4
3
2
3
2
3
2
5
6
4
4
3
4
2
5
5
4
6
3
4
7
7
6
6
7
8
5
4
7
5
8
6
9
6
4
5
6
5
4
7
6
4
1
4
6
4
7
6
6
3
3
5
5
4
6
3
5
5
5
5
0
6
4
3
2
2
2
3
4
2
1
2
3
4
3
2
2
1
-1
0
1
0
-1
1
1
1
1
3
0
1
0
2
2
-1
-1
-1
3
0
-3
-7
-4
0
-1
0
0
2
-1
0
-1
-4
-4
-3
-1
-5
-3
-3
-3
-4
-4
1
-3
-3
-3
-1
0
-1
-1
-2
-2
-2
1
-1
-5
-2
-3
-1
-1
-4
-4
-5
-4
-5
-5
-4
-8
-3
-1
-6
-5
-1
-5
-5
-4
-5
-1
-3
-2
-1
-3
-5
-2
-3
-4
-2
-4
-2
-1
-1
-5
-3
-1
0
-1
-2
-1
-4
-5
-2
-4
-1
0
-2
-1
-4
-4
-4
-4
-1
-4
-6
-4
-3
-5
-3
1
-3
-4
-2
-3
-2
-1
-2
-2
-1
-3
-5
-2
-2
-4
-5
-8
-5
-5
-7
-6
-5
-3
-5
-6
-5
-5
-4
-3
-4
-5
-6
-5
-5
-5
-6
-5
-6
-5
-4
-5
-4
-4
-5
-4
-8
-4
-5
-4
-1
-5
-5
-3
-3
-5
-2
-2
-2
-5
-7
-4
-7
-3
-3
-4
0
-3
1
-1
-2
-2
-3
0
-3
-2
-1
-2
-1
-2
0
1
-1
0
3
2
1
5
-1
0
1
-4
0
0
-1
0
3
3
0
1
3
1
-2
-2
1
-1
-2
0
1
1
2
1
0
1
-1
-3
-2
-1
-2
-3
-1
0
-2
-2
-2
-4
-1
1
1
0
0
-2
1
1
1
1
4
6
5
4
2
6
4
2
5
5
5
4
5
6
7
3
2
2
3
2
2
2
2
5
6
3
1
2
4
4
4
4
3
4
1
1
-2
0
-1
3
3
2
1
2
5
6
6
3
5
3
3
0
4
3
2
6
1
0
1
1
2
3
5
4
4
7
4
5
4
3
5
4
4
6
3
4
5
6
6
3
7
7
3
4
2
4
3
3
2
2
3
0
3
4
1
2
-1
0
2
2
2
-1
-1
2
0
-1
2
0
0
2
1
3
4
3
5
4
3
3
5
4
3
4
1
0
4
3
2
3
3
1
1
-1
0
1
2
2
-3
0
0
-2
1
1
-2
-4
-2
-1
-2
3
2
1
-3
-4
2
-2
-4
0
-3
-3
-1
-2
-3
-4
0
-4
-5
0
-3
0
-2
-4
-2
0
1
3
0
0
1
-3
-5
-2
2
-1
-2
-3
-3
0
1
-2
-5
-5
-4
-3
-2
-2
-2
-2
-6
-7
-3
-2
-3
-5
-2
0
-3
-5
-3
-5
0
-3
-4
0
-5
1
-1
-3
-6
-4
-4
-4
1
-3
0
-3
-4
-4
-3
1
-3
-1
-3
-2
-2
-1
-1
-2
-4
-2
-4
-4
-3
-5
-3
-5
-3
-4
-5
-4
-3
-4
-5
-2
-4
-1
-1
0
-1
-1
-2
-3
-4
-2
-3
-3
1
-2
0
-1
-2
0
-3
-3
-2
-3
-2
0
-1
0
0
-3
-1
0
1
1
-1
2
3
0
-1
2
2
0
2
2
1
1
2
0
4
-1
-1
-1
-1
-1
0
4
-1
2
4
4
3
2
2
0
3
2
0
1
3
3
4
-1
2
4
4
3
3
4
0
1
0
0
-3
-2
1
0
1
3
2
2
3
1
-1
1
1
3
4
2
4
2
3
3
5
6
4
3
1
1
0
2
4
6
2
0
1
2
4
3
1
6
4
3
4
4
3
2
1
1
3
2
1
2
3
1
1
1
-1
0
0
2
1
0
2
-1
0
3
5
1
-1
3
2
0
0
1
0
-1
0
0
0
1
1
-4
-2
-1
-3
-2
-3
1
3
2
0
3
-3
-2
0
0
2
-2
3
0
-2
-2
-3
-1
-2
1
-3
-4
-1
-1
-4
-2
-3
-6
-4
-3
-5
-4
-4
-1
-1
-4
-2
-3
-4
-2
-1
-2
-4
2
-2
-4
-2
-4
-3
-2
-1
-1
-4
-1
-2
-2
-1
-2
-1
-4
-1
-5
-5
-1
-6
-4
-1
-3
-5
-5
-6
-6
-3
-8
-9
-7
-7
-5
-4
-7
-5
-3
-5
-3
-1
-3
-1
0
1
1
2
0
-1
0
2
0
2
2
0
2
3
2
4
1
1
3
1
2
-1
0
1
-1
-1
-1
-3
-2
-1
-1
-2
-4
-3
-3
-3
-3
-4
-2
-3
-3
0
-1
-3
-3
-4
-4
-3
-5
1
-4
-2
-2
-3
1
-2
1
-2
-2
-1
0
2
2
1
3
2
2
4
-1
1
1
2
2
1
0
0
0
1
3
2
2
-2
0
4
1
3
2
1
2
2
5
1
2
2
1
6
4
3
5
4
3
1
2
5
1
1
3
5
4
2
3
4
4
6
6
4
4
4
6
4
6
8
6
3
4
3
4
2
2
6
2
3
1
4
3
1
2
2
3
4
5
4
2
3
2
4
4
2
3
3
2
7
6
3
2
5
8
5
7
6
2
3
4
3
4
1
0
2
3
4
2
1
4
2
4
4
4
2
4
6
4
4
6
9
6
5
6
7
5
7
5
4
4
5
4
3
2
2
4
0
-1
0
-2
2
-1
-2
2
1
4
3
3
3
3
1
4
3
-1
2
1
0
0
-1
1
-2
-2
-3
-6
-6
-3
-2
-5
-5
-5
-5
-2
-4
-2
-1
4
2
-2
-2
1
2
-1
2
1
2
2
0
4
1
-1
0
1
0
-2
2
-1
0
0
-2
-4
-4
-3
-5
0
-2
-2
-2
-3
-2
-2
2
-1
0
0
-2
-2
-2
-1
0
0
-2
-2
-6
-3
0
-3
0
0
-3
-2
-1
-2
-1
1
-3
-4
-1
-1
-4
-2
-2
0
-2
1
2
-1
0
2
0
1
-1
0
3
-1
-1
-3
-4
0
-1
-1
0
-2
1
-1
-1
-2
-1
1
-1
4
2
0
4
3
3
4
1
4
4
6
4
4
3
3
2
3
4
3
3
0
2
2
2
2
1
-1
-1
0
-2
0
2
1
3
0
1
1
1
2
3
2
4
6
1
3
4
4
4
4
6
4
3
3
4
4
5
7
5
5
3
2
2
1
2
2
3
5
6
4
1
0
0
0
1
3
3
2
1
2
1
-3
3
-2
1
1
-2
1
-1
-1
1
0
0
1
1
0
1
1
2
1
0
0
0
-1
-1
0
2
0
-1
4
2
1
0
-1
-1
-1
0
-1
-1
0
-1
2
-2
0
2
-1
0
-2
2
0
-1
0
-1
1
-1
1
0
1
0
3
2
0
1
0
1
0
1
1
3
-1
-2
4
2
2
1
1
1
-1
0
0
-3
-3
-1
-4
0
1
-1
-3
-6
-7
-3
0
1
-5
-8
-6
-3
-1
-2
-10
-11
-10
-7
-4
-5
-3
-11
-15
-12
-6
0
-6
-11
-16
-11
1
5
1
-8
-8
-4
1
6
4
-4
-7
-2
4
8
7
1
-3
-6
1
10
8
7
-2
-9
1
9
15
6
-5
-8
-4
7
13
8
-7
-14
-10
2
12
2
-12
-20
-14
2
7
-1
-11
-16
-15
-8
2
3
-7
-22
-25
-16
-4
-2
-13
-26
-28
-17
-8
-7
-12
-22
-31
-26
-17
-8
-9
-19
-33
-36
-23
-7
-5
-23
-36
-40
-28
-12
-11
-15
-29
-46
-46
-25
10
16
-29
-87
-93
-8
77
36
-86
-142
-67
58
94
-14
-121
-97
-9
44
42
9
-43
-64
-38
22
99
91
-15
-92
-31
100
157
93
-11
-38
37
126
154
127
70
26
38
113
191
184
94
21
36
122
188
160
83
42
36
58
111
147
110
16
-48
-20
72
125
60
-58
-102
-45
26
35
-6
-67
-106
-102
-68
-18
-4
-51
-134
-160
-97
-16
3
-66
-149
-156
-88
-24
-21
-63
-107
-120
-92
-44
-10
-18
-51
-89
-100
-47
21
30
-22
-80
-90
-31
38
47
-6
-60
-67
-33
16
36
13
-41
-78
-69
-20
34
27
-46
-116
-107
-27
47
34
-61
-132
-104
-2
68
50
-36
-99
-65
38
126
121
40
-45
-17
142
283
244
75
-38
66
337
445
251
9
37
279
431
354
137
74
203
284
218
165
196
175
77
-14
34
183
192
-17
-215
-162
20
66
-63
-227
-272
-210
-145
-156
-204
-228
-276
-350
-341
-219
-159
-240
-357
-413
-339
-190
-142
-251
-348
-324
-252
-187
-145
-151
-194
-220
-206
-141
-31
41
-6
-114
-117
26
169
180
108
56
69
139
233
285
257
195
158
157
201
290
337
247
97
-35
-86
79
333
212
-294
-609
-428
-17
137
-244
-832
-904
-473
-237
-377
-612
-768
-781
-620
-463
-356
-259
-392
-608
-439
89
411
298
72
47
412
961
1235
1122
922
864
852
1296
2146
2241
1291
591
1060
1911
2326
1924
899
521
1128
1543
1192
873
802
464
66
-61
165
488
257
-626
-1244
-941
-384
-325
-782
-1387
-1671
-1446
-1094
-1087
-1249
-1379
-1658
-1915
-1639
-1070
-978
-1326
-1650
-1768
-1506
-879
-568
-941
-1304
-1179
-842
-511
-234
-179
-355
-469
-350
-16
415
631
410
63
104
542
957
1069
839
474
407
662
923
1125
1077
412
-286
58
815
864
281
-509
-962
-497
240
-92
-910
-1127
-1138
-1142
-902
-751
-956
-1172
-1416
-1508
-921
-300
-425
-856
-868
-436
165
566
484
333
586
1182
1790
1915
1387
1003
1748
3097
3313
2097
1194
1808
3071
3407
2538
1504
1507
2286
2362
1608
1226
1504
1374
553
68
375
810
414
-610
-1204
-953
-424
-515
-1201
-1799
-1815
-1524
-1511
-1697
-1798
-1791
-1953
-2249
-2151
-1668
-1429
-1729
-2110
-2145
-1788
-1230
-1051
-1407
-1605
-1292
-927
-776
-625
-472
-454
-460
-345
-83
262
454
346
174
267
628
947
961
731
611
740
854
961
1103
824
181
187
728
745
351
-29
-404
-397
49
-166
-842
-814
-701
-1032
-1137
-965
-1023
-1053
-1139
-1518
-1314
-621
-524
-923
-922
-525
-127
219
280
190
427
1033
1418
1450
1546
1502
1322
1803
2910
3017
1975
1495
2003
2758
3175
2752
1671
1388
2084
2259
1748
1443
1361
1026
592
291
312
593
341
-589
-1215
-961
-588
-762
-1197
-1642
-1924
-1825
-1566
-1656
-1915
-1896
-1978
-2321
-2252
-1750
-1575
-1809
-2033
-2136
-1923
-1352
-1083
-1350
-1518
-1327
-1038
-753
-521
-433
-407
-363
-290
-46
383
598
519
384
418
689
1003
1218
1052
772
860
1080
983
713
872
812
410
429
399
78
-3
128
-370
-785
-502
-664
-943
-912
-1069
-1393
-1300
-1107
-1365
-1270
-1104
-1221
-1101
-797
-560
-471
-141
139
234
446
823
1379
1708
1851
1891
1907
2045
2363
2992
3483
3158
2229
2065
3061
3796
3440
2532
1861
1924
2483
2613
1928
1301
1208
1019
499
249
577
607
-241
-1186
-1304
-840
-653
-1003
-1686
-2171
-2153
-1827
-1690
-1972
-2247
-2340
-2412
-2529
-2294
-1848
-1911
-2341
-2553
-2247
-1813
-1506
-1457
-1735
-1825
-1484
-971
-772
-708
-589
-635
-599
-252
254
507
478
322
295
624
1040
1323
1216
969
962
1015
895
1086
1501
967
250
373
607
538
514
80
-729
-460
-30
-576
-866
-645
-919
-1365
-1171
-1070
-984
-729
-1114
-1549
-1007
-194
-158
-339
-192
85
467
913
1188
1399
1702
2008
2149
2204
2367
2432
2875
3636
3504
2429
2086
3127
3797
3452
2664
1893
1925
2547
2629
1744
1128
1209
1005
427
21
259
421
-364
-1383
-1627
-1091
-855
-1314
-2030
-2510
-2403
-2143
-2053
-2289
-2647
-2684
-2663
-2815
-2727
-2157
-2047
-2650
-2859
-2462
-2057
-1723
-1544
-1838
-2048
-1628
-1053
-837
-733
-598
-600
-567
-321
170
574
614
416
305
603
1087
1385
1382
1101
959
1116
1219
1018
1017
1361
980
224
93
361
538
473
-110
-1079
-991
-248
-403
-988
-1330
-1535
-1548
-1209
-1194
-1436
-1308
-1373
-1545
-1186
-592
-330
-318
-341
-286
313
1131
1403
1299
1329
1797
2464
2691
2291
2087
2923
3957
3716
2448
2035
3137
4081
3611
2439
1874
2261
2793
2479
1546
1129
1384
1250
398
-165
146
454
-278
-1405
-1666
-1100
-867
-1471
-2183
-2425
-2280
-2123
-2189
-2469
-2678
-2542
-2525
-2825
-2782
-2253
-2067
-2505
-2766
-2497
-2056
-1734
-1698
-1915
-1987
-1596
-1109
-949
-915
-743
-546
-489
-378
17
469
542
356
394
689
1021
1257
1305
1180
1131
1037
892
1123
1392
1186
693
305
112
413
812
281
-564
-674
-501
-577
-547
-706
-1290
-1501
-1282
-1194
-1140
-1012
-1210
-1415
-1167
-760
-379
-108
-84
-191
94
791
1412
1619
1475
1543
2150
2976
3096
2306
1995
3179
4466
3924
2415
2093
3167
4136
3807
2508
1708
2239
2902
2328
1358
1215
1484
1083
138
-283
114
434
-327
-1560
-1886
-1254
-909
-1515
-2325
-2643
-2440
-2169
-2293
-2680
-2782
-2526
-2642
-3070
-2923
-2294
-2104
-2547
-2864
-2683
-2157
-1683
-1680
-1973
-1977
-1579
-1195
-1007
-887
-714
-545
-493
-413
-17
506
634
486
491
753
1128
1401
1472
1366
1236
1069
1160
1518
1477
1111
843
680
508
606
609
136
-95
-176
-585
-836
-549
-514
-1050
-1388
-1470
-1335
-969
-955
-1393
-1506
-1025
-703
-636
-417
-219
-59
258
667
1006
1311
1617
1692
2010
2795
3081
2373
1903
2963
4329
4200
2821
1973
2707
3982
4167
2948
1830
2026
2674
2471
1640
1268
1394
1125
247
-454
-218
397
-52
-1441
-2207
-1713
-1171
-1476
-2169
-2780
-2895
-2615
-2469
-2751
-2936
-2746
-2902
-3311
-3266
-2650
-2242
-2512
-3006
-3108
-2544
-1903
-1734
-1917
-2045
-1858
-1459
-1073
-879
-731
-520
-474
-501
-159
467
785
638
512
670
997
1391
1658
1554
1055
804
1139
1571
1557
1138
675
356
482
763
556
-5
-337
-431
-633
-744
-724
-877
-1199
-1536
-1677
-1484
-1122
-1178
-1595
-1660
-1296
-904
-652
-501
-467
-270
251
702
965
1293
1543
1626
2044
2882
3264
2719
2182
2639
3925
4655
3804
2425
2303
3595
4398
3709
2500
2038
2444
2636
2210
1540
1359
1381
792
-112
-408
172
252
-706
-1768
-1984
-1482
-1326
-1751
-2453
-2761
-2656
-2629
-2702
-2818
-2730
-2771
-3065
-3304
-3098
-2445
-2256
-2690
-3090
-2841
-2207
-1859
-1788
-1906
-1877
-1554
-1167
-933
-777
-395
-180
-277
-189
304
851
982
892
869
1058
1473
1787
1798
1483
1262
1374
1453
1439
1470
1384
815
227
281
616
719
244
-639
-1186
-879
-345
-615
-1362
-1867
-1840
-1501
-1319
-1422
-1639
-1624
-1513
-1362
-1013
-592
-322
-339
-266
175
854
1426
1540
1389
1546
2397
3267
3238
2475
2061
2925
4392
4643
3234
2058
2684
4061
4269
3201
2182
2163
2627
2545
1842
1333
1477
1394
507
-441
-365
335
92
-1147
-2099
-1896
-1324
-1434
-2119
-2717
-2752
-2640
-2689
-2895
-2970
-2836
-2883
-3211
-3466
-3055
-2439
-2435
-2929
-3080
-2583
-2045
-1816
-1853
-1875
-1676
-1291
-988
-809
-503
-137
12
-22
116
608
1158
1269
1052
1063
1377
1712
1973
1857
1387
1350
1712
1612
1275
1424
1330
695
420
458
396
421
234
-703
-1227
-696
-492
-1045
-1518
-1686
-1812
-1607
-1384
-1617
-1717
-1469
-1349
-1405
-1044
-446
-253
-295
-106
418
1008
1522
1718
1564
1877
2826
3485
3288
2755
2615
3256
4543
4869
3524
2403
3062
4290
4309
3433
2570
2283
2555
2614
2012
1384
1408
1238
297
-550
-456
45
-218
-1272
-2259
-2295
-1779
-1816
-2450
-3001
-3119
-3183
-3255
-3262
-3317
-3230
-3261
-3618
-3935
-3542
-2762
-2689
-3149
-3377
-2940
-2352
-2038
-1916
-1907
-1724
-1484
-1161
-808
-404
-74
-23
-5
172
669
1224
1436
1213
1097
1443
1822
1928
1809
1579
1334
1430
1686
1550
1073
734
686
609
439
130
-276
-506
-579
-809
-1231
-1440
-1412
-1530
-1783
-1998
-2023
-1818
-1665
-1745
-1814
-1513
-1163
-984
-734
-462
-161
210
579
909
1371
1838
1888
2045
2799
3574
3613
2917
2565
3332
4733
5085
3756
2553
2909
4215
4611
3672
2581
2263
2636
2599
2000
1481
1388
1155
189
-668
-641
-65
-155
-1290
-2437
-2629
-2033
-1842
-2444
-3116
-3369
-3396
-3427
-3366
-3279
-3288
-3415
-3759
-4015
-3606
-2816
-2592
-3082
-3399
-3089
-2432
-1884
-1728
-1793
-1747
-1451
-1074
-650
-214
100
185
117
276
861
1539
1753
1514
1332
1640
2146
2227
1984
1938
1891
1515
1454
1773
1679
1151
705
314
137
500
413
-555
-1204
-1063
-982
-1259
-1484
-1784
-1979
-1930
-2020
-2086
-1776
-1511
-1713
-1762
-1317
-833
-446
-223
-134
152
763
1364
1578
1834
2182
2504
2974
3545
3922
3480
2999
3339
4463
5213
4484
3280
2844
3741
4595
4215
3094
2269
2467
2631
2237
1570
1238
1162
500
-369
-827
-486
-228
-957
-2098
-2709
-2361
-1992
-2214
-2895
-3444
-3419
-3330
-3329
-3385
-3311
-3301
-3542
-3755
-3712
-3043
-2484
-2671
-3169
-3134
-2445
-1865
-1512
-1550
-1633
-1348
-874
-431
-186
251
527
515
554
885
1597
1968
2006
1741
1729
2217
2492
2340
1939
2044
1965
1627
1597
1546
1365
948
576
-33
-119
300
-103
-999
-1520
-1403
-1392
-1500
-1796
-2289
-2307
-2148
-2181
-2208
-1955
-1745
-1749
-1603
-1293
-882
-348
-27
161
412
890
1548
1996
2321
2387
2693
3322
3960
4134
3444
3175
3795
4980
5259
4159
3141
3184
4303
4595
3777
2770
2356
2616
2440
1887
1229
1097
970
85
-823
-1120
-630
-616
-1561
-2679
-3046
-2523
-2317
-2806
-3510
-3742
-3622
-3662
-3706
-3681
-3599
-3600
-3760
-3993
-3757
-3009
-2662
-2985
-3258
-2912
-2294
-1769
-1555
-1578
-1430
-1113
-718
-359
49
434
548
552
602
1057
1675
1951
1862
1600
1807
2080
2099
2129
2095
1701
1063
1422
1902
1394
652
148
20
157
421
-393
-1553
-1339
-969
-1388
-2010
-2108
-2201
-2313
-2283
-2628
-2523
-1924
-1854
-2319
-2141
-1293
-864
-782
-621
-251
308
948
1301
1499
1917
2520
2935
2959
3295
3922
4396
4229
3687
3652
4276
5385
5295
3871
2919
3500
4623
4375
3386
2421
2077
2339
2150
1446
748
826
567
-640
-1457
-1308
-676
-1043
-2302
-3264
-3267
-2615
-2637
-3200
-3724
-3931
-3869
-3884
-3777
-3686
-3531
-3574
-3993
-4045
-3433
-2577
-2459
-2954
-3107
-2607
-1781
-1326
-1209
-1185
-1089
-723
-247
209
582
882
938
786
973
1628
2259
2329
1948
1783
2104
2356
2267
2264
2213
1639
1005
1046
1391
1450
945
-207
-995
-537
130
-465
-1647
-2131
-2074
-1917
-2014
-2445
-2761
-2679
-2672
-2949
-2716
-2039
-1777
-2073
-2228
-1706
-806
-114
-59
-207
162
1069
1859
2187
2361
2579
2988
3463
3882
4191
4553
4778
4271
3769
4231
5481
5838
4585
3180
3056
4216
4806
3953
2445
1643
1975
2120
1495
634
400
232
-708
-1668
-1831
-1186
-1154
-2327
-3596
-3778
-3048
-2814
-3247
-3856
-4245
-4219
-4004
-3798
-3795
-3688
-3587
-3791
-3950
-3539
-2649
-2262
-2571
-2871
-2534
-1752
-1102
-783
-784
-754
-526
-58
519
947
1183
1206
1152
1223
1730
2431
2556
2136
1889
2091
2315
2394
2351
1879
1143
965
1440
1535
735
-140
-471
-398
-260
-630
-1535
-2115
-1893
-1760
-2274
-2691
-2713
-2665
-2741
-2892
-2881
-2492
-2001
-2045
-2286
-1844
-958
-446
-445
-380
183
1010
1665
1863
1920
2391
3026
3464
3650
3843
4057
4331
4813
4711
4072
3928
4762
5461
4771
3569
2959
3445
4180
3917
2706
1490
1506
1887
1466
528
-41
-18
-472
-1415
-2065
-1872
-1427
-2004
-3246
-3909
-3522
-3009
-3161
-3691
-4169
-4252
-3978
-3746
-3705
-3617
-3416
-3416
-3638
-3449
-2699
-2067
-2091
-2455
-2356
-1699
-905
-506
-517
-528
-355
86
601
981
1176
1307
1385
1329
1565
2117
2464
2283
1918
1869
2091
2214
2067
2009
1744
977
498
846
1192
672
-239
-1137
-1447
-771
-440
-1448
-2707
-2722
-2229
-2237
-2555
-2932
-2993
-2874
-2855
-2870
-2435
-1743
-1703
-2028
-1929
-1026
-2
366
265
246
884
1936
2619
2613
2647
3194
3665
3928
4304
4581
4580
4932
5119
4400
3872
4554
5649
5356
3915
2705
2849
4065
4325
3106
1483
1030
1503
1512
875
9
-267
-494
-1269
-2162
-2323
-1555
-1597
-2950
-4202
-3990
-3017
-2912
-3527
-4220
-4378
-4042
-3683
-3530
-3570
-3385
-3272
-3417
-3440
-2887
-1909
-1538
-1991
-2376
-1807
-723
-165
-189
-325
-230
124
670
1107
1262
1353
1404
1356
1359
1773
2317
2303
1756
1397
1646
1966
2056
1837
1101
315
374
1006
927
122
-673
-1188
-1182
-804
-924
-1798
-2342
-2357
-2387
-2377
-2362
-2529
-2780
-2814
-2797
-2541
-1943
-1676
-1859
-1918
-1428
-711
-111
153
162
465
1125
1868
2287
2453
2629
2941
3395
3801
4181
4302
4293
4301
4463
4752
4577
4021
3770
4505
4928
3887
2591
2388
3270
3553
2684
1396
731
1099
1213
603
-359
-803
-710
-1117
-1911
-2409
-1958
-1673
-2625
-3675
-3682
-2873
-2647
-3155
-3660
-3872
-3568
-3098
-2883
-3084
-3186
-2827
-2604
-2647
-2448
-1783
-1352
-1628
-1869
-1489
-733
-212
-191
-331
-316
6
456
743
853
870
1018
1085
936
1131
1605
1750
1361
984
1070
1338
1486
1094
586
573
423
18
-51
166
-168
-932
-1406
-1600
-1191
-779
-1544
-2737
-2725
-1807
-1616
-2116
-2596
-2694
-2201
-1772
-1832
-1868
-1436
-1063
-1121
-979
-307
443
695
533
725
1487
2200
2505
2400
2406
2982
3620
3811
3683
3826
4014
4087
4383
4248
3695
3431
3909
4462
3991
2960
2129
2434
3294
3120
1937
784
762
1021
749
182
-497
-732
-976
-1475
-2075
-2211
-1686
-1967
-3006
-3641
-3291
-2670
-2780
-3243
-3751
-3782
-3338
-2978
-2846
-2956
-2876
-2747
-2702
-2552
-2107
-1458
-1399
-1777
-1782
-1134
-439
-297
-370
-401
-248
102
526
794
764
758
811
820
925
1284
1556
1342
962
842
1078
1342
1328
964
457
200
158
311
415
90
-612
-1183
-1148
-885
-777
-1101
-1855
-2310
-2081
-1618
-1620
-1977
-2264
-2338
-2061
-1671
-1477
-1412
-1298
-1176
-975
-497
107
408
402
516
961
1664
2133
2235
2234
2362
2861
3289
3443
3427
3496
3804
3882
3952
3882
3615
3438
3409
3882
3993
3326
2376
2075
2796
3036
2391
1351
731
851
938
739
9
-560
-724
-1044
-1473
-1798
-1579
-1569
-2266
-3010
-3143
-2586
-2368
-2708
-3170
-3390
-3206
-2906
-2638
-2660
-2764
-2674
-2575
-2494
-2239
-1784
-1521
-1640
-1846
-1644
-1086
-612
-507
-636
-654
-498
-66
316
408
360
343
481
587
782
1024
1136
984
680
760
1022
1226
1229
906
391
103
385
610
624
323
-511
-1112
-885
-233
-267
-926
-1683
-2132
-1639
-1042
-1231
-1878
-2175
-2039
-1838
-1478
-1355
-1434
-1364
-1320
-1155
-640
19
207
-44
-49
467
1293
1829
1745
1565
1758
2334
2950
3039
2846
2922
3364
3731
3615
3487
3424
3526
3596
3345
3530
3772
3356
2406
2122
2852
2964
2381
1498
874
910
1007
850
65
-501
-650
-980
-1359
-1767
-1682
-1651
-2211
-2920
-3243
-2785
-2470
-2756
-3276
-3511
-3233
-2980
-2838
-2810
-2888
-2772
-2574
-2504
-2444
-2057
-1582
-1646
-1912
-1727
-1178
-691
-576
-617
-624
-491
-123
208
406
446
485
573
618
828
1166
1402
1220
898
980
1288
1485
1471
1163
560
473
1047
1069
427
104
61
-244
-435
-459
-771
-931
-993
-1611
-2140
-1771
-1377
-1713
-2179
-2405
-2317
-1835
-1567
-1892
-2063
-1655
-1259
-1094
-889
-604
-279
2
217
455
890
1473
1763
1767
1880
2380
2820
2850
3034
3276
3486
3760
3858
3701
3510
3769
3759
3591
3974
4009
3241
2347
2616
3276
3018
2223
1304
991
1062
1098
670
-231
-559
-686
-1027
-1603
-1938
-1721
-1795
-2406
-3232
-3280
-2664
-2557
-2972
-3379
-3433
-3331
-3036
-2742
-2793
-2842
-2692
-2548
-2568
-2316
-1762
-1422
-1583
-1826
-1525
-922
-443
-444
-623
-585
-335
124
395
495
450
516
753
791
957
1244
1454
1277
1003
1178
1435
1597
1539
1385
1052
722
925
1081
866
501
221
-176
-560
-398
-371
-737
-1209
-1639
-1874
-1806
-1531
-1740
-2191
-2459
-2452
-2090
-1805
-1824
-2010
-1884
-1568
-1257
-801
-565
-492
-312
85
494
904
1386
1537
1604
1910
2409
2757
2896
3041
3109
3344
3631
3850
3982
3976
3848
3579
3540
3586
3786
4063
3648
2588
1915
2424
2990
2626
1650
680
423
655
708
104
-616
-865
-1098
-1489
-1959
-2075
-1840
-1916
-2626
-3404
-3223
-2527
-2408
-2937
-3364
-3287
-3020
-2676
-2447
-2506
-2594
-2447
-2260
-2200
-1887
-1353
-1194
-1532
-1739
-1361
-677
-271
-387
-658
-643
-332
44
335
412
305
341
510
610
785
1130
1246
905
660
901
1297
1432
1270
1032
722
459
606
909
704
116
-145
-248
-565
-653
-614
-951
-1381
-1579
-1811
-1977
-1705
-1634
-2099
-2439
-2322
-1943
-1624
-1568
-1833
-1829
-1294
-845
-587
-380
-165
-19
243
756
1175
1528
1705
1773
1972
2379
2876
2950
2849
2872
3078
3392
3506
3583
3625
3634
3340
2935
3090
3332
3318
3103
2770
2220
1683
1863
2236
2117
1345
432
176
361
434
23
-555
-999
-1334
-1424
-1535
-1679
-1727
-1871
-2336
-2827
-2638
-2061
-2021
-2601
-2965
-2788
-2562
-2371
-2077
-2008
-2260
-2348
-2155
-1899
-1626
-1375
-1349
-1583
-1671
-1362
-795
-524
-735
-893
-782
-523
-225
53
131
-39
-58
142
349
525
726
856
666
477
712
1049
1099
983
895
795
610
566
749
909
567
-196
-330
52
113
-249
-806
-1203
-1156
-665
-926
-1799
-1801
-1365
-1385
-1790
-1821
-1574
-1351
-1233
-1622
-1591
-914
-471
-590
-772
-467
-24
445
532
337
581
1103
1410
1331
1458
1741
1907
1957
1970
2156
2317
2552
2555
2491
2711
2856
2645
2307
2635
2837
2672
2734
2599
2023
1526
2100
2561
2050
1302
746
843
955
891
478
-87
-300
-588
-677
-903
-1089
-1037
-1296
-1815
-2360
-2048
-1553
-1848
-2425
-2709
-2503
-2456
-2329
-2117
-2348
-2578
-2488
-2248
-2270
-2153
-1786
-1805
-2055
-2060
-1663
-1243
-1155
-1308
-1361
-1118
-769
-468
-303
-302
-338
-133
197
371
509
780
983
844
837
1229
1518
1476
1430
1513
1481
1503
1538
1433
1412
1264
808
568
907
977
398
-173
-510
-436
-120
-346
-1293
-1741
-1285
-1131
-1500
-1860
-1946
-1811
-1653
-1725
-1912
-1641
-1329
-1471
-1651
-1394
-859
-598
-597
-658
-467
19
422
565
501
717
1187
1501
1622
1702
1942
2165
2396
2585
2760
3171
3371
3125
2882
3217
3620
3378
3197
3431
3430
2787
2301
2638
3056
2878
2017
1147
1080
1505
1468
687
-17
-316
-497
-650
-988
-1377
-1483
-1605
-2228
-2829
-2661
-2316
-2550
-3047
-3355
-3431
-3279
-2953
-2849
-3141
-3325
-3095
-2816
-2737
-2601
-2255
-2075
-2204
-2204
-1826
-1264
-924
-928
-959
-788
-389
71
445
537
465
722
1080
1201
1379
1793
2030
1805
1728
1991
2229
2358
2317
2140
1852
1820
1983
1851
1603
1374
1076
561
290
537
497
-105
-938
-1283
-1060
-925
-1295
-2113
-2442
-2210
-2056
-2261
-2634
-2662
-2530
-2453
-2490
-2401
-2013
-1824
-1909
-1910
-1489
-887
-574
-509
-496
-200
413
916
1037
1049
1339
1746
2032
2235
2412
2587
2799
2899
2927
3115
3401
3567
3472
3258
3106
3227
3441
3312
3161
3122
2806
2209
1995
2387
2549
2100
1238
551
540
789
657
-37
-694
-1009
-1183
-1341
-1675
-1901
-1947
-2184
-2771
-3184
-2833
-2401
-2572
-3101
-3360
-3170
-2820
-2448
-2374
-2582
-2610
-2324
-2019
-1868
-1593
-1288
-1260
-1370
-1243
-746
-243
-94
-247
-289
-23
308
602
788
749
648
759
987
1065
1174
1394
1379
1107
1009
1303
1571
1516
1295
1063
906
927
1159
1143
654
300
279
168
-99
-93
-59
-511
-1038
-1241
-1148
-923
-946
-1527
-2169
-2044
-1533
-1399
-1646
-1931
-1974
-1728
-1393
-1263
-1203
-1044
-983
-953
-702
-267
79
164
55
94
539
1072
1256
1158
1120
1270
1545
1806
1925
1920
1928
2035
2105
2145
2302
2518
2580
2544
2590
2491
2284
2390
2645
2547
2307
2330
2233
1805
1619
1887
2042
1677
1025
589
615
810
668
135
-394
-639
-619
-680
-1002
-1208
-1161
-1361
-1968
-2207
-1750
-1468
-1838
-2311
-2354
-2154
-1949
-1757
-1778
-1989
-2076
-1870
-1657
-1606
-1481
-1331
-1375
-1555
-1478
-1038
-671
-661
-869
-902
-694
-408
-134
-6
-50
-134
39
337
454
565
796
885
696
724
1091
1327
1290
1150
1076
1044
1138
1286
1302
1113
691
490
661
790
495
41
-123
-206
-321
-572
-904
-972
-830
-1013
-1740
-2033
-1586
-1309
-1673
-2244
-2327
-2032
-1721
-1778
-2067
-2010
-1719
-1530
-1551
-1437
-1142
-910
-781
-793
-597
-168
171
214
202
487
852
1161
1290
1324
1505
1805
2106
2182
2240
2430
2689
2898
3038
3263
3179
2853
2976
3495
3489
2976
2981
3149
2748
2262
2337
2616
2463
1848
1052
753
1023
1035
473
-227
-692
-889
-885
-1123
-1650
-1838
-1803
-2216
-2816
-2787
-2453
-2581
-2978
-3168
-3175
-3117
-2821
-2543
-2700
-2962
-2767
-2326
-2188
-2170
-1939
-1685
-1648
-1648
-1340
-828
-516
-527
-496
-233
39
338
672
777
671
780
1138
1356
1417
1544
1684
1639
1539
1666
1900
1904
1709
1588
1492
1346
1320
1354
1189
840
493
283
255
171
-199
-613
-816
-940
-1151
-1449
-1749
-1803
-1635
-1870
-2496
-2645
-2194
-1956
-2247
-2597
-2617
-2288
-1951
-1942
-2004
-1818
-1562
-1429
-1248
-940
-656
-405
-244
-188
22
480
874
964
977
1175
1533
1859
1987
1997
2077
2302
2546
2634
2639
2687
2756
2820
2905
3069
3215
3232
2932
2519
2645
3110
2981
2333
2176
2381
2039
1443
1407
1734
1674
1041
279
-25
245
423
-12
-745
-1171
-1131
-1028
-1271
-1633
-1639
-1563
-1920
-2337
-2204
-1850
-1877
-2140
-2292
-2327
-2182
-1767
-1461
-1656
-1937
-1732
-1313
-1186
-1195
-1034
-873
-892
-920
-734
-362
-98
-136
-252
-192
2
285
539
473
195
243
557
657
597
664
749
648
510
540
703
794
687
535
415
389
503
622
536
307
162
33
-25
84
65
-262
-613
-642
-539
-617
-904
-1162
-1113
-1030
-1230
-1546
-1575
-1351
-1344
-1599
-1815
-1694
-1414
-1365
-1512
-1617
-1468
-1243
-1152
-1128
-1074
-934
-820
-692
-582
-470
-231
-12
89
126
282
519
745
908
939
1042
1304
1549
1632
1693
1852
2006
2190
2369
2493
2619
2822
2946
2769
2676
2988
3244
2921
2612
2890
3006
2463
1958
2158
2530
2295
1516
868
875
1119
931
306
-328
-613
-569
-651
-1199
-1633
-1511
-1575
-2203
-2603
-2357
-2191
-2482
-2808
-2978
-2992
-2793
-2507
-2531
-2814
-2840
-2528
-2272
-2259
-2247
-2041
-1825
-1801
-1808
-1507
-1039
-845
-862
-770
-553
-261
133
389
348
391
725
1022
1079
1136
1364
1554
1526
1453
1585
1773
1777
1699
1631
1513
1449
1521
1550
1355
1046
892
870
652
334
333
312
-297
-874
-711
-497
-863
-1392
-1758
-1897
-1657
-1527
-2064
-2593
-2400
-2056
-2143
-2376
-2423
-2276
-2090
-2117
-2193
-1909
-1491
-1432
-1556
-1400
-1001
-618
-413
-416
-338
53
481
613
673
921
1190
1390
1592
1714
1812
2089
2372
2351
2289
2506
2727
2734
2710
2762
2873
3075
3233
3031
2625
2618
3103
3270
2574
1900
2161
2655
2259
1335
1056
1462
1629
1006
126
-124
192
257
-343
-1126
-1393
-1109
-1036
-1666
-2212
-2010
-1742
-2072
-2519
-2509
-2319
-2243
-2314
-2532
-2644
-2378
-1920
-1793
-2039
-2137
-1756
-1249
-1174
-1331
-1177
-785
-625
-678
-513
-172
42
121
186
252
394
695
903
815
725
901
1136
1148
1025
1050
1198
1232
1093
1028
1131
1141
1043
1001
904
768
815
966
825
492
430
528
479
184
-45
56
153
-178
-790
-842
-382
-280
-839
-1562
-1633
-1095
-739
-1269
-2117
-2064
-1406
-1205
-1729
-2076
-1802
-1531
-1596
-1841
-1740
-1352
-1166
-1347
-1585
-1294
-750
-498
-646
-835
-605
-121
190
112
25
261
579
790
850
902
1101
1354
1411
1390
1594
1901
2021
1996
2020
2167
2502
2786
2843
2685
2402
2454
3063
3501
2783
1876
2226
3048
2876
1820
1411
1904
2187
1576
585
367
720
802
170
-817
-1135
-692
-451
-1268
-2148
-1938
-1505
-1777
-2440
-2584
-2326
-2258
-2382
-2620
-2691
-2505
-2126
-1968
-2325
-2488
-2012
-1448
-1541
-1908
-1713
-1173
-949
-1105
-1076
-710
-416
-308
-194
-68
67
377
676
644
565
895
1299
1299
1153
1256
1554
1676
1609
1586
1645
1711
1651
1625
1563
1417
1407
1448
1291
892
746
862
753
409
69
-74
-145
-209
-496
-1077
-1272
-974
-902
-1541
-2205
-2138
-1702
-1552
-2043
-2601
-2498
-2027
-1931
-2307
-2418
-2161
-1955
-1982
-2111
-1916
-1513
-1292
-1406
-1438
-1071
-638
-376
-388
-400
-150
255
536
568
667
899
1164
1349
1441
1580
1732
1896
1959
1994
2109
2263
2374
2312
2289
2396
2542
2622
2631
2679
2545
2266
2242
2705
2977
2259
1478
1735
2485
2294
1282
888
1235
1498
1017
204
-123
74
257
-279
-1096
-1346
-983
-821
-1504
-2161
-2032
-1605
-1760
-2311
-2430
-2236
-2092
-2108
-2225
-2312
-2223
-1851
-1631
-1813
-1950
-1581
-1042
-1027
-1295
-1169
-684
-438
-496
-441
-198
22
148
270
332
408
667
909
840
681
884
1215
1236
1028
983
1198
1328
1223
1093
1123
1159
1079
1051
985
820
750
804
673
359
302
426
357
82
-140
-249
-331
-305
-281
-594
-1133
-1270
-874
-729
-1222
-1786
-1869
-1568
-1345
-1555
-2061
-2233
-1906
-1688
-1932
-2198
-2065
-1846
-1877
-1957
-1835
-1572
-1388
-1363
-1431
-1292
-827
-456
-469
-579
-377
64
411
530
553
687
979
1265
1432
1519
1650
1850
1940
1954
2124
2368
2423
2361
2384
2466
2599
2740
2704
2652
2802
2766
2368
2263
2787
2959
2152
1505
1992
2600
2006
952
867
1436
1489
751
-1
-129
158
145
-521
-1243
-1329
-957
-996
-1740
-2256
-1958
-1621
-1965
-2454
-2450
-2243
-2145
-2156
-2264
-2334
-2127
-1703
-1576
-1820
-1820
-1251
-774
-965
-1216
-863
-324
-203
-325
-243
49
292
449
542
547
624
927
1148
958
785
1068
1356
1215
1002
1081
1246
1200
1046
960
910
814
721
649
447
241
242
229
-72
-378
-354
-299
-529
-825
-890
-920
-1172
-1332
-1218
-1203
-1486
-1783
-1836
-1638
-1319
-1357
-1916
-2279
-1873
-1227
-1196
-1710
-1984
-1641
-1174
-1120
-1275
-1214
-1016
-910
-887
-798
-544
-239
-161
-330
-299
123
546
571
360
353
672
1036
1136
1017
968
1139
1355
1432
1429
1437
1455
1476
1501
1532
1619
1683
1600
1483
1553
1720
1774
1694
1615
1684
1845
1831
1542
1468
1904
2149
1528
905
1422
2256
1856
664
392
1179
1626
1003
74
-118
341
556
64
-615
-788
-421
-285
-927
-1505
-1158
-648
-979
-1604
-1659
-1348
-1153
-1202
-1432
-1647
-1586
-1246
-1040
-1275
-1548
-1272
-815
-957
-1310
-1084
-605
-564
-825
-874
-661
-400
-266
-266
-335
-344
-97
189
112
-132
35
379
314
50
101
390
500
337
179
225
331
369
387
282
46
56
305
290
14
-54
92
57
-143
-177
-43
-118
-417
-480
-301
-297
-509
-668
-796
-810
-583
-548
-993
-1346
-1116
-815
-948
-1264
-1361
-1289
-1218
-1172
-1171
-1256
-1324
-1287
-1257
-1216
-1061
-919
-982
-1046
-861
-553
-362
-317
-321
-258
-52
207
390
420
438
586
763
913
1062
1172
1172
1201
1318
1435
1567
1654
1593
1529
1689
1945
2068
2052
2007
2076
2310
2482
2400
2190
2199
2589
2807
2227
1545
2008
2968
2700
1346
744
1503
2228
1714
493
-9
429
747
285
-516
-848
-542
-375
-1048
-1783
-1565
-980
-1150
-1895
-2262
-2000
-1582
-1506
-1811
-2097
-2062
-1729
-1445
-1559
-1807
-1588
-1143
-1206
-1559
-1414
-836
-590
-892
-1174
-980
-526
-269
-319
-468
-504
-275
36
72
-73
23
286
269
71
101
436
665
494
239
279
489
609
611
461
244
260
442
413
208
160
219
117
-88
-155
-48
-16
-242
-543
-627
-488
-402
-559
-860
-1037
-924
-764
-838
-1086
-1211
-1175
-1185
-1233
-1169
-1119
-1278
-1385
-1239
-1081
-1072
-1084
-1070
-1059
-950
-782
-695
-672
-592
-429
-281
-198
-102
74
222
272
353
500
647
779
870
907
992
1168
1303
1358
1409
1468
1533
1618
1734
1822
1842
1844
1927
2089
2196
2216
2221
2292
2397
2445
2412
2324
2304
2482
2639
2315
1688
1721
2445
2547
1494
561
851
1607
1483
451
-318
-192
181
11
-669
-1164
-1064
-829
-1198
-1954
-2078
-1537
-1387
-1978
-2514
-2408
-1974
-1758
-1911
-2207
-2321
-2056
-1679
-1642
-1820
-1696
-1294
-1150
-1328
-1278
-821
-427
-464
-679
-638
-311
17
122
44
-27
117
383
472
402
440
622
673
512
415
581
792
728
512
419
447
499
547
495
264
61
65
127
24
-158
-197
-207
-381
-558
-525
-420
-469
-638
-871
-1041
-917
-631
-658
-1057
-1265
-1056
-837
-895
-1021
-967
-912
-1017
-1087
-945
-682
-554
-707
-928
-790
-325
-70
-222
-378
-257
-27
135
228
302
366
421
491
603
780
967
1013
888
813
955
1159
1216
1099
948
920
1041
1148
1087
973
942
925
861
833
880
902
854
779
750
832
995
1069
978
953
1145
1298
1216
1094
1205
1470
1585
1345
921
935
1542
1901
1294
381
374
1124
1381
688
-76
-133
200
236
-178
-608
-639
-478
-651
-1174
-1399
-1072
-818
-1149
-1704
-1824
-1488
-1188
-1251
-1567
-1744
-1602
-1352
-1304
-1408
-1383
-1215
-1142
-1254
-1309
-1077
-744
-702
-957
-1097
-897
-589
-475
-572
-676
-651
-517
-372
-327
-315
-231
-162
-233
-310
-169
100
178
14
-133
-66
136
281
292
196
98
123
251
306
263
282
328
269
150
180
361
451
353
207
138
101
137
290
325
86
-204
-229
-35
85
-29
-290
-423
-360
-278
-334
-448
-435
-382
-511
-720
-665
-371
-271
-497
-750
-739
-491
-295
-356
-552
-602
-480
-348
-281
-256
-241
-249
-255
-172
-39
43
46
34
31
97
253
359
349
319
360
466
583
669
712
762
828
899
1009
1160
1298
1381
1417
1498
1672
1808
1809
1794
1939
2143
2116
1814
1614
1895
2339
2232
1525
980
1196
1720
1674
947
291
278
538
451
-8
-374
-395
-432
-784
-1176
-1202
-995
-1047
-1468
-1889
-1924
-1643
-1464
-1635
-1950
-2054
-1889
-1706
-1693
-1756
-1709
-1597
-1569
-1604
-1528
-1266
-1001
-980
-1143
-1150
-868
-561
-472
-539
-559
-459
-291
-123
-5
60
105
143
172
233
424
640
674
546
481
616
854
986
935
807
767
858
968
991
941
893
834
744
704
762
836
788
621
465
435
511
552
461
257
96
95
150
84
-89
-193
-227
-347
-544
-650
-599
-577
-767
-1066
-1203
-1090
-951
-1063
-1363
-1517
-1388
-1237
-1273
-1380
-1392
-1343
-1330
-1318
-1223
-1089
-1031
-1061
-1045
-900
-702
-572
-528
-488
-395
-254
-89
54
139
207
306
431
527
620
753
902
1016
1060
1095
1228
1447
1584
1562
1546
1696
1909
1992
1988
2054
2136
2141
2176
2347
2409
2087
1689
1801
2358
2450
1622
767
913
1674
1741
809
-54
-45
360
282
-317
-790
-813
-741
-1017
-1467
-1586
-1304
-1184
-1568
-2047
-2081
-1708
-1430
-1572
-1933
-2045
-1745
-1372
-1328
-1501
-1468
-1166
-999
-1100
-1100
-778
-426
-393
-560
-572
-281
97
255
133
-8
100
376
495
405
361
437
494
438
383
443
582
628
494
319
316
485
608
508
319
277
381
452
424
396
412
414
344
261
287
406
460
368
215
170
285
428
411
262
157
137
174
192
141
3
-151
-211
-207
-263
-446
-573
-570
-614
-802
-999
-1046
-998
-1022
-1205
-1428
-1465
-1318
-1236
-1348
-1511
-1520
-1402
-1323
-1326
-1312
-1261
-1237
-1198
-1111
-975
-823
-727
-710
-679
-535
-341
-187
-106
-62
22
169
318
459
587
706
830
946
1070
1263
1475
1571
1608
1737
1945
2114
2211
2313
2448
2573
2619
2609
2688
2911
3022
2674
2124
2214
2976
3149
2112
1074
1310
2172
2174
1134
231
239
624
494
-231
-805
-738
-544
-983
-1748
-1865
-1360
-1227
-1804
-2394
-2403
-2023
-1747
-1844
-2191
-2382
-2127
-1695
-1604
-1786
-1714
-1354
-1197
-1332
-1320
-934
-515
-430
-612
-662
-354
101
330
223
90
242
550
684
650
681
812
874
824
793
916
1104
1168
1058
892
856
1021
1191
1112
881
778
846
897
847
765
725
664
512
381
380
422
355
157
-64
-164
-127
-103
-221
-421
-596
-708
-767
-825
-921
-1048
-1189
-1328
-1442
-1557
-1614
-1554
-1567
-1804
-2028
-1981
-1787
-1711
-1853
-2036
-2030
-1851
-1692
-1667
-1698
-1673
-1559
-1428
-1326
-1189
-1036
-962
-900
-763
-580
-359
-122
-8
-19
72
348
625
747
766
832
1001
1190
1326
1406
1456
1555
1695
1783
1856
2001
2102
2056
2065
2223
2371
2479
2585
2460
2016
1845
2463
3212
2841
1472
759
1602
2785
2593
1101
10
411
1395
1342
212
-546
-287
37
-445
-1174
-1213
-779
-807
-1515
-2115
-1990
-1438
-1218
-1678
-2299
-2310
-1732
-1362
-1572
-1876
-1758
-1380
-1216
-1306
-1280
-942
-593
-589
-823
-817
-340
176
184
-142
-176
211
583
653
556
557
692
814
837
851
957
1078
1067
928
834
940
1123
1133
929
747
748
843
856
723
563
496
469
391
279
208
168
93
-56
-207
-252
-243
-276
-385
-531
-643
-653
-583
-592
-739
-870
-873
-831
-861
-937
-980
-1003
-1052
-1104
-1121
-1135
-1151
-1158
-1202
-1276
-1283
-1232
-1197
-1184
-1182
-1221
-1244
-1163
-1048
-1002
-1009
-996
-936
-855
-769
-681
-600
-546
-489
-404
-330
-239
-91
31
60
95
199
320
405
459
523
609
668
694
752
833
889
924
960
990
1046
1119
1145
1153
1176
1201
1244
1312
1346
1330
1331
1375
1438
1507
1566
1587
1566
1566
1651
1776
1834
1834
1787
1742
1889
2164
2041
1458
1299
1948
2396
1737
696
594
1387
1771
1047
40
-148
371
580
-17
-712
-714
-408
-602
-1173
-1391
-1159
-983
-1186
-1593
-1798
-1594
-1240
-1212
-1560
-1784
-1557
-1188
-1141
-1322
-1329
-1104
-904
-904
-981
-886
-595
-432
-573
-710
-541
-210
-80
-224
-347
-226
0
87
28
-32
13
107
134
78
34
89
155
128
25
-28
23
69
30
-45
-97
-137
-135
-114
-138
-213
-259
-261
-286
-336
-353
-353
-405
-488
-528
-519
-530
-552
-578
-625
-674
-680
-645
-628
-649
-697
-715
-703
-684
-673
-680
-688
-696
-713
-723
-684
-626
-616
-666
-702
-677
-601
-542
-547
-567
-544
-495
-465
-423
-364
-321
-320
-323
-258
-145
-58
-30
-32
2
113
249
306
317
372
466
539
590
653
718
759
761
752
797
887
922
867
801
805
854
876
864
828
774
737
762
796
758
702
691
670
626
621
620
584
528
489
475
463
423
367
325
329
347
320
264
259
314
344
334
329
370
475
555
519
459
556
740
801
749
702
697
737
801
797
706
628
612
528
342
246
319
315
53
-271
-379
-290
-250
-414
-707
-863
-831
-812
-889
-972
-991
-994
-1031
-1092
-1083
-960
-850
-865
-933
-921
-802
-655
-560
-559
-596
-577
-477
-366
-354
-389
-368
-345
-381
-409
-386
-368
-397
-475
-564
-578
-524
-523
-605
-685
-689
-656
-647
-670
-677
-657
-631
-601
-577
-572
-546
-462
-404
-382
-354
-295
-212
-112
-46
-22
30
121
226
317
365
403
481
569
628
676
730
777
816
850
868
866
851
863
915
896
757
651
690
748
682
499
326
283
316
274
115
-55
-139
-173
-219
-298
-376
-425
-479
-529
-553
-562
-539
-515
-541
-591
-572
-488
-402
-373
-395
-422
-375
-254
-173
-163
-191
-198
-140
-48
-8
-15
-16
17
49
48
55
102
145
135
92
93
142
185
195
170
167
206
238
239
266
305
324
332
367
424
476
515
554
613
680
740
802
880
931
969
1038
1125
1204
1261
1301
1285
1260
1320
1479
1573
1419
1143
1079
1327
1538
1339
842
570
766
1051
901
382
42
110
250
93
-280
-491
-476
-512
-747
-994
-1040
-960
-1007
-1255
-1459
-1424
-1273
-1258
-1417
-1554
-1502
-1334
-1272
-1361
-1409
-1301
-1149
-1095
-1141
-1131
-996
-846
-815
-854
-820
-668
-527
-523
-561
-497
-338
-234
-235
-245
-188
-71
29
33
16
85
188
242
240
248
311
397
437
425
420
463
514
532
521
513
523
517
494
482
473
448
420
373
295
239
222
202
127
6
-95
-120
-124
-210
-347
-425
-421
-444
-561
-677
-687
-620
-630
-742
-823
-780
-675
-631
-677
-707
-642
-544
-479
-445
-416
-369
-291
-222
-173
-128
-63
13
61
86
122
205
285
297
285
332
434
501
488
448
476
573
627
599
555
562
618
655
642
620
627
652
673
701
728
740
758
799
866
946
990
991
1009
1097
1234
1328
1291
1195
1219
1380
1498
1423
1215
1113
1181
1248
1152
939
764
682
606
476
328
189
41
-139
-308
-412
-486
-598
-746
-883
-972
-1030
-1087
-1128
-1159
-1215
-1277
-1293
-1259
-1218
-1202
-1212
-1198
-1141
-1084
-1036
-981
-919
-860
-812
-768
-703
-617
-547
-501
-480
-448
-391
-319
-265
-250
-244
-221
-186
-159
-142
-124
-108
-105
-131
-147
-109
-61
-54
-97
-152
-145
-84
-42
-71
-127
-138
-101
-64
-80
-96
-74
-44
-56
-93
-85
-22
33
1
-74
-83
-17
41
15
-63
-99
-63
-31
-65
-138
-172
-155
-154
-214
-293
-314
-282
-274
-342
-425
-434
-379
-343
-386
-430
-407
-356
-332
-322
-282
-216
-177
-171
-138
-47
53
91
88
115
208
312
353
348
371
444
512
527
515
531
584
622
598
551
548
590
611
569
504
472
485
500
484
447
412
397
406
413
417
423
428
427
426
459
517
568
564
524
548
655
724
680
596
623
748
804
701
564
563
673
701
551
378
347
400
350
186
58
17
-14
-131
-292
-386
-384
-403
-546
-722
-789
-740
-711
-786
-915
-974
-926
-869
-854
-872
-880
-857
-817
-764
-702
-636
-602
-580
-543
-480
-383
-317
-303
-293
-240
-171
-138
-124
-99
-66
-41
-45
-58
-32
8
19
-19
-64
-58
0
21
-32
-86
-86
-41
-17
-42
-93
-104
-74
-51
-60
-79
-81
-71
-57
-58
-58
-37
-27
-41
-58
-43
8
34
-6
-43
-9
60
88
52
22
36
99
140
107
74
99
146
150
114
82
106
142
118
33
-30
-4
51
12
-123
-226
-203
-120
-136
-272
-396
-370
-269
-272
-381
-449
-399
-324
-328
-388
-396
-312
-243
-264
-304
-266
-163
-89
-114
-157
-110
7
78
50
3
39
149
222
192
133
144
231
300
278
215
204
256
312
309
272
263
285
306
300
297
326
344
333
326
338
372
405
396
372
384
434
462
443
417
433
493
537
511
445
436
509
591
577
478
405
438
532
560
467
349
320
361
367
297
207
159
131
84
2
-64
-65
-72
-149
-257
-313
-278
-230
-254
-329
-370
-322
-242
-216
-219
-203
-136
-71
-44
-22
35
133
192
184
169
207
287
333
301
250
236
254
255
204
134
89
63
15
-73
-159
-213
-242
-286
-374
-469
-530
-557
-574
-616
-671
-721
-747
-748
-755
-752
-744
-736
-729
-727
-698
-643
-587
-558
-555
-534
-467
-386
-329
-306
-277
-227
-166
-109
-70
-30
17
56
82
115
157
196
215
225
242
265
289
295
288
288
292
288
279
278
275
252
219
192
190
202
181
122
62
52
81
83
28
-47
-79
-67
-50
-68
-116
-150
-155
-151
-154
-157
-158
-163
-172
-188
-183
-151
-135
-153
-179
-178
-148
-125
-142
-170
-168
-135
-108
-127
-162
-154
-102
-56
-55
-81
-68
-14
47
83
98
121
154
199
245
300
344
368
374
389
439
501
538
526
510
527
578
619
615
585
582
611
636
634
613
607
622
632
612
582
570
575
572
532
475
446
435
413
357
287
232
202
166
98
14
-48
-86
-120
-184
-268
-331
-363
-383
-422
-480
-535
-566
-572
-568
-574
-596
-618
-622
-597
-560
-540
-534
-526
-505
-460
-415
-388
-370
-339
-295
-265
-250
-235
-185
-129
-109
-116
-114
-68
-2
40
35
28
62
119
164
175
174
203
238
259
262
274
299
311
308
289
288
309
318
301
271
257
268
272
256
230
218
222
222
219
204
185
169
170
180
177
156
125
125
141
144
127
93
82
101
114
94
68
64
87
104
85
51
40
67
95
76
29
2
11
46
48
2
-44
-57
-36
-27
-55
-92
-120
-130
-135
-156
-172
-193
-215
-248
-280
-287
-284
-306
-356
-394
-397
-367
-364
-405
-446
-437
-385
-356
-375
-400
-376
-321
-271
-268
-270
-246
-206
-160
-138
-117
-91
-69
-60
-50
-17
21
25
2
-11
10
51
51
20
-13
-8
13
19
-10
-44
-47
-46
-44
-76
-100
-100
-100
-115
-143
-150
-140
-126
-139
-160
-160
-128
-91
-90
-104
-98
-51
1
24
20
41
84
144
182
201
226
260
320
367
407
432
472
524
574
618
644
673
720
775
802
810
817
853
899
912
878
840
843
877
886
818
727
667
676
677
592
451
331
305
292
205
38
-114
-181
-201
-283
-450
-600
-658
-666
-737
-868
-986
-1009
-986
-1014
-1110
-1181
-1152
-1084
-1065
-1114
-1136
-1082
-974
-922
-930
-924
-855
-744
-679
-661
-641
-566
-475
-412
-391
-359
-288
-215
-169
-155
-116
-60
-5
25
35
66
117
161
172
183
221
264
289
291
300
338
378
385
372
382
420
447
429
402
405
438
444
402
350
337
360
347
278
205
176
177
157
86
5
-39
-52
-81
-142
-207
-242
-258
-285
-330
-365
-375
-371
-384
-406
-414
-399
-379
-370
-358
-338
-308
-289
-264
-229
-181
-141
-128
-110
-67
2
47
57
54
93
157
202
200
187
218
264
301
286
268
277
322
344
323
300
296
320
328
321
292
285
285
282
278
272
270
247
226
222
244
242
212
177
170
196
202
168
116
111
140
145
96
50
45
63
65
8
-41
-48
-23
-30
-82
-129
-123
-88
-93
-127
-167
-153
-126
-105
-128
-146
-120
-88
-67
-78
-63
-39
-2
9
8
26
52
81
78
74
83
109
114
106
91
95
98
93
82
60
60
54
44
31
23
16
3
3
6
16
3
-17
-17
4
26
23
-1
-16
16
54
63
31
25
46
89
97
73
59
78
118
122
102
80
93
114
114
91
72
68
71
61
42
20
12
3
-25
-38
-56
-62
-80
-106
-125
-132
-133
-151
-171
-185
-184
-183
-192
-207
-209
-201
-192
-195
-204
-204
-187
-166
-163
-164
-167
-152
-134
-116
-111
-107
-93
-87
-61
-50
-43
-43
-31
-2
13
22
16
27
50
74
77
68
75
99
132
130
117
111
138
163
171
152
135
156
175
188
170
153
154
165
169
153
136
133
136
126
105
83
74
63
51
22
-4
-23
-44
-65
-91
-109
-135
-157
-187
-204
-209
-223
-238
-269
-286
-285
-275
-272
-288
-292
-291
-269
-254
-249
-247
-232
-208
-190
-175
-165
-143
-120
-90
-79
-65
-43
-11
19
37
52
68
92
111
132
157
181
188
199
215
239
263
270
269
268
288
298
298
287
276
278
274
252
221
198
184
169
131
82
47
27
2
-46
-98
-135
-148
-171
-218
-272
-299
-301
-307
-338
-381
-396
-382
-376
-392
-414
-418
-394
-376
-371
-375
-361
-330
-301
-288
-283
-255
-215
-177
-148
-127
-96
-51
-8
29
64
103
146
185
228
269
310
350
383
411
442
473
495
518
545
558
569
574
573
586
591
578
557
539
532
522
496
453
423
402
377
333
286
251
225
189
135
79
36
17
-23
-74
-132
-170
-193
-226
-268
-318
-345
-370
-390
-424
-453
-467
-473
-485
-503
-508
-507
-489
-482
-476
-462
-437
-409
-386
-362
-331
-292
-257
-222
-191
-153
-111
-71
-39
-9
26
63
93
119
149
171
198
218
240
257
275
290
295
310
316
323
320
315
311
309
306
292
284
263
253
237
220
201
180
159
137
117
95
73
44
23
-7
-25
-48
-70
-90
-111
-128
-149
-162
-182
-193
-199
-210
-221
-230
-242
-238
-233
-237
-232
-228
-219
-212
-197
-192
-179
-166
-158
-139
-125
-100
-77
-58
-43
-17
4
24
55
66
89
108
129
147
165
178
194
211
220
230
234
246
245
250
243
244
241
238
229
214
211
198
187
170
158
139
130
109
86
68
51
44
23
4
-15
-25
-43
-52
-69
-89
-98
-111
-120
-137
-143
-159
-163
-174
-188
-195
-203
-203
-215
-219
-227
-227
-228
-234
-238
-238
-232
-225
-223
-230
-220
-208
-199
-197
-191
-179
-163
-147
-138
-125
-115
-91
-79
-63
-50
-36
-14
3
15
23
45
57
74
80
89
106
119
128
132
143
152
163
164
171
170
182
183
179
180
172
183
175
170
164
162
156
150
141
129
126
115
113
96
92
83
74
62
42
36
23
22
7
-4
-13
-20
-25
-33
-40
-46
-51
-61
-60
-68
-65
-67
-71
-78
-78
-73
-74
-72
-77
-73
-71
-69
-67
-67
-62
-55
-47
-49
-43
-34
-22
-18
-12
-7
5
17
23
32
35
47
54
64
67
77
90
92
98
99
109
115
121
120
113
114
119
118
112
106
103
101
93
83
76
66
61
46
30
17
9
-3
-16
-31
-51
-58
-74
-86
-105
-124
-135
-150
-161
-174
-185
-199
-208
-220
-226
-234
-237
-239
-245
-245
-247
-242
-240
-235
-228
-220
-209
-195
-180
-168
-149
-128
-108
-95
-72
-50
-27
2
21
43
68
97
122
144
164
182
204
223
244
258
272
281
296
303
311
318
315
317
309
305
293
288
278
263
246
227
212
186
164
135
108
84
55
29
1
-24
-44
-65
-92
-116
-138
-157
-180
-197
-217
-231
-242
-250
-258
-267
-267
-272
-267
-266
-260
-253
-246
-237
-226
-213
-194
-173
-162
-143
-125
-102
-77
-60
-42
-23
0
18
36
51
66
87
100
114
127
137
148
158
157
162
167
170
173
167
167
161
155
146
142
130
122
115
103
95
84
77
64
58
40
29
19
8
0
-12
-27
-37
-44
-54
-56
-63
-69
-79
-84
-87
-97
-94
-104
-109
-113
-113
-113
-113
-112
-113
-107
-105
-102
-102
-98
-97
-89
-84
-81
-73
-68
-55
-48
-36
-32
-20
-12
-2
5
10
19
24
39
44
58
68
82
92
103
114
122
133
136
144
151
157
165
173
174
177
184
186
189
187
187
182
177
169
167
154
143
131
118
108
91
82
64
42
26
10
-10
-34
-53
-74
-90
-108
-127
-145
-160
-174
-189
-199
-212
-226
-234
-243
-249
-253
-262
-261
-262
-259
-254
-251
-244
-241
-226
-215
-206
-193
-183
-168
-151
-134
-122
-103
-84
-68
-49
-32
-13
2
18
32
51
68
81
95
103
110
121
132
138
140
142
143
151
156
153
155
146
141
139
137
130
121
117
107
102
93
87
79
71
66
61
54
47
39
34
33
25
21
16
11
10
10
10
6
2
-3
0
1
1
1
-6
-9
-8
-5
-5
-7
-10
-9
-7
-6
-4
-3
-6
-9
-5
-3
0
1
1
-1
1
7
8
11
12
15
14
23
20
21
24
21
26
27
29
28
29
30
33
34
36
30
29
34
32
36
34
28
28
28
31
32
25
26
24
28
27
23
20
11
7
2
-1
-10
-19
-26
-34
-38
-47
-53
-64
-78
-88
-95
-107
-120
-131
-145
-149
-156
-164
-168
-174
-182
-182
-187
-192
-193
-190
-188
-186
-182
-181
-172
-165
-151
-141
-131
-119
-105
-85
-71
-54
-38
-24
-8
12
26
47
61
74
98
114
130
145
156
168
183
195
202
212
219
230
238
242
247
248
249
251
249
247
243
234
230
222
216
206
195
184
171
155
145
134
116
100
80
65
55
37
18
3
-15
-29
-38
-50
-68
-80
-91
-106
-110
-118
-126
-133
-139
-137
-140
-141
-140
-140
-140
-135
-133
-129
-125
-111
-102
-92
-83
-69
-62
-54
-37
-28
-17
-10
-1
9
20
34
46
55
56
64
76
80
85
88
84
84
87
87
87
78
73
69
67
55
53
45
33
22
10
1
-17
-26
-43
-53
-62
-76
-84
-100
-113
-121
-129
-139
-154
-169
-178
-189
-192
-198
-214
-216
-219
-214
-213
-219
-223
-222
-221
-211
-207
-208
-202
-196
-183
-169
-150
-138
-130
-112
-95
-76
-55
-41
-27
-11
14
41
60
76
92
111
135
160
180
189
201
221
245
257
268
268
276
290
301
313
311
309
306
311
314
307
294
272
263
254
243
229
201
178
163
152
140
115
82
52
34
21
2
-25
-58
-87
-103
-109
-124
-144
-165
-187
-191
-196
-199
-209
-225
-232
-236
-229
-220
-222
-219
-210
-197
-173
-162
-151
-140
-125
-102
-78
-60
-50
-32
-12
16
36
50
63
76
93
112
128
133
136
139
150
158
164
162
149
144
146
152
147
131
113
104
95
88
70
46
21
7
3
-11
-31
-51
-67
-78
-86
-99
-117
-140
-152
-153
-162
-164
-172
-181
-187
-181
-175
-176
-184
-188
-176
-163
-153
-150
-153
-148
-129
-110
-98
-99
-93
-76
-57
-41
-33
-27
-19
-4
14
26
24
28
39
52
70
75
80
80
87
103
111
113
108
108
113
118
128
125
119
121
126
139
138
135
133
132
139
139
140
130
121
125
127
131
127
122
119
118
119
121
117
104
97
97
92
85
76
60
55
51
47
39
20
11
7
1
-12
-27
-44
-58
-66
-79
-90
-107
-119
-125
-132
-142
-151
-164
-170
-181
-188
-193
-201
-208
-210
-208
-212
-207
-204
-201
-196
-192
-180
-170
-163
-151
-143
-135
-118
-105
-92
-82
-68
-54
-33
-11
2
17
31
46
68
82
87
92
105
119
131
138
142
152
162
173
179
177
171
173
173
170
166
160
154
150
143
138
130
117
110
98
91
83
65
51
38
27
19
5
-7
-20
-32
-39
-44
-50
-60
-71
-76
-81
-83
-90
-101
-108
-108
-106
-106
-106
-106
-106
-96
-86
-87
-90
-84
-74
-67
-65
-59
-50
-40
-25
-15
-10
-6
10
23
30
36
40
53
63
70
80
82
85
97
105
112
117
123
127
129
136
134
137
127
124
129
126
119
112
106
99
100
97
86
70
57
50
40
23
10
-5
-19
-31
-39
-48
-66
-80
-93
-105
-114
-125
-137
-154
-166
-169
-172
-182
-192
-197
-198
-193
-194
-193
-193
-194
-189
-180
-175
-169
-158
-150
-141
-130
-111
-97
-87
-73
-57
-40
-23
-6
-1
9
29
52
64
75
85
94
112
129
138
140
143
146
158
161
164
156
155
156
156
157
148
140
128
124
120
111
99
81
68
63
53
44
33
18
5
-4
-3
-8
-21
-31
-41
-43
-44
-41
-52
-64
-67
-57
-48
-45
-53
-58
-49
-36
-24
-25
-30
-26
-7
8
14
13
12
24
42
51
50
49
53
62
67
69
66
65
67
69
66
58
59
54
47
43
35
32
28
22
3
-6
-14
-17
-20
-35
-49
-59
-58
-59
-67
-89
-96
-101
-98
-94
-111
-126
-127
-122
-118
-120
-135
-141
-132
-118
-118
-128
-136
-127
-109
-105
-109
-113
-109
-94
-79
-79
-84
-79
-67
-50
-45
-42
-42
-31
-22
-12
-11
-5
2
6
23
28
38
42
50
55
62
74
80
84
88
100
107
114
121
119
124
133
143
147
149
148
152
158
163
158
154
153
155
160
153
148
139
135
136
138
126
116
103
95
91
87
74
54
46
42
34
24
8
-3
-13
-18
-25
-36
-55
-64
-72
-76
-81
-95
-101
-108
-106
-107
-115
-120
-121
-122
-120
-119
-122
-124
-118
-113
-110
-107
-106
-96
-91
-88
-82
-75
-65
-59
-56
-56
-55
-46
-34
-25
-24
-24
-23
-11
0
2
-5
-10
-5
13
21
17
6
4
19
31
31
19
12
20
33
39
34
20
19
30
38
35
25
22
21
29
28
23
19
17
18
17
12
11
8
5
-3
-6
-4
-6
-5
-12
-22
-22
-21
-22
-23
-32
-44
-45
-40
-35
-40
-48
-54
-51
-34
-30
-37
-49
-48
-35
-17
-11
-17
-21
-10
12
28
32
32
38
53
74
86
90
97
103
117
129
144
150
149
153
163
174
181
183
169
172
171
181
178
167
154
139
141
136
130
109
87
73
66
62
42
17
-11
-26
-29
-42
-63
-92
-117
-132
-135
-145
-169
-196
-213
-215
-210
-220
-246
-262
-262
-251
-249
-253
-264
-265
-251
-237
-227
-228
-223
-206
-189
-172
-156
-148
-132
-115
-92
-76
-57
-38
-19
2
18
37
50
72
88
96
99
119
135
152
154
146
148
167
189
186
167
158
165
180
187
162
133
123
136
147
127
93
70
73
83
75
41
5
-1
6
10
-10
-43
-59
-58
-43
-52
-71
-93
-91
-80
-73
-81
-98
-101
-90
-76
-75
-83
-81
-69
-49
-38
-39
-34
-26
-9
10
15
15
26
36
54
69
76
83
86
97
112
126
124
120
122
133
141
145
131
112
112
132
142
126
100
82
89
108
106
70
34
22
46
60
38
-12
-45
-31
-3
3
-38
-90
-102
-73
-43
-56
-112
-150
-133
-95
-80
-109
-162
-175
-134
-95
-100
-147
-171
-155
-118
-94
-111
-147
-153
-118
-86
-82
-100
-109
-106
-84
-62
-58
-67
-71
-68
-57
-36
-21
-25
-40
-32
-21
5
22
8
-13
-12
18
43
46
24
8
15
51
78
63
34
29
52
84
90
67
41
47
78
101
89
61
53
67
87
101
78
59
57
75
88
79
63
47
54
65
65
56
49
39
36
41
42
34
23
17
13
10
12
13
2
-11
-14
-13
-5
-4
-19
-31
-33
-26
-16
-23
-34
-43
-44
-27
-19
-26
-34
-37
-28
-8
0
-5
-19
-18
-6
19
27
12
3
7
35
58
53
29
22
38
73
86
58
32
32
68
99
87
52
33
52
87
98
66
29
27
53
79
65
25
3
11
40
46
15
-21
-35
-13
5
-3
-40
-67
-61
-47
-40
-58
-92
-105
-94
-82
-85
-105
-130
-137
-130
-115
-118
-138
-154
-157
-141
-123
-125
-144
-163
-156
-129
-107
-109
-131
-144
-122
-79
-63
-76
-102
-91
-52
-12
-9
-32
-41
-15
36
59
47
23
32
77
119
118
92
86
117
157
171
152
123
131
164
187
176
151
139
153
176
174
151
125
125
137
135
122
101
84
76
77
68
52
38
28
13
-3
-10
-15
-27
-52
-73
-77
-66
-64
-81
-118
-129
-111
-89
-88
-121
-150
-141
-101
-76
-98
-133
-141
-101
-54
-46
-80
-106
-82
-29
0
-15
-45
-49
-4
38
48
25
5
24
65
84
78
61
59
74
94
95
85
83
80
82
81
79
83
82
69
52
47
58
66
52
20
0
7
34
33
-2
-43
-43
-17
1
-22
-71
-84
-63
-30
-35
-77
-110
-99
-59
-45
-72
-106
-111
-77
-49
-64
-92
-105
-84
-51
-48
-71
-86
-73
-47
-32
-42
-50
-42
-24
-9
-16
-20
-11
5
13
12
8
15
39
45
37
28
37
59
75
62
46
48
67
91
83
59
51
61
86
93
70
54
61
78
87
75
51
47
56
63
62
47
39
41
46
41
33
29
30
25
16
8
9
16
11
-4
-17
-12
-3
3
-10
-34
-35
-21
-4
-10
-29
-43
-38
-20
-12
-23
-39
-42
-27
-11
-19
-31
-36
-32
-16
-12
-24
-33
-27
-17
-11
-18
-26
-21
-16
-13
-16
-20
-20
-15
-13
-19
-23
-21
-15
-14
-21
-23
-18
-12
-13
-20
-29
-22
-13
-18
-27
-34
-28
-17
-19
-29
-33
-29
-16
-12
-22
-29
-21
-13
-9
-16
-25
-22
-12
-3
-5
-12
-14
-8
0
0
-8
-8
0
7
8
-2
-3
9
18
19
7
-4
6
27
33
14
-9
-6
20
41
30
-1
-14
11
42
46
18
-11
-7
29
53
34
2
-6
15
38
43
26
13
18
36
45
42
32
24
28
30
34
40
45
37
26
20
32
51
51
31
11
15
38
52
36
7
-11
9
36
37
6
-27
-22
6
19
-3
-32
-47
-34
-10
-17
-40
-62
-58
-38
-34
-53
-71
-66
-57
-53
-67
-81
-74
-63
-58
-72
-85
-75
-52
-45
-60
-82
-78
-45
-20
-33
-57
-61
-28
8
10
-17
-33
-10
30
49
30
7
15
52
77
68
43
39
67
94
96
75
59
75
97
101
83
69
70
89
100
80
59
57
66
73
57
31
20
25
33
22
-7
-22
-16
-14
-20
-47
-67
-64
-56
-61
-81
-103
-96
-88
-93
-103
-116
-116
-101
-90
-108
-113
-106
-90
-76
-82
-90
-85
-61
-41
-40
-46
-38
-15
8
14
12
15
36
62
72
68
70
87
109
120
117
117
127
147
155
148
139
144
155
160
151
138
138
143
143
135
112
100
104
102
90
65
49
41
42
27
8
-11
-23
-23
-29
-49
-69
-79
-87
-90
-106
-125
-131
-135
-139
-146
-160
-165
-155
-155
-161
-169
-171
-158
-149
-147
-155
-153
-141
-122
-111
-118
-114
-99
-73
-54
-55
-62
-47
-20
1
8
7
13
34
59
68
69
68
81
100
112
117
116
118
128
139
141
141
135
135
142
144
143
135
126
123
121
117
105
96
87
77
74
64
54
42
36
23
12
2
-6
-11
-24
-37
-45
-47
-49
-64
-75
-81
-79
-76
-85
-98
-104
-99
-88
-90
-98
-106
-98
-84
-80
-81
-87
-81
-70
-58
-56
-55
-50
-49
-35
-21
-21
-17
-19
-11
-1
7
13
6
5
15
27
30
27
21
20
29
37
32
21
16
24
27
23
17
10
11
10
7
-1
-6
-6
-6
-12
-18
-23
-24
-25
-26
-36
-43
-43
-42
-35
-40
-52
-54
-48
-37
-36
-48
-54
-53
-38
-25
-34
-45
-50
-30
-12
-7
-21
-31
-18
0
12
3
-13
-8
13
28
26
14
6
21
41
49
38
27
39
53
60
55
48
51
64
72
71
62
61
72
85
82
78
77
81
88
89
85
77
86
94
92
86
77
76
83
87
81
72
67
73
78
73
62
56
55
62
57
48
36
29
35
35
28
14
7
5
7
0
-13
-19
-26
-27
-24
-35
-46
-47
-48
-51
-56
-57
-67
-73
-73
-73
-72
-80
-83
-84
-87
-80
-78
-90
-96
-96
-84
-78
-87
-96
-98
-92
-82
-78
-93
-99
-87
-76
-71
-79
-86
-79
-68
-60
-57
-66
-67
-53
-44
-42
-42
-43
-40
-30
-24
-21
-15
-13
-8
-4
0
5
6
7
10
15
23
25
27
28
31
32
39
42
39
33
33
43
51
50
45
37
41
48
53
44
34
36
43
53
47
35
28
37
48
46
37
32
35
46
44
39
28
36
46
52
47
33
41
52
56
55
48
49
64
73
70
62
62
69
83
87
80
74
78
94
99
92
78
83
94
100
95
82
72
78
90
80
68
54
51
60
56
43
27
22
25
22
7
-7
-16
-21
-19
-31
-51
-63
-66
-67
-76
-85
-91
-95
-103
-110
-119
-126
-129
-129
-131
-136
-139
-141
-139
-141
-142
-142
-139
-132
-127
-129
-126
-119
-115
-108
-102
-97
-93
-81
-74
-67
-61
-54
-47
-38
-29
-27
-19
-13
-2
5
10
17
23
32
32
34
35
41
49
48
42
46
48
48
51
42
40
40
44
42
29
26
24
21
20
14
10
7
4
2
-1
-9
-10
-8
-12
-15
-17
-20
-18
-20
-18
-19
-24
-17
-17
-13
-14
-12
-8
-5
-3
0
6
10
20
25
25
27
34
38
44
49
54
56
65
71
70
67
71
76
85
89
87
87
85
88
90
87
80
82
86
88
85
77
74
69
68
67
58
55
51
47
41
31
31
24
19
14
7
0
-7
-8
-18
-27
-30
-31
-34
-38
-45
-49
-55
-58
-59
-67
-73
-76
-69
-70
-75
-81
-85
-83
-82
-80
-86
-89
-85
-79
-77
-81
-83
-82
-79
-74
-74
-73
-72
-67
-59
-60
-57
-58
-53
-48
-45
-43
-41
-34
-30
-27
-28
-25
-16
-12
-12
-8
-3
0
2
7
8
4
12
19
22
22
21
21
32
36
35
31
35
44
48
49
46
42
46
50
53
53
50
55
59
61
61
58
55
59
59
60
62
59
58
61
56
52
54
52
54
52
46
46
42
39
38
37
32
29
29
25
22
18
16
14
13
7
-1
-2
0
-5
-6
-10
-12
-15
-17
-18
-24
-23
-26
-28
-26
-28
-28
-32
-33
-32
-33
-32
-30
-30
-30
-27
-26
-25
-25
-23
-22
-22
-22
-24
-23
-21
-17
-16
-16
-14
-13
-14
-12
-13
-15
-14
-11
-11
-12
-15
-16
-15
-17
-13
-20
-23
-19
-19
-19
-20
-21
-21
-18
-20
-22
-25
-29
-25
-24
-24
-27
-27
-23
-21
-18
-20
-23
-20
-17
-18
-17
-18
-15
-9
-7
-8
-4
-4
-1
3
3
2
6
11
13
12
15
16
19
22
21
18
18
20
22
24
18
23
26
25
25
21
21
22
24
23
21
19
18
18
16
8
6
9
9
8
2
-5
-7
-9
-10
-13
-17
-16
-13
-15
-13
-21
-26
-23
-20
-17
-23
-26
-24
-21
-20
-16
-19
-20
-14
-10
-7
-9
-6
-3
1
5
8
14
13
20
25
24
27
30
31
36
39
42
43
49
48
49
53
50
52
51
51
48
46
43
43
40
34
31
30
29
25
18
12
10
4
1
-3
-11
-20
-23
-23
-24
-33
-41
-41
-44
-44
-47
-53
-52
-58
-56
-58
-58
-58
-59
-57
-55
-53
-54
-47
-46
-43
-44
-37
-32
-29
-25
-22
-16
-12
-6
-2
1
6
10
15
22
24
25
24
28
36
36
39
38
38
47
47
45
43
41
43
47
46
39
36
37
34
34
30
24
21
22
17
15
9
5
2
2
0
-6
-13
-14
-14
-18
-18
-21
-21
-21
-20
-20
-23
-27
-27
-25
-27
-22
-25
-27
-26
-24
-22
-19
-21
-22
-16
-12
-10
-15
-13
-12
-4
2
-1
0
0
3
8
11
10
7
8
13
18
14
14
13
16
17
14
10
6
10
8
11
5
2
4
4
2
0
-2
-2
5
5
3
-3
-6
-2
-2
-3
-4
-6
-3
-2
-2
-2
-5
-1
5
5
0
2
5
7
9
8
5
6
9
13
6
8
13
17
17
12
12
9
16
19
13
9
9
11
12
7
3
0
3
7
-1
-9
-13
-11
-10
-14
-21
-29
-25
-23
-27
-35
-44
-42
-34
-34
-43
-49
-49
-42
-38
-41
-50
-52
-42
-35
-39
-42
-44
-35
-26
-25
-28
-32
-29
-14
-4
-6
-7
-2
13
20
21
16
18
29
38
38
34
33
41
54
54
50
47
52
58
62
54
45
46
53
55
45
37
32
36
38
30
17
13
15
18
8
-3
-8
-7
-6
-13
-20
-28
-25
-23
-21
-29
-41
-37
-33
-33
-37
-43
-39
-32
-27
-33
-37
-31
-23
-15
-17
-18
-16
-6
5
7
4
6
15
26
26
25
23
30
45
47
46
42
50
59
69
63
54
54
57
66
61
54
54
55
59
55
46
42
43
43
38
30
19
20
22
21
11
0
-3
-3
-5
-9
-18
-27
-23
-21
-26
-32
-38
-40
-35
-34
-44
-49
-46
-46
-42
-47
-55
-51
-47
-44
-45
-50
-43
-38
-33
-32
-38
-33
-25
-18
-22
-21
-19
-16
-7
-7
-15
-9
-4
6
8
3
8
11
14
18
16
9
10
15
18
17
13
11
16
20
18
13
9
10
13
12
9
7
6
10
13
3
3
-1
2
5
-3
-6
-8
-5
-4
-8
-12
-15
-8
-10
-7
-6
-10
-9
-6
-4
-10
-12
-12
-9
-2
-8
-11
-7
-1
0
1
1
-3
2
5
5
6
5
4
9
10
12
9
11
15
13
12
12
12
14
17
16
13
11
12
12
14
13
5
9
13
12
8
5
4
5
5
4
0
0
5
6
-1
-3
-3
-1
1
1
-3
-7
-3
-2
-2
-1
-8
-9
-5
-4
-6
-10
-9
-8
-7
-11
-18
-16
-12
-12
-14
-17
-21
-16
-13
-15
-18
-24
-23
-18
-20
-23
-23
-25
-19
-18
-20
-20
-25
-20
-16
-17
-16
-21
-22
-17
-15
-16
-20
-13
-15
-14
-12
-14
-8
-8
-7
-6
-6
-5
-3
-3
-2
-1
0
3
4
2
0
5
7
10
7
0
2
2
5
6
3
2
0
3
3
-1
-8
-4
0
-1
-4
-6
-6
-5
-4
-4
-9
-9
-6
-7
-6
-10
-9
-7
-7
-5
-4
-6
-4
0
1
2
1
5
8
9
11
11
10
14
18
17
19
23
25
28
28
29
30
31
33
33
32
38
39
40
41
35
37
42
38
35
37
37
33
32
31
28
23
25
23
20
17
11
12
12
8
1
-2
-5
-7
-10
-13
-15
-21
-21
-23
-27
-30
-31
-33
-32
-35
-38
-39
-39
-41
-42
-39
-40
-41
-38
-37
-39
-38
-33
-33
-30
-25
-25
-23
-15
-14
-16
-14
-8
-8
-3
1
2
5
13
15
14
18
19
26
28
26
27
28
34
33
32
33
32
33
33
35
29
29
31
25
27
22
19
17
21
16
7
3
-2
-3
0
-6
-10
-11
-13
-15
-19
-23
-32
-24
-24
-27
-27
-29
-28
-26
-29
-29
-30
-30
-25
-23
-20
-20
-20
-18
-15
-11
-11
-9
-5
3
4
1
4
9
13
16
21
22
23
32
32
32
30
31
36
36
36
34
35
35
37
33
31
31
34
34
29
30
24
27
24
18
18
11
13
15
10
2
-3
-2
-3
-4
-10
-12
-17
-17
-18
-23
-29
-27
-28
-25
-26
-34
-29
-30
-27
-29
-31
-32
-31
-26
-29
-30
-33
-28
-23
-22
-23
-24
-21
-19
-13
-12
-14
-11
-7
-4
-4
-9
-7
-1
2
3
0
3
6
7
9
6
5
10
14
14
13
10
12
16
19
16
9
10
12
12
8
4
5
10
10
8
5
1
4
8
6
-1
-5
-1
0
1
-2
-4
-3
0
-1
-5
-12
-11
-8
-6
-9
-13
-14
-11
-6
-11
-11
-10
-7
-4
-3
-6
-9
-7
-3
4
1
-2
1
6
10
5
5
7
9
14
12
7
9
11
13
17
11
9
12
14
15
11
11
14
15
16
12
8
7
10
9
5
3
2
3
3
1
-1
-2
-1
1
-5
-6
-10
-12
-8
-5
-12
-13
-11
-11
-8
-11
-14
-16
-12
-10
-10
-13
-10
-10
-9
-8
-13
-7
-9
-4
-4
-7
-6
-3
3
6
6
4
5
6
8
6
6
10
10
11
6
6
10
9
14
18
15
15
16
13
13
11
11
14
17
15
14
13
10
8
8
8
7
8
5
7
8
5
3
6
7
6
5
4
2
2
1
0
-1
-3
-1
3
0
-1
0
-2
-1
-2
-5
-5
-3
-3
-6
-4
-4
-3
-5
-3
-3
-3
-2
1
1
1
1
-1
1
0
-3
1
0
2
1
0
2
1
0
2
-1
-3
-1
-5
-2
-1
-3
-2
-2
-2
-6
-4
-6
-6
-5
-7
-4
-6
-9
-6
-5
-6
-8
-9
-9
-8
-8
-9
-12
-11
-12
-11
-11
-9
-11
-15
-10
-11
-11
-9
-13
-7
-7
-8
-6
-6
-5
-8
-7
-5
-8
-7
-8
-8
-7
-7
-7
-7
-5
-6
-7
-6
-4
-4
-4
-7
-7
-4
-6
-5
-5
-5
-8
-8
-4
-5
-4
-4
-3
-3
-5
-4
-3
-2
2
4
4
4
2
6
8
8
8
7
10
9
12
8
9
13
13
17
16
15
15
12
10
10
9
11
14
15
11
12
10
12
8
2
6
6
6
4
3
0
-2
0
-1
-3
-4
-7
-7
-12
-12
-12
-9
-10
-12
-11
-17
-16
-13
-16
-15
-16
-17
-17
-17
-16
-20
-19
-18
-16
-14
-12
-10
-12
-7
-6
-5
-8
-4
-2
-5
-3
-1
1
1
3
7
6
7
11
12
10
14
13
11
16
17
17
18
16
20
18
17
15
18
20
17
18
20
21
20
21
18
16
17
15
13
16
12
13
14
11
11
11
9
9
7
4
2
3
0
-1
0
-3
-3
-3
-4
-2
-6
-6
-5
-3
-4
-5
-2
-3
-1
-3
-2
0
-3
-2
1
1
0
5
2
5
4
3
5
8
9
9
10
11
11
11
10
8
11
13
11
10
11
12
12
12
8
12
7
8
10
5
3
2
3
4
2
0
0
-2
-4
-2
-8
-9
-11
-10
-11
-11
-10
-15
-12
-12
-14
-17
-18
-17
-18
-15
-22
-20
-18
-22
-20
-22
-23
-19
-18
-19
-20
-19
-17
-14
-14
-17
-17
-15
-14
-9
-11
-8
-4
-5
-7
-4
-8
-7
-1
-1
5
4
2
6
3
6
9
9
15
15
14
12
11
14
12
14
13
16
16
16
17
17
16
18
20
18
17
15
12
11
10
5
9
8
11
11
6
4
1
3
4
-1
-3
-1
-2
-1
-4
-7
-5
-3
-8
-7
-8
-10
-10
-9
-9
-15
-14
-12
-14
-11
-11
-14
-10
-10
-10
-8
-7
-4
-7
-8
-5
-6
-5
-4
-5
-4
-4
-4
1
3
0
-1
2
2
4
3
1
2
4
7
2
1
-2
-2
-1
-4
-4
-5
-2
-2
-1
-3
-6
-7
-9
-6
-7
-8
-9
-7
-11
-11
-10
-13
-10
-16
-16
-12
-18
-16
-15
-18
-15
-19
-15
-15
-17
-18
-17
-12
-9
-13
-15
-12
-11
-10
-10
-10
-10
-3
-3
-4
-1
-5
2
4
3
6
2
6
7
11
14
13
16
20
20
20
20
19
23
23
22
24
22
22
26
25
24
24
27
27
25
23
18
20
20
18
14
15
16
16
19
13
13
13
11
12
5
4
0
4
3
1
-3
-7
-6
-4
-4
-7
-8
-3
-4
-7
-10
-12
-8
-5
-8
-11
-11
-9
-6
-7
-8
-8
-6
-5
-5
-5
-7
-7
-2
1
-2
-2
2
5
8
9
4
6
8
8
8
7
9
7
8
13
6
6
9
7
9
7
5
4
7
5
1
1
1
1
-1
-2
-4
-5
-5
-4
-6
-9
-9
-12
-11
-12
-11
-12
-13
-12
-12
-14
-15
-14
-12
-15
-14
-13
-16
-12
-11
-14
-12
-12
-10
-12
-9
-9
-11
-10
-10
-12
-10
-8
-2
-1
-6
-1
-2
-1
3
0
1
-1
2
2
4
4
1
1
3
2
1
0
3
4
3
5
6
7
5
4
6
8
8
8
6
5
6
6
7
7
5
5
5
3
3
2
-1
5
2
-2
0
-3
-2
-2
-3
-4
-7
-5
-4
-6
-9
-11
-7
-6
-11
-10
-8
-13
-12
-11
-13
-11
-14
-13
-11
-14
-14
-15
-12
-12
-13
-11
-8
-9
-9
-7
-8
-9
-6
-3
-2
-7
-6
-5
-5
-3
-1
-2
0
2
3
4
3
3
2
3
4
5
4
1
4
4
2
4
4
4
7
5
4
9
6
6
3
3
5
5
4
2
3
3
3
5
1
5
5
1
6
0
-2
0
1
3
-3
0
0
-1
-1
0
-1
-1
-3
2
2
0
-1
-1
1
0
0
-3
0
0
2
1
1
2
0
1
2
3
-1
1
1
3
2
6
4
3
5
6
7
6
9
6
5
7
9
10
13
8
4
7
10
10
10
10
12
15
14
17
11
11
13
13
11
7
8
11
6
5
2
3
3
1
1
0
-1
0
1
-3
-3
-6
-7
-5
-5
-6
-10
-10
-6
-9
-7
-8
-9
-7
-8
-6
-8
-9
-8
-6
-5
-5
-5
-5
1
3
0
-2
0
3
0
0
5
3
2
3
6
8
6
8
12
9
10
7
8
13
10
10
9
11
11
8
10
9
10
10
10
9
7
11
9
8
6
4
8
5
4
4
0
-2
0
-1
0
-1
-4
-4
-4
-8
-9
-9
-12
-6
-8
-11
-12
-10
-11
-13
-11
-14
-11
-13
-10
-11
-11
-8
-9
-8
-9
-10
-6
-5
-3
-6
-4
-2
-4
-2
-2
0
-2
0
3
2
5
6
7
9
10
8
6
6
7
6
4
3
6
5
6
12
6
6
6
6
5
8
5
6
