0
-1
-2
-1
-2
-2
-1
-2
-2
0
-1
0
0
-2
-2
-4
-2
-4
-3
0
-2
-1
0
0
0
0
1
2
3
2
1
3
2
2
1
2
5
5
5
2
1
2
0
0
0
1
2
-1
-1
4
2
2
3
0
2
0
1
-1
3
3
4
5
2
4
1
1
2
2
1
2
2
4
2
1
3
2
1
0
4
4
0
5
2
0
4
0
3
4
3
4
2
1
3
1
0
0
1
4
2
0
3
0
2
3
4
4
1
3
0
0
1
0
1
-1
0
-2
-4
-4
0
-2
-4
-3
2
1
-1
-3
-1
0
-3
-4
-4
-4
-3
0
-2
-1
0
-3
-1
0
0
1
-1
1
-1
-1
0
-2
0
0
-1
-5
-3
-4
-4
-2
-5
-4
-3
-7
-6
-3
-3
-2
-3
0
-3
-3
1
1
0
1
3
3
0
3
0
0
4
3
2
0
1
-4
-1
2
0
0
-1
1
1
-1
-2
-3
2
2
2
2
5
3
3
1
0
0
1
4
3
7
1
0
1
1
3
-1
0
-2
1
4
0
-1
2
-2
0
1
-1
2
0
2
1
1
1
-3
1
1
0
4
1
-3
2
2
0
2
3
2
0
2
3
0
2
0
1
-1
-2
1
-1
4
4
3
4
4
6
2
4
3
2
1
3
1
1
1
1
1
2
1
-2
-1
0
0
-5
-1
0
-1
-1
-4
-6
-6
-1
-3
-1
-5
-5
-4
-1
0
-2
0
-5
-6
-4
-6
-2
-1
-6
-4
-3
-6
-2
0
-4
-1
0
-1
-1
3
3
-2
0
4
4
3
3
0
1
-1
1
3
1
0
1
0
-1
2
-1
0
1
4
4
1
1
0
0
3
2
2
3
2
1
0
-2
1
-1
-1
2
0
1
-2
-1
1
1
2
0
-1
0
0
-1
-3
-3
-1
-2
-1
-1
0
-1
-2
0
2
-1
0
-2
-2
-3
-3
0
-3
-2
-1
-1
-3
-3
-3
-3
-5
-8
-5
-4
-4
-5
-1
-3
-9
-7
-9
-9
-8
-6
-6
-3
-3
-5
-5
-10
-4
-6
-5
-4
-3
-4
-4
0
-2
-3
-2
0
-3
-3
0
-2
-5
-3
1
-3
-4
-1
-7
-8
-4
-6
-5
-2
-6
-5
-4
-3
-4
-4
-2
-2
-1
0
-3
-3
-2
-3
-2
-3
-3
-1
-4
-1
2
-2
1
-1
0
-4
-5
-1
-4
-2
-3
-5
-3
-1
-2
-4
-7
-3
0
0
0
-1
-1
-2
0
-1
-2
-3
-1
-3
-3
0
2
-1
0
3
3
2
2
-2
1
0
0
2
0
1
0
0
1
2
4
4
4
5
5
0
3
2
2
3
2
4
5
3
6
3
0
0
2
4
0
-1
-3
-2
1
0
2
1
-1
0
0
0
-2
-1
-1
0
3
-1
2
-1
3
0
1
1
-2
5
-4
-1
-1
-3
-3
-5
-6
-3
-5
-5
-4
-5
-4
-3
-4
-4
-5
-7
-3
-6
-1
-2
-6
-5
-7
-3
-5
-5
-5
-5
-4
-3
-2
-3
-6
-3
-5
-4
-2
-4
-1
-2
-3
-4
-4
-4
0
-1
0
-1
-2
-3
-6
-1
-1
-3
-3
-3
1
-1
-4
-2
-2
-2
-1
0
0
-2
-4
0
1
-2
0
-1
1
1
1
0
-1
-1
1
-1
0
5
2
1
3
2
4
3
6
3
2
1
-2
-2
-2
-2
-3
-2
0
4
3
0
0
1
0
0
-2
1
-1
-2
-1
0
2
0
1
-1
0
-4
-4
-3
-2
-1
-3
-2
-1
-3
-2
-3
-1
-2
-4
-1
-2
-3
-7
-5
-6
-7
-4
-3
-2
-2
1
0
-2
-3
1
1
1
3
0
2
2
3
5
2
2
0
-3
0
-1
1
5
1
2
1
1
-1
3
3
3
3
0
0
-1
0
1
-4
-5
-3
-1
-2
-2
-3
-2
-1
-1
-1
0
-1
-1
0
-1
0
-1
-2
-1
0
1
2
1
-1
-2
-1
1
-2
1
1
-1
2
1
1
2
3
0
1
3
3
0
1
-1
-3
1
1
1
0
-1
-1
1
-2
-2
3
1
1
-1
0
1
-2
-3
-1
1
-3
-4
-3
-3
-1
1
2
1
2
-3
-1
1
1
2
3
7
2
1
4
1
3
4
4
5
6
8
4
4
1
0
-1
1
0
0
3
3
3
2
1
3
5
4
9
5
4
3
3
7
4
3
1
5
5
3
7
5
6
5
7
4
3
8
5
4
6
4
6
4
3
7
3
5
7
6
10
6
7
6
6
7
4
3
4
3
3
5
3
4
2
4
4
5
7
3
1
2
-1
-1
2
-1
-2
0
2
2
0
1
1
-2
-1
-3
-1
2
0
-4
0
-2
-7
-7
-5
-1
-1
-2
-2
-3
-5
-6
-5
-4
-3
-4
-6
-4
-5
-3
-4
-5
-1
0
-3
-3
-1
-4
0
1
0
2
-3
-1
-1
-1
-1
-2
4
2
1
0
-1
5
1
0
0
-1
2
3
-2
-5
-2
-4
1
-3
0
-3
-4
0
-1
-1
-2
0
-3
-2
0
-2
-3
0
-1
0
0
0
0
0
0
1
3
0
0
2
1
2
2
-2
-1
0
-2
0
-1
0
-1
3
0
1
7
5
4
4
5
4
4
5
6
5
3
3
6
3
0
1
1
5
3
1
3
2
0
-5
-2
1
-1
-2
0
-1
0
-1
-2
-2
-2
2
0
-1
-5
-4
-2
-3
2
-1
-1
1
0
-1
3
1
-3
-1
-2
-3
-3
1
-1
-1
-2
-2
-2
-2
-1
-1
-3
-2
-3
-4
-2
0
0
-3
-5
-5
-6
-7
-2
-4
-6
-2
-5
-3
-3
-4
-3
-5
-5
-1
1
-1
0
0
-1
-1
-2
0
-2
-2
-3
-1
0
2
0
0
1
-1
-2
1
0
-1
-2
1
3
0
1
3
0
0
2
3
2
2
3
2
2
0
2
-2
-1
3
5
3
5
5
3
1
2
2
2
2
0
3
3
1
5
3
3
7
3
5
3
3
3
3
4
4
0
2
4
-2
2
3
1
4
4
-2
2
4
2
4
2
4
3
4
3
-1
2
1
1
2
2
1
2
2
3
3
4
1
3
4
3
2
1
3
1
1
2
1
1
2
4
-2
-4
-2
-4
-2
-1
-1
-1
-2
-1
-3
-3
1
0
-2
-1
0
0
-4
-4
-2
-2
0
-2
-3
0
-2
-2
-4
-1
-3
-4
-6
-5
-2
-5
-3
-5
-5
-4
-1
-4
-4
-4
-4
1
1
1
1
2
5
2
1
4
4
0
-1
0
3
3
4
3
2
7
4
5
1
3
2
3
4
5
7
6
5
5
6
7
3
5
4
4
5
4
3
1
-1
1
2
4
3
0
3
1
3
-1
0
1
2
1
-1
1
-1
2
0
-1
0
0
-1
1
3
2
4
-1
-2
-2
-4
-2
-1
0
-3
-3
-4
-4
0
-3
-1
-1
-2
-5
-3
-1
0
0
1
2
1
2
1
2
3
5
2
4
5
4
6
5
4
4
4
2
1
1
4
2
5
3
2
3
4
5
3
3
3
2
3
2
3
5
5
6
5
2
1
3
5
2
4
2
1
3
-4
-1
-1
-2
1
-1
-2
-1
-3
-5
-4
-4
-3
-3
-6
-6
-5
-8
-4
-7
-5
-3
-3
-4
-8
-6
-5
-6
-4
-4
-7
-8
-6
-5
-5
-5
-5
-8
-9
-9
-8
-5
-9
-10
-8
-5
-8
-6
-6
-8
-5
-8
-7
-8
-8
-6
-4
-5
-4
-3
-3
-2
-3
-2
1
-1
-2
0
-3
1
-1
0
-1
-2
-3
0
0
-4
-1
-4
-3
-4
0
-1
-2
-2
-1
-2
-3
1
0
-1
1
-1
1
1
0
-1
0
3
3
2
-3
-1
3
0
1
2
4
4
1
4
0
2
3
3
5
10
11
9
14
14
13
14
14
15
16
12
11
7
6
3
-1
-4
-6
-6
-8
-9
-9
-11
-14
-15
-16
-15
-14
-15
-12
-15
-15
-15
-12
-11
-13
-9
-11
-6
-2
4
7
10
14
19
21
25
28
26
28
24
26
22
18
16
8
3
-1
-6
-8
-9
-14
-18
-20
-23
-23
-22
-22
-22
-21
-20
-19
-18
-12
-10
-13
-8
-7
-2
-1
-1
2
3
10
8
5
7
3
3
0
-4
-8
-11
-13
-21
-22
-29
-34
-37
-40
-44
-47
-47
-49
-52
-53
-51
-50
-46
-44
-40
-32
-27
-21
-12
0
9
22
36
48
62
77
89
98
103
111
118
118
120
115
108
101
95
86
77
73
64
62
60
62
63
64
67
68
70
68
64
52
39
22
-1
-23
-52
-81
-105
-127
-143
-150
-150
-134
-112
-75
-25
36
104
172
241
305
353
392
412
407
378
324
245
136
1
-158
-324
-494
-660
-816
-957
-1071
-1156
-1203
-1214
-1188
-1123
-1030
-904
-760
-601
-433
-263
-100
53
189
304
399
481
548
601
639
668
694
725
757
790
829
869
905
945
979
1001
1011
1007
979
936
870
785
689
571
446
314
181
55
-70
-181
-278
-364
-438
-498
-544
-575
-595
-607
-612
-608
-602
-586
-553
-511
-459
-395
-311
-217
-105
15
146
286
424
556
674
781
867
928
956
947
904
829
720
590
435
256
71
-125
-319
-504
-673
-829
-976
-1100
-1206
-1285
-1349
-1401
-1435
-1461
-1478
-1480
-1473
-1456
-1419
-1370
-1313
-1232
-1130
-1005
-856
-684
-494
-290
-78
142
363
576
774
948
1092
1206
1289
1339
1353
1331
1281
1215
1136
1054
971
907
857
827
825
855
915
1003
1114
1239
1371
1501
1625
1728
1808
1848
1844
1786
1681
1528
1324
1095
818
519
204
-117
-426
-724
-990
-1228
-1434
-1608
-1741
-1831
-1885
-1910
-1913
-1895
-1862
-1813
-1752
-1686
-1610
-1530
-1443
-1351
-1244
-1109
-960
-803
-624
-433
-225
-6
216
444
659
857
1027
1171
1293
1379
1427
1437
1412
1350
1265
1155
1030
895
742
580
408
233
61
-124
-326
-533
-759
-990
-1227
-1474
-1719
-1959
-2184
-2391
-2572
-2705
-2795
-2841
-2837
-2778
-2669
-2511
-2305
-2072
-1809
-1535
-1256
-971
-688
-413
-153
89
313
528
738
938
1136
1325
1507
1684
1855
2021
2174
2307
2420
2506
2569
2607
2625
2628
2620
2614
2616
2632
2683
2770
2880
3018
3180
3357
3530
3678
3786
3825
3756
3559
3248
2851
2348
1710
961
154
-675
-1522
-2344
-3081
-3704
-4231
-4673
-4971
-5089
-5046
-4902
-4669
-4349
-3982
-3618
-3254
-2871
-2512
-2218
-2007
-1847
-1710
-1577
-1444
-1296
-1123
-927
-675
-352
48
498
989
1498
1986
2435
2834
3187
3453
3585
3581
3458
3237
2921
2520
2074
1602
1120
646
224
-111
-352
-511
-600
-605
-549
-455
-334
-196
-81
-26
-55
-158
-345
-611
-941
-1324
-1753
-2222
-2687
-3086
-3400
-3643
-3792
-3828
-3745
-3557
-3283
-2906
-2450
-1970
-1514
-1089
-675
-307
-17
192
335
406
404
362
321
303
297
304
354
469
655
901
1200
1523
1838
2130
2397
2634
2811
2924
2954
2904
2775
2605
2443
2290
2144
2010
1942
1984
2109
2307
2598
2989
3418
3800
4133
4425
4654
4728
4582
4245
3770
3153
2356
1422
445
-541
-1547
-2528
-3384
-4053
-4555
-4938
-5174
-5216
-5076
-4810
-4455
-4038
-3612
-3215
-2851
-2528
-2260
-2059
-1950
-1921
-1946
-1972
-1937
-1861
-1752
-1599
-1353
-1000
-570
-78
479
1074
1623
2079
2469
2824
3103
3231
3180
2992
2711
2359
1919
1435
958
503
69
-337
-662
-885
-1012
-1065
-1099
-1171
-1275
-1358
-1406
-1503
-1732
-2055
-2387
-2715
-3090
-3478
-3760
-3913
-4048
-4197
-4221
-4000
-3605
-3185
-2731
-2177
-1566
-964
-366
281
915
1381
1662
1870
2062
2187
2198
2096
1941
1775
1625
1532
1493
1494
1526
1602
1755
1989
2272
2561
2798
2960
3094
3252
3443
3607
3719
3852
4039
4270
4545
4937
5465
5966
6183
6026
5738
5575
5409
4914
4017
2983
1980
883
-359
-1482
-2292
-3032
-4035
-5132
-5846
-6050
-6030
-6013
-5955
-5788
-5616
-5433
-5052
-4404
-3782
-3486
-3499
-3540
-3367
-2982
-2578
-2342
-2279
-2225
-2004
-1600
-1052
-420
228
749
1099
1475
2080
2821
3335
3452
3331
3198
3074
2869
2564
2193
1739
1137
465
-81
-383
-528
-711
-991
-1236
-1282
-1167
-1077
-1096
-1148
-1199
-1372
-1739
-2165
-2483
-2728
-3121
-3712
-4288
-4600
-4654
-4662
-4682
-4561
-4233
-3794
-3294
-2639
-1821
-1033
-437
81
703
1357
1823
2061
2180
2203
2075
1845
1628
1443
1221
941
674
530
553
732
1013
1321
1656
2050
2476
2862
3164
3426
3646
3740
3708
3679
3778
3973
4163
4388
4784
5386
6032
6483
6639
6577
6441
6288
5950
5262
4283
3179
1995
674
-669
-1825
-2816
-3900
-5146
-6187
-6709
-6841
-6891
-6910
-6759
-6479
-6202
-5868
-5300
-4581
-4079
-3935
-3891
-3677
-3320
-3018
-2849
-2753
-2688
-2592
-2341
-1875
-1291
-701
-151
375
933
1590
2368
3093
3528
3667
3723
3814
3828
3643
3303
2888
2370
1735
1121
677
375
50
-326
-639
-783
-817
-888
-1045
-1197
-1314
-1528
-1950
-2462
-2870
-3192
-3649
-4287
-4857
-5153
-5294
-5457
-5565
-5439
-5076
-4656
-4193
-3543
-2685
-1820
-1085
-398
378
1184
1815
2199
2414
2552
2597
2498
2278
2007
1732
1452
1168
973
978
1189
1526
1896
2302
2777
3259
3628
3885
4093
4237
4241
4093
3936
3900
3952
4040
4219
4607
5215
5924
6518
6800
6781
6672
6644
6504
5915
4875
3716
2573
1239
-287
-1643
-2661
-3717
-5097
-6406
-7077
-7169
-7172
-7199
-7015
-6609
-6233
-5831
-5098
-4118
-3390
-3174
-3137
-2896
-2499
-2173
-1987
-1921
-1964
-2025
-1880
-1448
-884
-337
179
668
1162
1809
2698
3589
4091
4168
4173
4323
4430
4256
3866
3394
2785
1991
1190
633
271
-165
-740
-1228
-1448
-1520
-1636
-1766
-1803
-1820
-2062
-2559
-3004
-3221
-3414
-3893
-4580
-5091
-5293
-5441
-5689
-5808
-5588
-5190
-4860
-4505
-3826
-2828
-1877
-1150
-432
481
1429
2123
2521
2804
3018
3036
2817
2489
2197
1913
1556
1180
964
1027
1302
1647
2004
2394
2826
3199
3447
3622
3782
3829
3646
3308
2997
2818
2721
2711
2873
3254
3819
4577
5449
6092
6237
6130
6238
6485
6259
5339
4243
3339
2269
736
-780
-1736
-2498
-3754
-5304
-6255
-6372
-6313
-6452
-6410
-5949
-5452
-5169
-4697
-3736
-2773
-2410
-2500
-2447
-2082
-1730
-1619
-1690
-1865
-2093
-2213
-2053
-1679
-1264
-860
-450
-39
466
1252
2241
3006
3268
3297
3480
3747
3752
3448
3080
2671
2014
1187
568
272
-29
-595
-1181
-1430
-1413
-1452
-1615
-1700
-1645
-1686
-1972
-2359
-2614
-2778
-3113
-3683
-4280
-4663
-4827
-4962
-5118
-5121
-4857
-4412
-3913
-3320
-2506
-1512
-565
249
1062
1934
2660
2995
3019
2984
2928
2660
2113
1525
1141
923
772
778
1093
1643
2159
2509
2815
3165
3437
3493
3389
3268
3159
3002
2837
2799
2935
3210
3571
4055
4778
5760
6813
7549
7746
7634
7613
7654
7293
6311
5046
3846
2510
796
-950
-2195
-3095
-4299
-5845
-7007
-7336
-7241
-7231
-7194
-6821
-6281
-5899
-5512
-4749
-3779
-3200
-3183
-3292
-3116
-2745
-2504
-2492
-2615
-2743
-2777
-2577
-2097
-1432
-737
-130
402
1020
1915
3012
3912
4303
4335
4401
4577
4552
4167
3620
3069
2390
1531
772
356
109
-296
-818
-1122
-1096
-946
-854
-823
-863
-1052
-1367
-1699
-2026
-2470
-3094
-3820
-4557
-5218
-5707
-5960
-6057
-6131
-6142
-5882
-5273
-4423
-3442
-2362
-1262
-270
611
1498
2355
2922
3041
2867
2605
2270
1771
1170
594
95
-291
-409
-73
623
1401
2060
2606
3103
3534
3826
3937
3829
3501
3060
2674
2460
2395
2412
2510
2739
3180
3910
4973
6240
7294
7756
7751
7798
8106
8172
7460
6175
4867
3577
1925
8
-1524
-2548
-3793
-5607
-7213
-7784
-7629
-7567
-7665
-7399
-6761
-6217
-5755
-4913
-3703
-2846
-2758
-2964
-2867
-2495
-2215
-2225
-2476
-2859
-3183
-3178
-2786
-2193
-1591
-1037
-516
91
1002
2261
3471
4138
4300
4435
4747
4946
4752
4280
3706
2937
1973
1139
695
397
-142
-863
-1346
-1375
-1173
-1012
-910
-846
-940
-1235
-1543
-1724
-1941
-2460
-3279
-4136
-4825
-5328
-5719
-6026
-6231
-6331
-6257
-5882
-5138
-4108
-2959
-1809
-737
257
1259
2226
2926
3153
2979
2631
2225
1743
1175
615
134
-239
-390
-113
578
1363
1975
2430
2858
3264
3544
3667
3627
3361
2886
2403
2172
2221
2384
2551
2775
3173
3831
4832
6160
7474
8200
8200
8032
8241
8519
8079
6813
5367
4063
2514
561
-1171
-2246
-3272
-4956
-6798
-7693
-7563
-7358
-7475
-7380
-6779
-6144
-5744
-5101
-3946
-2892
-2620
-2870
-2933
-2626
-2315
-2252
-2412
-2730
-3067
-3152
-2807
-2204
-1602
-1021
-414
203
960
2073
3385
4306
4540
4512
4714
5010
4946
4456
3843
3173
2289
1352
765
520
156
-517
-1109
-1236
-996
-731
-570
-438
-373
-523
-847
-1138
-1396
-1839
-2599
-3547
-4452
-5148
-5634
-6024
-6382
-6629
-6610
-6257
-5607
-4713
-3586
-2295
-1047
24
1046
2111
2988
3333
3174
2841
2470
1928
1157
371
-214
-652
-974
-951
-386
487
1245
1780
2281
2854
3349
3612
3642
3479
3107
2579
2120
1945
2026
2182
2317
2542
3033
3855
5008
6375
7591
8218
8237
8188
8487
8719
8135
6736
5229
3934
2400
463
-1264
-2412
-3566
-5301
-7015
-7707
-7492
-7325
-7502
-7406
-6757
-6045
-5538
-4819
-3709
-2817
-2667
-2914
-2895
-2553
-2307
-2377
-2676
-3069
-3405
-3448
-3076
-2469
-1891
-1373
-830
-175
719
1943
3241
4085
4312
4363
4643
4982
4945
4480
3871
3204
2377
1530
988
736
338
-358
-962
-1079
-817
-568
-470
-428
-450
-650
-960
-1205
-1413
-1880
-2720
-3692
-4497
-5065
-5522
-5963
-6342
-6568
-6554
-6225
-5568
-4639
-3540
-2373
-1208
-77
1033
2078
2875
3213
3118
2814
2439
1955
1309
601
-14
-478
-704
-542
46
837
1507
1985
2417
2895
3320
3543
3532
3302
2892
2442
2166
2175
2353
2485
2575
2816
3377
4285
5448
6743
7843
8359
8300
8231
8557
8812
8202
6721
5160
3910
2525
701
-1040
-2233
-3360
-5026
-6724
-7432
-7179
-6992
-7260
-7320
-6750
-6008
-5517
-4955
-4012
-3133
-2930
-3180
-3193
-2832
-2540
-2605
-2924
-3297
-3557
-3526
-3151
-2603
-2064
-1531
-933
-233
663
1859
3151
4025
4255
4288
4604
5029
5048
4582
3980
3378
2658
1898
1416
1196
828
110
-545
-680
-413
-182
-146
-192
-296
-548
-884
-1118
-1325
-1812
-2695
-3693
-4489
-5030
-5476
-5914
-6308
-6545
-6535
-6218
-5576
-4681
-3641
-2527
-1405
-338
715
1722
2492
2799
2672
2354
1992
1506
848
121
-513
-998
-1245
-1080
-464
368
1064
1564
2040
2554
2988
3213
3200
3006
2661
2277
2015
1974
2077
2166
2268
2525
3058
3871
4897
6055
7161
7862
7997
7923
8117
8393
8031
6775
5233
3967
2730
1065
-766
-2133
-3170
-4570
-6285
-7358
-7391
-7129
-7250
-7416
-7036
-6290
-5698
-5201
-4404
-3464
-3031
-3193
-3352
-3132
-2808
-2777
-3067
-3473
-3792
-3877
-3637
-3163
-2639
-2145
-1625
-977
-120
1025
2339
3389
3853
3965
4234
4729
4993
4742
4174
3575
2950
2263
1686
1354
1045
478
-188
-524
-393
-118
-17
-66
-131
-237
-443
-697
-978
-1406
-2085
-2935
-3765
-4472
-5054
-5569
-6022
-6374
-6544
-6396
-5906
-5190
-4315
-3280
-2117
-943
159
1211
2098
2569
2574
2331
2058
1690
1035
242
-413
-853
-1132
-1192
-837
-120
615
1168
1641
2182
2749
3092
3154
3069
2951
2806
2640
2499
2497
2657
2886
3150
3553
4201
5050
6002
7045
8046
8686
8826
8765
8878
8924
8286
6920
5472
4289
2989
1226
-559
-1789
-2803
-4226
-5797
-6634
-6564
-6383
-6548
-6609
-6136
-5440
-4967
-4526
-3761
-2961
-2679
-2871
-2987
-2787
-2580
-2664
-2977
-3338
-3598
-3613
-3314
-2806
-2269
-1770
-1179
-431
480
1601
2806
3703
4061
4192
4543
5052
5205
4817
4204
3645
3056
2364
1810
1486
1087
421
-253
-485
-280
-113
-160
-242
-229
-257
-439
-713
-1006
-1452
-2183
-3117
-4009
-4692
-5253
-5814
-6406
-6891
-7083
-6924
-6519
-5940
-5161
-4152
-3011
-1898
-820
263
1151
1602
1617
1433
1219
839
184
-590
-1208
-1607
-1894
-2011
-1781
-1193
-489
126
731
1415
2081
2537
2757
2862
2907
2851
2690
2572
2614
2729
2830
2967
3239
3756
4459
5265
6178
7152
7948
8295
8286
8312
8441
8177
7150
5729
4534
3476
2017
187
-1326
-2310
-3407
-4947
-6223
-6546
-6300
-6306
-6585
-6472
-5840
-5221
-4845
-4339
-3579
-3038
-3009
-3154
-3059
-2791
-2717
-2959
-3329
-3628
-3740
-3575
-3159
-2672
-2172
-1566
-834
1
1037
2291
3470
4185
4500
4883
5473
5853
5695
5206
4768
4347
3724
3007
2486
2111
1558
829
309
210
324
340
219
159
210
244
163
-60
-435
-971
-1653
-2383
-3096
-3786
-4469
-5153
-5793
-6274
-6435
-6255
-5865
-5367
-4700
-3778
-2629
-1420
-268
778
1586
2006
2054
1934
1719
1294
577
-256
-946
-1398
-1665
-1699
-1424
-898
-269
414
1218
2108
2881
3378
3647
3811
3899
3900
3805
3642
3492
3412
3407
3478
3673
4037
4532
5057
5646
6473
7437
8063
8093
7900
7943
7979
7383
6157
4964
4010
2719
862
-846
-1842
-2653
-4057
-5711
-6575
-6517
-6394
-6644
-6778
-6390
-5847
-5533
-5205
-4511
-3761
-3533
-3765
-3935
-3785
-3573
-3640
-3999
-4423
-4650
-4563
-4220
-3771
-3283
-2653
-1865
-997
4
1263
2632
3671
4193
4536
5069
5613
5718
5344
4824
4316
3679
2904
2255
1838
1353
601
-117
-394
-294
-221
-326
-418
-349
-241
-263
-397
-618
-1005
-1610
-2345
-3070
-3751
-4441
-5151
-5833
-6410
-6763
-6810
-6595
-6198
-5621
-4793
-3731
-2570
-1396
-259
700
1289
1491
1496
1410
1121
544
-175
-817
-1313
-1717
-1944
-1854
-1463
-917
-265
577
1574
2522
3207
3625
3881
4032
4061
3978
3812
3569
3293
3072
2987
3065
3287
3603
3978
4445
5131
6114
7162
7790
7830
7698
7801
7891
7354
6171
4942
3908
2615
849
-773
-1727
-2509
-3895
-5546
-6408
-6283
-6080
-6329
-6496
-6090
-5478
-5146
-4848
-4158
-3397
-3207
-3539
-3770
-3619
-3434
-3540
-3894
-4275
-4521
-4518
-4194
-3652
-3063
-2431
-1679
-813
194
1427
2750
3758
4225
4468
4901
5389
5465
5032
4450
3927
3295
2491
1802
1381
951
243
-501
-819
-682
-489
-496
-570
-515
-364
-259
-233
-361
-770
-1468
-2258
-2960
-3630
-4395
-5216
-5969
-6605
-7094
-7279
-7056
-6566
-6019
-5385
-4467
-3248
-1938
-746
259
982
1304
1298
1160
950
552
-99
-855
-1505
-1927
-2069
-1895
-1462
-895
-231
612
1647
2692
3519
4023
4279
4365
4327
4209
4017
3719
3322
2933
2712
2762
3021
3380
3765
4214
4860
5822
6997
7974
8389
8338
8294
8392
8162
7248
5954
4777
3594
1990
220
-1048
-1811
-2869
-4500
-5840
-6127
-5838
-5848
-6113
-5994
-5442
-5017
-4803
-4332
-3544
-3037
-3170
-3524
-3552
-3309
-3206
-3428
-3801
-4080
-4096
-3786
-3239
-2606
-1926
-1153
-307
610
1726
3058
4254
4909
5112
5358
5831
6121
5863
5216
4540
3900
3155
2409
1882
1498
915
135
-422
-455
-189
-75
-176
-231
-144
-59
-95
-214
-450
-979
-1797
-2647
-3332
-3933
-4641
-5440
-6167
-6686
-6902
-6808
-6463
-5971
-5351
-4512
-3435
-2233
-1029
94
969
1422
1508
1463
1382
1081
478
-227
-807
-1227
-1498
-1509
-1190
-681
-151
449
1257
2200
2986
3426
3595
3648
3614
3470
3221
2915
2580
2239
1978
1900
2030
2320
2699
3145
3698
4443
5446
6591
7489
7798
7669
7613
7736
7515
6577
5261
4110
3013
1513
-186
-1419
-2177
-3199
-4741
-5990
-6243
-5963
-5989
-6269
-6173
-5653
-5228
-5008
-4559
-3830
-3384
-3558
-3923
-3908
-3588
-3433
-3624
-3951
-4149
-4119
-3822
-3284
-2613
-1923
-1245
-510
377
1485
2736
3801
4377
4552
4740
5119
5364
5132
4524
3879
3286
2610
1938
1483
1163
654
-65
-549
-488
-171
-71
-222
-336
-280
-225
-294
-450
-733
-1292
-2124
-2987
-3691
-4273
-4876
-5550
-6209
-6676
-6824
-6638
-6232
-5720
-5076
-4214
-3174
-2072
-969
60
849
1239
1307
1291
1238
984
491
-39
-448
-759
-985
-988
-670
-172
295
766
1402
2184
2853
3213
3330
3361
3344
3226
2998
2734
2482
2246
2071
2043
2214
2522
2886
3310
3842
4545
5481
6567
7445
7760
7635
7555
7686
7557
6724
5452
4289
3205
1802
191
-1053
-1836
-2814
-4292
-5581
-5980
-5787
-5777
-6049
-6080
-5698
-5296
-5038
-4617
-3947
-3479
-3543
-3820
-3810
-3497
-3279
-3377
-3652
-3872
-3881
-3610
-3100
-2506
-1918
-1313
-623
203
1218
2386
3449
4087
4323
4544
4963
5288
5163
4671
4148
3681
3081
2406
1907
1577
1113
411
-149
-244
-56
-2
-191
-378
-431
-472
-622
-835
-1130
-1620
-2350
-3148
-3787
-4277
-4785
-5393
-5992
-6373
-6403
-6141
-5714
-5193
-4538
-3697
-2698
-1629
-552
453
1186
1508
1537
1522
1502
1286
798
253
-112
-316
-466
-495
-254
204
671
1087
1585
2204
2767
3073
3134
3093
3020
2902
2735
2571
2434
2317
2234
2263
2461
2801
3235
3716
4232
4871
5746
6794
7640
7919
7756
7626
7661
7424
6558
5349
4272
3227
1829
228
-981
-1710
-2614
-4002
-5221
-5593
-5380
-5332
-5554
-5537
-5121
-4711
-4497
-4128
-3448
-2896
-2892
-3162
-3161
-2850
-2637
-2775
-3094
-3332
-3347
-3111
-2656
-2076
-1487
-908
-277
475
1421
2534
3527
4081
4263
4456
4860
5136
4928
4377
3844
3366
2733
2034
1542
1228
742
0
-588
-690
-525
-494
-652
-788
-821
-861
-1008
-1218
-1494
-1965
-2670
-3445
-4093
-4585
-5044
-5579
-6094
-6395
-6372
-6074
-5616
-5050
-4329
-3441
-2471
-1490
-497
403
1010
1220
1151
1048
949
681
170
-389
-772
-955
-1015
-956
-668
-185
302
718
1168
1735
2253
2518
2528
2456
2411
2326
2145
1946
1814
1728
1677
1733
1969
2371
2839
3338
3909
4586
5436
6421
7279
7674
7577
7369
7326
7186
6492
5287
4071
3003
1762
248
-1073
-1878
-2601
-3757
-5035
-5649
-5523
-5333
-5443
-5512
-5198
-4743
-4491
-4234
-3671
-3073
-2943
-3240
-3431
-3281
-3069
-3100
-3342
-3585
-3696
-3585
-3192
-2595
-1957
-1359
-740
1
922
1998
3038
3748
4037
4188
4469
4749
4684
4239
3683
3185
2620
1959
1407
1044
633
3
-584
-789
-653
-551
-666
-842
-897
-887
-973
-1187
-1490
-1909
-2521
-3256
-3931
-4442
-4863
-5323
-5781
-6078
-6064
-5751
-5276
-4705
-4009
-3159
-2215
-1252
-319
540
1162
1414
1369
1224
1085
832
384
-146
-534
-717
-776
-692
-410
38
495
871
1247
1700
2138
2365
2350
2235
2135
2031
1864
1662
1524
1464
1441
1463
1633
2002
2499
3039
3609
4281
5119
6103
7030
7593
7673
7490
7380
7294
6837
5843
4629
3517
2389
1048
-274
-1191
-1859
-2812
-4052
-4915
-5016
-4779
-4788
-4948
-4837
-4461
-4155
-3945
-3548
-3010
-2762
-2980
-3289
-3294
-3097
-3028
-3199
-3450
-3617
-3586
-3286
-2755
-2151
-1606
-1071
-423
419
1431
2466
3250
3631
3760
3945
4242
4364
4085
3537
2969
2430
1860
1330
948
603
104
-466
-791
-734
-528
-486
-608
-710
-720
-730
-822
-1000
-1329
-1863
-2537
-3169
-3681
-4142
-4621
-5090
-5442
-5591
-5484
-5121
-4562
-3905
-3193
-2389
-1460
-475
411
1077
1444
1525
1402
1219
1032
761
360
-75
-364
-429
-331
-130
162
534
900
1221
1562
1942
2254
2373
2320
2232
2175
2128
2057
2005
1985
1969
2007
2173
2501
2914
3331
3777
4318
4949
5647
6436
7203
7643
7586
7278
7121
7057
6626
5635
4447
3413
2382
1120
-146
-1031
-1683
-2617
-3800
-4589
-4678
-4510
-4602
-4813
-4739
-4406
-4130
-3914
-3518
-3018
-2798
-2969
-3171
-3107
-2905
-2832
-2960
-3154
-3285
-3236
-2925
-2387
-1797
-1279
-785
-176
628
1605
2616
3396
3772
3874
4034
4347
4527
4319
3804
3240
2715
2164
1653
1291
963
467
-127
-483
-426
-196
-129
-238
-356
-392
-429
-554
-780
-1151
-1731
-2451
-3150
-3709
-4172
-4675
-5211
-5646
-5824
-5698
-5348
-4870
-4285
-3581
-2761
-1867
-953
-66
667
1067
1114
980
856
721
412
-61
-499
-736
-808
-796
-676
-404
-32
325
665
1052
1470
1801
1944
1952
1921
1875
1807
1712
1631
1555
1467
1418
1503
1771
2139
2520
2927
3425
4016
4682
5439
6241
6881
7076
6901
6719
6680
6483
5774
4696
3630
2654
1523
246
-837
-1622
-2449
-3542
-4536
-4958
-4904
-4873
-5047
-5105
-4856
-4488
-4186
-3875
-3455
-3135
-3150
-3363
-3476
-3379
-3285
-3389
-3636
-3861
-3907
-3704
-3280
-2747
-2203
-1658
-1049
-306
614
1647
2575
3151
3365
3516
3798
4042
3956
3522
2980
2457
1898
1316
860
521
113
-423
-856
-947
-782
-647
-655
-698
-679
-657
-705
-829
-1068
-1508
-2138
-2805
-3380
-3886
-4419
-4995
-5503
-5823
-5904
-5730
-5339
-4809
-4195
-3492
-2638
-1631
-604
275
866
1134
1141
1021
854
618
253
-238
-690
-961
-1039
-990
-844
-592
-250
129
542
1016
1510
1885
2043
2056
2055
2085
2103
2052
1953
1856
1798
1805
1935
2192
2500
2794
3116
3574
4193
4901
5651
6418
7053
7364
7362
7295
7289
7091
6425
5396
4353
3391
2281
984
-213
-1123
-1970
-2990
-3958
-4461
-4499
-4459
-4550
-4562
-4297
-3906
-3592
-3308
-2920
-2572
-2530
-2759
-2964
-2976
-2942
-3079
-3367
-3609
-3672
-3521
-3169
-2655
-2068
-1461
-813
-52
880
1903
2828
3458
3784
3997
4264
4494
4446
4050
3495
2956
2419
1845
1319
913
515
29
-408
-552
-402
-220
-205
-269
-259
-178
-162
-295
-574
-1010
-1588
-2221
-2818
-3361
-3899
-4465
-4990
-5345
-5433
-5239
-4849
-4375
-3814
-3097
-2200
-1208
-255
566
1152
1417
1384
1224
1056
819
398
-171
-679
-984
-1119
-1130
-1006
-740
-377
42
539
1119
1682
2059
2217
2269
2306
2324
2266
2141
1998
1870
1757
1684
1718
1884
2126
2387
2732
3249
3919
4646
5373
6134
6850
7314
7425
7333
7230
7017
6431
5457
4368
3318
2185
879
-385
-1341
-2124
-3009
-3949
-4556
-4670
-4583
-4579
-4602
-4442
-4128
-3833
-3584
-3291
-3007
-2943
-3158
-3432
-3542
-3522
-3566
-3767
-4019
-4133
-3985
-3599
-3068
-2471
-1828
-1118
-327
552
1509
2456
3200
3609
3799
3994
4214
4235
3913
3372
2818
2301
1751
1206
749
359
-57
-465
-675
-616
-467
-439
-499
-490
-397
-365
-493
-751
-1109
-1584
-2162
-2753
-3282
-3779
-4304
-4805
-5123
-5171
-4983
-4636
-4168
-3583
-2899
-2123
-1246
-357
395
883
1069
1028
850
595
281
-107
-568
-1027
-1347
-1451
-1368
-1186
-930
-579
-159
300
779
1228
1561
1722
1762
1777
1791
1779
1707
1599
1510
1459
1465
1577
1821
2148
2504
2896
3396
4017
4702
5406
6107
6765
7252
7441
7366
7195
6972
6531
5742
4712
3644
2589
1453
265
-768
-1574
-2362
-3247
-4009
-4369
-4373
-4326
-4363
-4331
-4131
-3868
-3653
-3448
-3189
-3013
-3091
-3326
-3482
-3467
-3423
-3494
-3655
-3760
-3691
-3414
-2949
-2345
-1678
-1014
-334
448
1358
2303
3093
3597
3853
4023
4166
4186
3968
3518
2944
2323
1710
1174
756
392
-3
-415
-690
-722
-609
-526
-527
-540
-525
-533
-633
-824
-1125
-1575
-2160
-2795
-3344
-3806
-4260
-4727
-5109
-5257
-5140
-4831
-4407
-3884
-3259
-2537
-1761
-977
-245
321
599
568
353
106
-131
-424
-802
-1190
-1450
-1522
-1442
-1244
-958
-607
-234
143
547
973
1331
1534
1592
1594
1604
1602
1565
1504
1455
1421
1425
1516
1727
2028
2370
2736
3164
3690
4304
4960
5636
6298
6850
7177
7232
7139
6997
6727
6191
5371
4416
3441
2410
1301
250
-622
-1410
-2266
-3121
-3708
-3929
-3967
-4026
-4104
-4076
-3939
-3776
-3612
-3416
-3240
-3221
-3384
-3561
-3615
-3577
-3581
-3673
-3792
-3812
-3640
-3263
-2724
-2125
-1524
-901
-201
619
1502
2315
2920
3272
3468
3616
3714
3646
3338
2870
2340
1799
1289
838
441
46
-368
-728
-898
-861
-748
-677
-658
-618
-534
-462
-492
-664
-980
-1428
-1961
-2517
-3044
-3544
-4047
-4525
-4878
-4991
-4842
-4536
-4137
-3648
-3022
-2264
-1465
-704
-51
415
603
522
303
66
-192
-537
-965
-1344
-1543
-1539
-1409
-1209
-924
-553
-140
289
727
1142
1478
1684
1777
1845
1936
1995
1972
1891
1825
1823
1862
1935
2067
2285
2562
2876
3281
3813
4444
5091
5709
6344
6950
7387
7566
7537
7389
7117
6606
5845
4939
3948
2860
1693
587
-340
-1180
-2050
-2910
-3557
-3881
-3991
-4038
-4062
-4010
-3874
-3708
-3520
-3287
-3081
-3019
-3141
-3322
-3406
-3387
-3378
-3468
-3602
-3654
-3514
-3158
-2655
-2062
-1447
-815
-123
683
1568
2423
3088
3485
3678
3781
3823
3742
3473
3008
2432
1833
1266
775
369
12
-339
-643
-798
-762
-608
-461
-389
-350
-292
-252
-315
-535
-900
-1382
-1957
-2574
-3184
-3731
-4233
-4699
-5073
-5254
-5173
-4878
-4465
-3951
-3321
-2574
-1777
-1015
-363
118
346
314
109
-178
-502
-879
-1313
-1707
-1940
-1990
-1887
-1672
-1358
-948
-483
-11
469
926
1307
1546
1652
1685
1700
1705
1653
1565
1486
1447
1460
1538
1685
1917
2229
2593
3031
3561
4164
4805
5453
6082
6680
7173
7469
7561
7487
7260
6858
6248
5446
4511
3481
2379
1298
317
-556
-1372
-2152
-2816
-3257
-3456
-3512
-3507
-3464
-3394
-3276
-3137
-2984
-2856
-2808
-2888
-3069
-3235
-3316
-3319
-3329
-3387
-3430
-3322
-3021
-2545
-1969
-1347
-692
4
728
1505
2297
2987
3470
3709
3790
3815
3783
3620
3278
2789
2235
1704
1242
859
546
262
-9
-205
-260
-187
-60
31
61
47
9
-75
-248
-538
-986
-1580
-2251
-2918
-3502
-4010
-4479
-4892
-5157
-5213
-5033
-4667
-4180
-3605
-2961
-2276
-1560
-860
-272
107
211
78
-189
-508
-858
-1221
-1575
-1869
-2038
-2046
-1882
-1570
-1177
-746
-295
184
673
1104
1428
1610
1678
1676
1634
1588
1527
1441
1342
1276
1267
1362
1560
1836
2171
2552
2994
3505
4083
4688
5279
5855
6377
6796
7044
7100
6995
6734
6295
5686
4940
4069
3090
2044
1001
55
-793
-1591
-2327
-2948
-3411
-3708
-3875
-3946
-3953
-3933
-3917
-3872
-3783
-3692
-3653
-3713
-3832
-3936
-3987
-3981
-3935
-3875
-3793
-3629
-3337
-2901
-2336
-1702
-1036
-360
322
1018
1723
2360
2836
3128
3257
3284
3223
3044
2743
2345
1887
1412
973
600
294
34
-193
-362
-432
-398
-328
-253
-209
-210
-237
-318
-495
-781
-1191
-1718
-2277
-2825
-3326
-3765
-4163
-4485
-4669
-4665
-4479
-4142
-3709
-3206
-2621
-1977
-1305
-662
-155
133
190
57
-168
-431
-724
-1042
-1345
-1578
-1704
-1675
-1492
-1193
-820
-397
54
539
1008
1397
1680
1855
1934
1975
1999
1992
1954
1880
1797
1756
1791
1899
2083
2319
2594
2920
3313
3786
4303
4818
5309
5795
6248
6597
6800
6829
6721
6483
6076
5505
4804
3973
3016
1985
967
47
-770
-1558
-2317
-2976
-3478
-3815
-4007
-4086
-4090
-4049
-3993
-3907
-3773
-3626
-3524
-3509
-3554
-3595
-3584
-3516
-3410
-3292
-3168
-2989
-2698
-2275
-1740
-1132
-486
184
873
1559
2231
2841
3298
3564
3670
3676
3606
3441
3146
2748
2298
1836
1401
1017
711
469
262
83
-37
-68
-32
0
11
-14
-67
-161
-363
-673
-1077
-1560
-2092
-2648
-3188
-3661
-4057
-4369
-4560
-4584
-4431
-4138
-3735
-3255
-2686
-2045
-1400
-809
-345
-67
3
-127
-382
-705
-1049
-1387
-1690
-1892
-1966
-1893
-1678
-1348
-929
-450
42
537
996
1377
1646
1790
1843
1827
1774
1675
1536
1402
1294
1243
1253
1320
1469
1697
1981
2321
2721
3185
3701
4224
4722
5221
5723
6140
6393
6467
6412
6259
5957
5469
4815
4051
3166
2172
1153
215
-608
-1398
-2198
-2923
-3469
-3832
-4060
-4207
-4265
-4249
-4208
-4153
-4044
-3880
-3749
-3709
-3751
-3801
-3787
-3709
-3612
-3506
-3390
-3243
-3006
-2635
-2144
-1562
-940
-309
324
959
1594
2201
2703
3021
3172
3210
3182
3091
2898
2609
2241
1825
1417
1061
790
596
425
264
144
97
129
203
268
292
264
182
30
-214
-553
-992
-1508
-2064
-2617
-3121
-3549
-3891
-4154
-4290
-4256
-4061
-3724
-3285
-2764
-2171
-1558
-980
-486
-127
45
8
-198
-511
-846
-1157
-1427
-1628
-1726
-1709
-1571
-1311
-938
-473
36
522
960
1328
1620
1828
1934
1950
1890
1776
1628
1481
1355
1274
1258
1277
1341
1492
1745
2085
2481
2902
3370
3886
4407
4916
5420
5893
6249
6410
6398
6288
6069
5673
5063
4296
3425
2454
1427
433
-439
-1209
-1978
-2728
-3336
-3730
-3966
-4109
-4168
-4147
-4088
-4038
-3977
-3860
-3720
-3651
-3702
-3810
-3883
-3879
-3824
-3743
-3650
-3537
-3360
-3053
-2605
-2053
-1424
-763
-115
518
1156
1801
2373
2762
2952
3006
3002
2926
2747
2460
2099
1698
1274
898
625
428
253
84
-30
-57
-21
34
81
106
71
-25
-168
-380
-700
-1146
-1670
-2198
-2703
-3183
-3624
-3992
-4258
-4407
-4396
-4210
-3876
-3449
-2967
-2429
-1847
-1256
-723
-302
-56
-22
-161
-401
-683
-979
-1256
-1473
-1581
-1569
-1447
-1200
-836
-384
100
582
1052
1489
1852
2102
2236
2275
2225
2107
1943
1750
1571
1444
1396
1406
1465
1592
1821
2150
2532
2961
3443
3969
4487
4960
5416
5878
6269
6468
6445
6277
6037
5678
5122
4407
3602
2722
1757
775
-100
-815
-1477
-2166
-2802
-3254
-3490
-3611
-3672
-3678
-3638
-3591
-3546
-3467
-3334
-3216
-3215
-3302
-3394
-3407
-3320
-3197
-3071
-2951
-2786
-2499
-2069
-1527
-921
-291
333
939
1530
2121
2680
3108
3328
3386
3374
3322
3198
2975
2661
2310
1939
1591
1315
1113
952
796
671
606
611
650
688
703
665
569
436
275
29
-344
-822
-1333
-1844
-2343
-2818
-3223
-3542
-3776
-3891
-3843
-3619
-3269
-2871
-2424
-1922
-1387
-855
-397
-59
109
91
-75
-321
-601
-896
-1176
-1396
-1513
-1511
-1374
-1101
-736
-333
93
535
972
1370
1683
1873
1943
1908
1796
1646
1471
1265
1054
891
812
808
891
1059
1306
1629
1996
2439
2957
3514
4047
4524
4972
5393
5727
5885
5859
5691
5388
4942
4349
3653
2882
2022
1084
163
-649
-1341
-1978
-2592
-3131
-3517
-3752
-3872
-3904
-3886
-3860
-3850
-3826
-3767
-3675
-3608
-3611
-3672
-3734
-3738
-3665
-3534
-3387
-3234
-3023
-2715
-2272
-1725
-1123
-499
103
678
1240
1803
2321
2710
2930
2998
2982
2915
2784
2581
2309
1972
1608
1274
1023
835
675
520
381
298
268
282
314
312
245
116
-37
-189
-388
-680
-1075
-1535
-2015
-2478
-2906
-3282
-3612
-3889
-4074
-4125
-4017
-3759
-3400
-2990
-2545
-2067
-1543
-1018
-579
-302
-194
-226
-352
-557
-794
-1030
-1254
-1437
-1538
-1496
-1289
-975
-620
-246
161
592
1010
1373
1634
1774
1793
1724
1620
1508
1364
1194
1024
889
847
907
1056
1271
1524
1829
2206
2653
3150
3638
4097
4509
4878
5221
5502
5672
5684
5524
5232
4825
4306
3673
2939
2114
1228
349
-448
-1131
-1747
-2335
-2867
-3264
-3513
-3641
-3688
-3700
-3706
-3706
-3690
-3629
-3521
-3438
-3416
-3454
-3488
-3451
-3333
-3171
-3013
-2855
-2658
-2353
-1937
-1432
-874
-314
213
720
1249
1793
2291
2666
2875
2959
2976
2943
2862
2705
2449
2119
1764
1438
1184
978
795
618
454
340
291
309
334
310
239
141
39
-78
-239
-482
-818
-1228
-1675
-2101
-2485
-2840
-3160
-3423
-3597
-3652
-3574
-3355
-3042
-2678
-2281
-1831
-1322
-827
-412
-122
47
90
7
-142
-320
-519
-744
-956
-1091
-1092
-963
-741
-453
-107
283
689
1088
1461
1751
1910
1951
1903
1799
1669
1517
1324
1105
909
796
795
884
1033
1240
1504
1823
2195
2623
3081
3529
3908
4237
4574
4897
5153
5275
5256
5098
4813
4406
3881
3273
2564
1760
913
102
-615
-1264
-1866
-2420
-2895
-3243
-3467
-3583
-3635
-3646
-3641
-3624
-3573
-3490
-3381
-3300
-3275
-3278
-3255
-3157
-3011
-2868
-2740
-2589
-2368
-2067
-1691
-1246
-749
-251
219
698
1200
1711
2158
2456
2629
2729
2782
2759
2642
2441
2172
1851
1487
1159
894
668
445
211
32
-70
-103
-116
-139
-174
-229
-291
-360
-445
-572
-773
-1057
-1405
-1768
-2120
-2455
-2772
-3089
-3366
-3544
-3597
-3549
-3412
-3194
-2890
-2524
-2127
-1680
-1223
-814
-516
-337
-249
-228
-294
-456
-661
-873
-1061
-1186
-1214
-1129
-969
-755
-489
-166
198
553
870
1128
1288
1351
1342
1286
1186
1024
821
632
503
440
447
540
674
848
1061
1344
1698
2087
2493
2888
3299
3704
4120
4539
4884
5119
5202
5177
5055
4810
4439
3921
3304
2566
1757
967
235
-434
-1098
-1714
-2235
-2607
-2858
-3031
-3112
-3143
-3139
-3115
-3040
-2901
-2743
-2631
-2587
-2544
-2488
-2412
-2329
-2255
-2180
-2095
-1967
-1766
-1477
-1113
-710
-284
157
634
1150
1664
2118
2456
2685
2836
2911
2899
2785
2590
2326
2000
1645
1305
1019
767
509
261
72
-42
-95
-126
-152
-162
-158
-162
-181
-189
-225
-320
-490
-733
-1010
-1306
-1629
-1991
-2367
-2740
-3062
-3311
-3482
-3553
-3524
-3402
-3195
-2909
-2539
-2114
-1680
-1283
-956
-711
-553
-477
-484
-578
-739
-947
-1155
-1328
-1438
-1469
-1424
-1307
-1128
-889
-595
-262
77
371
585
722
809
850
851
808
718
607
500
432
422
473
573
693
853
1075
1371
1760
2205
2670
3132
3599
4075
4560
5008
5347
5545
5606
5530
5310
4935
4425
3797
3035
2158
1248
411
-337
-1050
-1743
-2335
-2753
-3031
-3220
-3313
-3304
-3231
-3164
-3101
-2980
-2801
-2643
-2574
-2568
-2558
-2523
-2488
-2464
-2433
-2379
-2294
-2149
-1920
-1601
-1200
-735
-237
271
796
1353
1909
2373
2693
2903
3048
3101
3019
2819
2563
2279
1938
1555
1211
951
732
520
346
256
257
307
373
464
578
678
748
800
808
749
611
405
140
-187
-566
-966
-1378
-1813
-2226
-2562
-2791
-2930
-2988
-2933
-2760
-2474
-2128
-1734
-1305
-895
-541
-250
-28
102
122
29
-146
-392
-674
-953
-1186
-1355
-1467
-1496
-1422
-1232
-960
-641
-293
72
416
700
926
1095
1186
1201
1136
1015
861
704
578
502
469
478
566
753
1025
1356
1755
2242
2779
3308
3818
4344
4890
5361
5664
5808
5850
5775
5506
5021
4411
3727
2928
2003
1035
176
-553
-1255
-1932
-2475
-2813
-2998
-3134
-3226
-3201
-3095
-3010
-2978
-2928
-2831
-2752
-2773
-2878
-2984
-3046
-3098
-3171
-3235
-3236
-3152
-2992
-2758
-2434
-2004
-1481
-924
-361
208
818
1412
1889
2212
2429
2577
2616
2518
2303
2048
1778
1460
1117
839
663
544
451
403
458
612
786
954
1127
1295
1425
1495
1499
1451
1343
1134
841
506
139
-265
-704
-1151
-1568
-1929
-2231
-2451
-2571
-2593
-2535
-2403
-2182
-1881
-1534
-1194
-879
-593
-356
-200
-135
-155
-262
-448
-693
-954
-1188
-1392
-1545
-1613
-1585
-1457
-1237
-931
-550
-134
278
662
1007
1295
1479
1558
1557
1497
1375
1195
1008
847
738
679
681
768
945
1208
1539
1946
2419
2945
3489
4012
4486
4930
5343
5654
5800
5776
5624
5353
4925
4324
3622
2874
2053
1156
273
-495
-1129
-1710
-2274
-2725
-3005
-3170
-3307
-3402
-3414
-3390
-3409
-3472
-3514
-3511
-3531
-3633
-3782
-3903
-3964
-3993
-4000
-3962
-3860
-3685
-3427
-3086
-2663
-2160
-1600
-1029
-487
49
598
1110
1517
1773
1925
2026
2048
1957
1785
1602
1423
1205
976
822
774
770
756
772
865
1006
1122
1195
1265
1326
1311
1221
1083
917
683
354
-22
-404
-786
-1190
-1594
-1957
-2281
-2571
-2800
-2944
-3012
-3036
-3011
-2915
-2758
-2571
-2364
-2136
-1911
-1727
-1594
-1481
-1392
-1375
-1434
-1532
-1637
-1749
-1871
-1953
-1970
-1920
-1813
-1630
-1348
-996
-623
-250
129
479
764
975
1125
1205
1205
1140
1057
984
904
823
786
835
948
1103
1312
1594
1937
2299
2681
3110
3573
4009
4399
4752
5090
5387
5584
5652
5591
5417
5116
4706
4196
3608
2945
2208
1433
676
-5
-607
-1166
-1699
-2158
-2511
-2766
-2951
-3078
-3165
-3239
-3327
-3409
-3445
-3437
-3433
-3483
-3566
-3626
-3630
-3588
-3519
-3419
-3289
-3113
-2874
-2546
-2133
-1645
-1126
-632
-150
353
885
1385
1782
2059
2256
2401
2469
2452
2397
2312
2175
1971
1768
1649
1590
1517
1408
1330
1306
1315
1314
1293
1271
1217
1111
956
783
602
374
76
-258
-602
-933
-1238
-1552
-1889
-2222
-2500
-2706
-2868
-3010
-3101
-3118
-3097
-3052
-2958
-2773
-2539
-2345
-2195
-2028
-1827
-1641
-1535
-1489
-1465
-1460
-1494
-1536
-1540
-1513
-1457
-1373
-1226
-997
-703
-370
-35
282
579
871
1147
1362
1483
1529
1545
1535
1499
1435
1391
1378
1362
1359
1412
1550
1734
1922
2129
2395
2733
3098
3469
3844
4206
4552
4860
5111
5285
5345
5279
5066
4719
4275
3746
3134
2419
1622
820
79
-590
-1216
-1796
-2296
-2691
-3011
-3259
-3397
-3453
-3484
-3532
-3575
-3557
-3494
-3438
-3424
-3428
-3425
-3407
-3366
-3284
-3158
-2995
-2797
-2549
-2213
-1792
-1295
-756
-218
316
866
1427
1951
2391
2733
2994
3172
3251
3243
3179
3081
2914
2689
2459
2267
2113
1954
1795
1671
1590
1527
1461
1397
1355
1294
1196
1068
927
766
557
301
7
-305
-634
-972
-1326
-1692
-2051
-2385
-2676
-2925
-3129
-3260
-3327
-3345
-3299
-3197
-3017
-2786
-2546
-2297
-2039
-1769
-1522
-1310
-1142
-1009
-921
-889
-878
-865
-852
-843
-806
-727
-586
-400
-169
107
396
690
972
1250
1498
1687
1805
1850
1850
1815
1740
1642
1541
1437
1360
1321
1342
1425
1558
1734
1954
2235
2582
2976
3401
3808
4199
4581
4932
5224
5410
5466
5383
5166
4805
4329
3761
3088
2312
1466
616
-170
-876
-1523
-2106
-2604
-2987
-3260
-3431
-3505
-3522
-3508
-3498
-3482
-3434
-3356
-3288
-3265
-3288
-3319
-3322
-3294
-3235
-3141
-3018
-2847
-2603
-2273
-1846
-1343
-796
-244
317
890
1462
2006
2466
2815
3058
3203
3257
3237
3133
2960
2725
2453
2174
1927
1727
1560
1411
1285
1193
1140
1113
1088
1053
975
857
703
512
282
8
-316
-679
-1072
-1471
-1871
-2244
-2606
-2959
-3282
-3555
-3755
-3882
-3947
-3953
-3900
-3788
-3615
-3394
-3125
-2830
-2541
-2277
-2037
-1809
-1602
-1439
-1328
-1273
-1259
-1250
-1247
-1234
-1205
-1161
-1088
-974
-815
-601
-344
-79
167
383
586
776
927
1005
1007
961
882
783
677
584
512
450
413
433
550
748
986
1253
1566
1938
2366
2823
3278
3710
4097
4417
4663
4830
4898
4835
4611
4225
3726
3150
2509
1800
1029
238
-508
-1181
-1771
-2279
-2691
-3018
-3275
-3453
-3536
-3522
-3474
-3436
-3419
-3385
-3323
-3258
-3227
-3221
-3225
-3237
-3236
-3199
-3101
-2949
-2762
-2538
-2245
-1844
-1348
-801
-242
316
879
1443
1975
2436
2818
3091
3259
3327
3316
3253
3141
2957
2706
2444
2216
2034
1875
1714
1568
1462
1378
1318
1264
1205
1124
995
823
623
421
184
-107
-447
-810
-1163
-1491
-1802
-2094
-2361
-2593
-2777
-2896
-2946
-2935
-2870
-2779
-2658
-2498
-2292
-2053
-1806
-1587
-1392
-1202
-1028
-870
-739
-650
-599
-583
-591
-601
-598
-577
-555
-529
-479
-377
-216
-11
213
433
643
847
1057
1248
1394
1475
1489
1457
1399
1326
1245
1167
1085
1010
967
985
1089
1260
1454
1669
1924
2246
2635
3041
3429
3780
4100
4386
4612
4760
4820
4761
4562
4221
3772
3276
2726
2091
1367
614
-83
-703
-1262
-1769
-2206
-2553
-2824
-3020
-3141
-3171
-3152
-3164
-3210
-3235
-3213
-3172
-3178
-3243
-3309
-3345
-3347
-3312
-3224
-3069
-2858
-2600
-2281
-1854
-1314
-725
-141
416
981
1561
2101
2554
2901
3159
3311
3362
3326
3228
3096
2901
2643
2362
2120
1931
1772
1610
1463
1350
1266
1195
1118
1040
942
809
627
410
193
-33
-291
-570
-864
-1154
-1420
-1652
-1848
-2021
-2170
-2295
-2376
-2406
-2386
-2345
-2282
-2197
-2094
-1977
-1855
-1713
-1556
-1416
-1308
-1228
-1150
-1063
-978
-920
-892
-868
-836
-790
-730
-645
-542
-433
-321
-198
-43
144
335
493
611
703
790
867
931
950
919
863
805
766
750
742
735
743
773
836
945
1105
1285
1471
1650
1858
2128
2439
2747
3028
3296
3575
3827
4021
4149
4197
4160
3991
3690
3305
2878
2380
1768
1077
391
-230
-810
-1382
-1930
-2394
-2751
-3043
-3300
-3495
-3604
-3662
-3725
-3795
-3807
-3753
-3685
-3662
-3658
-3607
-3498
-3363
-3234
-3076
-2849
-2558
-2241
-1888
-1453
-950
-430
53
535
1048
1564
2014
2353
2607
2813
2957
2991
2929
2811
2651
2437
2161
1868
1624
1415
1196
970
776
648
563
485
405
339
279
197
85
-30
-151
-299
-485
-700
-911
-1113
-1316
-1518
-1711
-1884
-2048
-2198
-2319
-2391
-2430
-2454
-2461
-2440
-2378
-2293
-2203
-2093
-1956
-1814
-1681
-1562
-1431
-1276
-1119
-998
-912
-824
-718
-620
-545
-474
-399
-320
-260
-195
-100
22
141
242
345
465
598
712
799
865
902
901
873
850
839
819
783
755
768
834
930
1040
1186
1378
1595
1834
2110
2440
2804
3143
3456
3779
4115
4427
4639
4731
4745
4682
4494
4143
3667
3137
2552
1860
1090
344
-314
-917
-1533
-2130
-2604
-2935
-3204
-3463
-3674
-3775
-3793
-3811
-3844
-3826
-3735
-3627
-3561
-3520
-3429
-3270
-3102
-2955
-2796
-2570
-2264
-1926
-1583
-1193
-727
-222
255
697
1143
1594
1992
2277
2467
2616
2728
2746
2667
2521
2375
2209
1986
1734
1513
1339
1184
1012
852
754
693
637
561
474
392
298
171
9
-181
-383
-600
-835
-1087
-1335
-1550
-1728
-1902
-2075
-2224
-2324
-2380
-2421
-2457
-2466
-2423
-2348
-2260
-2158
-2022
-1848
-1672
-1508
-1347
-1175
-1002
-849
-733
-645
-567
-494
-443
-417
-396
-369
-339
-309
-273
-220
-130
-33
59
162
297
450
584
687
784
882
955
981
981
991
1001
990
959
958
1006
1072
1139
1223
1355
1535
1728
1924
2146
2420
2713
2997
3270
3552
3854
4111
4286
4370
4392
4341
4164
3832
3382
2875
2316
1670
947
232
-417
-1014
-1609
-2165
-2597
-2900
-3151
-3381
-3546
-3602
-3580
-3570
-3579
-3549
-3460
-3371
-3320
-3291
-3223
-3111
-3003
-2914
-2795
-2598
-2323
-2020
-1704
-1330
-878
-361
137
598
1056
1522
1947
2258
2468
2630
2748
2760
2641
2449
2251
2049
1786
1466
1178
963
790
608
439
344
307
277
218
159
133
100
24
-118
-276
-416
-553
-725
-922
-1097
-1228
-1323
-1434
-1538
-1583
-1576
-1572
-1589
-1588
-1538
-1449
-1383
-1347
-1288
-1194
-1099
-1033
-978
-900
-810
-747
-713
-662
-586
-509
-453
-408
-350
-264
-175
-101
-22
64
148
226
301
395
498
598
678
750
837
931
1015
1071
1114
1156
1183
1178
1173
1184
1196
1173
1129
1120
1163
1224
1262
1308
1403
1549
1703
1863
2071
2336
2622
2884
3138
3426
3741
4004
4163
4228
4243
4208
4058
3762
3347
2871
2337
1723
1033
353
-267
-868
-1472
-2051
-2503
-2805
-3049
-3286
-3470
-3545
-3527
-3491
-3463
-3406
-3294
-3185
-3114
-3050
-2944
-2791
-2655
-2556
-2443
-2263
-2007
-1725
-1441
-1133
-782
-386
16
402
783
1150
1462
1683
1821
1925
1996
1985
1859
1662
1463
1273
1068
835
615
444
299
167
73
33
41
46
13
-15
-15
-5
-26
-98
-209
-332
-460
-602
-746
-889
-1025
-1149
-1270
-1362
-1399
-1390
-1381
-1396
-1411
-1383
-1329
-1288
-1275
-1275
-1253
-1233
-1235
-1222
-1169
-1098
-1050
-1031
-981
-866
-737
-642
-584
-508
-401
-298
-217
-157
-81
-1
38
53
83
149
215
232
215
227
296
379
418
422
443
509
561
565
570
616
679
690
671
702
819
949
1017
1062
1183
1391
1613
1796
1990
2255
2562
2852
3120
3417
3756
4057
4243
4332
4390
4418
4340
4088
3677
3192
2681
2107
1431
712
37
-595
-1214
-1813
-2304
-2636
-2875
-3111
-3318
-3407
-3362
-3270
-3216
-3186
-3115
-3004
-2929
-2898
-2852
-2773
-2699
-2678
-2667
-2581
-2411
-2199
-1991
-1782
-1505
-1144
-743
-354
19
399
766
1080
1309
1498
1667
1774
1763
1647
1512
1397
1264
1069
850
672
546
444
353
309
333
388
407
411
458
538
576
526
436
349
249
107
-78
-261
-439
-622
-814
-1001
-1136
-1206
-1278
-1378
-1475
-1506
-1468
-1432
-1434
-1430
-1382
-1321
-1275
-1246
-1185
-1095
-1035
-1031
-1038
-989
-899
-853
-865
-880
-847
-795
-766
-734
-683
-625
-590
-567
-521
-425
-323
-261
-221
-179
-107
-5
106
192
258
320
388
465
553
648
736
803
843
897
993
1137
1288
1407
1513
1651
1830
2031
2251
2465
2660
2842
3036
3258
3494
3718
3915
4067
4150
4184
4190
4159
4036
3755
3339
2857
2352
1802
1186
535
-108
-730
-1328
-1863
-2286
-2584
-2843
-3111
-3331
-3433
-3432
-3396
-3366
-3340
-3301
-3247
-3183
-3103
-3006
-2901
-2817
-2763
-2705
-2574
-2355
-2103
-1858
-1617
-1323
-956
-535
-108
303
703
1055
1355
1606
1827
2031
2144
2142
2050
1952
1867
1763
1615
1439
1266
1103
971
872
822
787
743
682
614
571
559
530
435
280
104
-57
-222
-405
-596
-784
-966
-1142
-1286
-1371
-1390
-1395
-1432
-1484
-1488
-1429
-1360
-1327
-1319
-1305
-1291
-1279
-1271
-1250
-1215
-1200
-1218
-1253
-1251
-1193
-1131
-1099
-1104
-1097
-1036
-958
-883
-815
-740
-663
-608
-554
-468
-334
-210
-139
-94
-8
133
295
433
549
676
799
910
1030
1170
1312
1414
1460
1488
1543
1624
1704
1757
1783
1809
1856
1933
2044
2176
2319
2456
2588
2745
2944
3172
3388
3558
3678
3758
3798
3797
3738
3592
3332
2956
2494
1991
1469
908
291
-340
-944
-1509
-2007
-2422
-2735
-2981
-3197
-3376
-3481
-3491
-3453
-3415
-3386
-3358
-3316
-3260
-3183
-3076
-2949
-2819
-2688
-2532
-2310
-2014
-1675
-1318
-961
-587
-174
267
717
1145
1526
1861
2136
2346
2508
2628
2687
2646
2516
2343
2161
1982
1784
1570
1348
1135
954
814
710
627
552
484
412
344
280
211
131
1
-180
-377
-552
-711
-891
-1085
-1261
-1398
-1495
-1571
-1602
-1579
-1537
-1512
-1483
-1431
-1364
-1299
-1278
-1286
-1300
-1322
-1350
-1380
-1410
-1440
-1465
-1485
-1488
-1468
-1420
-1348
-1282
-1223
-1144
-1035
-906
-790
-696
-594
-489
-397
-318
-235
-150
-73
-24
20
88
172
245
316
401
488
568
631
708
794
862
899
922
955
987
1006
1017
1050
1097
1140
1179
1245
1362
1497
1642
1793
1963
2165
2382
2600
2817
3014
3184
3310
3364
3352
3290
3162
2931
2575
2130
1646
1138
578
-32
-630
-1186
-1713
-2210
-2626
-2931
-3138
-3297
-3429
-3493
-3452
-3354
-3245
-3136
-3020
-2893
-2774
-2660
-2523
-2368
-2206
-2059
-1905
-1718
-1465
-1157
-829
-498
-170
188
570
953
1313
1630
1904
2113
2243
2323
2368
2359
2267
2087
1859
1631
1408
1175
943
723
529
362
237
164
142
132
118
94
75
66
48
8
-77
-197
-340
-483
-621
-756
-880
-987
-1068
-1131
-1148
-1112
-1035
-934
-841
-750
-646
-534
-440
-384
-348
-340
-369
-422
-491
-560
-623
-697
-776
-829
-850
-842
-817
-765
-688
-601
-504
-398
-279
-165
-71
11
74
126
156
172
176
168
150
132
126
125
140
168
215
280
355
444
546
649
745
833
917
983
1028
1049
1061
1068
1064
1049
1043
1058
1084
1122
1189
1304
1451
1610
1782
1987
2209
2431
2639
2828
2985
3085
3120
3088
2990
2825
2563
2216
1803
1346
851
333
-188
-699
-1184
-1631
-2015
-2326
-2559
-2717
-2816
-2868
-2868
-2810
-2711
-2587
-2468
-2359
-2244
-2136
-2031
-1925
-1815
-1700
-1589
-1477
-1331
-1122
-879
-624
-363
-82
223
532
827
1104
1336
1514
1628
1683
1701
1668
1577
1419
1214
992
771
558
345
138
-53
-213
-343
-438
-496
-524
-537
-556
-578
-583
-570
-565
-593
-644
-707
-770
-836
-899
-941
-974
-1000
-1018
-1006
-942
-844
-743
-650
-560
-463
-363
-288
-241
-225
-239
-286
-363
-450
-538
-616
-703
-801
-874
-912
-905
-888
-862
-812
-742
-655
-577
-497
-409
-328
-285
-282
-289
-289
-293
-327
-385
-439
-467
-475
-471
-438
-369
-274
-167
-52
90
270
446
593
705
801
896
971
1008
1012
1003
989
960
932
920
947
987
1031
1090
1199
1367
1559
1756
1965
2192
2431
2663
2876
3076
3249
3357
3379
3334
3241
3096
2865
2543
2144
1700
1240
759
276
-199
-655
-1077
-1467
-1790
-2029
-2194
-2315
-2425
-2494
-2504
-2462
-2398
-2333
-2271
-2215
-2159
-2099
-2015
-1906
-1796
-1697
-1593
-1449
-1257
-1020
-764
-503
-237
33
303
587
864
1096
1272
1378
1433
1453
1438
1390
1282
1117
915
710
535
374
221
65
-84
-204
-284
-314
-310
-301
-306
-317
-318
-300
-277
-270
-293
-348
-415
-471
-515
-535
-556
-575
-582
-564
-501
-408
-280
-142
-27
66
151
245
311
332
296
212
94
-51
-214
-371
-538
-718
-902
-1064
-1173
-1242
-1276
-1304
-1317
-1299
-1257
-1200
-1138
-1076
-1027
-987
-960
-941
-922
-894
-870
-851
-825
-782
-713
-625
-522
-393
-244
-83
65
209
359
510
643
743
822
877
913
929
942
952
951
947
934
938
958
1006
1073
1141
1219
1301
1402
1528
1676
1829
1992
2146
2293
2436
2580
2730
2848
2914
2910
2860
2770
2628
2437
2175
1844
1440
1001
553
110
-322
-766
-1202
-1623
-1993
-2284
-2498
-2658
-2789
-2892
-2946
-2940
-2872
-2759
-2641
-2524
-2420
-2310
-2178
-2015
-1836
-1681
-1555
-1427
-1267
-1066
-840
-603
-377
-168
37
259
501
732
926
1059
1136
1176
1204
1218
1189
1106
965
799
637
486
350
216
75
-72
-204
-295
-339
-349
-367
-396
-431
-445
-434
-421
-411
-428
-463
-507
-540
-545
-533
-520
-526
-532
-516
-473
-409
-352
-308
-288
-288
-293
-303
-327
-376
-457
-549
-660
-763
-845
-920
-992
-1066
-1126
-1154
-1162
-1150
-1132
-1103
-1065
-1031
-997
-947
-887
-835
-796
-756
-699
-631
-555
-477
-387
-283
-171
-48
83
212
333
447
562
669
760
832
879
909
930
950
979
992
989
980
988
1024
1069
1122
1174
1229
1287
1354
1450
1562
1661
1731
1778
1828
1897
1976
2045
2086
2102
2109
2117
2157
2205
2232
2213
2145
2054
1962
1870
1758
1583
1325
1010
686
378
90
-207
-535
-883
-1214
-1479
-1651
-1750
-1813
-1886
-1943
-1945
-1851
-1692
-1516
-1364
-1264
-1185
-1081
-939
-773
-641
-571
-551
-529
-460
-334
-195
-82
-20
26
105
237
396
528
591
597
584
572
583
583
526
397
221
71
-36
-117
-191
-282
-390
-472
-488
-448
-371
-299
-243
-199
-141
-40
76
171
224
239
237
242
263
281
265
215
146
78
24
-21
-79
-160
-265
-380
-481
-566
-649
-739
-847
-959
-1049
-1121
-1173
-1229
-1286
-1336
-1380
-1398
-1394
-1376
-1354
-1326
-1291
-1234
-1151
-1062
-960
-860
-760
-655
-545
-430
-318
-224
-141
-65
14
89
150
208
252
281
318
361
407
442
479
528
573
627
701
784
882
975
1071
1176
1283
1400
1507
1590
1659
1711
1749
1768
1781
1784
1771
1749
1726
1720
1726
1750
1785
1829
1882
1932
1989
2042
2086
2103
2069
2000
1884
1723
1532
1308
1044
734
393
52
-280
-578
-847
-1102
-1338
-1539
-1691
-1772
-1794
-1793
-1794
-1790
-1761
-1708
-1636
-1562
-1508
-1489
-1495
-1482
-1439
-1378
-1321
-1276
-1237
-1168
-1053
-903
-738
-581
-442
-317
-177
-23
122
230
282
290
279
266
243
207
138
43
-49
-118
-153
-166
-173
-173
-157
-119
-48
58
162
243
309
370
419
458
468
439
377
284
163
30
-105
-250
-406
-567
-727
-857
-960
-1042
-1106
-1152
-1182
-1206
-1215
-1201
-1179
-1162
-1161
-1171
-1179
-1182
-1183
-1179
-1171
-1166
-1157
-1118
-1054
-962
-853
-737
-614
-474
-320
-165
-12
122
227
315
394
463
517
547
565
576
584
605
638
692
755
817
893
995
1116
1245
1369
1486
1596
1685
1771
1854
1912
1938
1928
1890
1845
1800
1753
1698
1640
1579
1524
1502
1522
1567
1609
1645
1668
1703
1750
1790
1799
1748
1630
1456
1276
1098
898
648
347
27
-267
-516
-707
-861
-1020
-1182
-1319
-1374
-1351
-1290
-1235
-1214
-1208
-1196
-1153
-1065
-993
-978
-1027
-1092
-1109
-1082
-1025
-981
-969
-975
-951
-856
-687
-521
-403
-330
-269
-179
-57
49
108
103
28
-47
-92
-119
-155
-235
-343
-438
-490
-499
-477
-443
-428
-426
-402
-340
-261
-196
-163
-154
-166
-200
-236
-268
-314
-396
-504
-617
-712
-797
-870
-922
-962
-1006
-1050
-1057
-1026
-978
-930
-893
-857
-819
-782
-726
-669
-635
-629
-635
-631
-609
-588
-574
-568
-569
-556
-531
-477
-409
-361
-327
-290
-227
-154
-83
-29
9
41
69
111
166
210
239
251
277
334
405
482
553
618
682
766
873
989
1089
1160
1217
1274
1337
1391
1426
1437
1422
1397
1362
1341
1327
1292
1243
1197
1178
1166
1167
1185
1206
1234
1255
1279
1310
1329
1334
1332
1312
1249
1145
1024
899
782
650
489
308
119
-52
-179
-261
-337
-438
-546
-629
-660
-647
-626
-637
-684
-732
-754
-742
-712
-711
-753
-818
-855
-845
-806
-771
-750
-748
-740
-689
-606
-513
-451
-426
-407
-389
-370
-361
-376
-424
-492
-563
-618
-674
-725
-770
-808
-822
-824
-806
-775
-730
-671
-607
-543
-493
-445
-399
-359
-327
-303
-298
-305
-319
-330
-334
-349
-368
-379
-390
-396
-385
-358
-333
-304
-269
-223
-175
-126
-67
-12
40
94
152
190
218
240
257
272
277
263
243
205
170
151
138
115
84
56
40
52
75
99
113
109
109
137
177
213
242
253
262
295
355
427
496
553
613
700
802
925
1045
1140
1226
1313
1404
1499
1576
1632
1657
1665
1660
1654
1623
1558
1484
1389
1281
1171
1043
903
762
618
482
340
187
21
-138
-282
-417
-535
-671
-806
-924
-1014
-1062
-1097
-1143
-1214
-1279
-1308
-1317
-1308
-1327
-1392
-1461
-1488
-1455
-1382
-1314
-1269
-1233
-1155
-1001
-800
-613
-489
-427
-359
-261
-147
-60
-63
-145
-244
-291
-293
-279
-292
-358
-416
-410
-329
-205
-107
-61
-39
0
86
183
237
214
142
73
28
2
-40
-116
-203
-277
-301
-284
-253
-223
-202
-168
-107
-38
25
62
72
64
58
43
8
-36
-85
-129
-163
-185
-205
-218
-221
-201
-168
-138
-103
-73
-37
-1
33
59
64
61
57
57
54
30
-11
-47
-83
-106
-117
-135
-162
-182
-180
-154
-106
-60
-20
21
71
145
238
327
397
446
496
552
626
702
752
774
786
806
846
896
932
942
925
916
917
937
952
937
904
853
807
774
745
702
639
562
490
429
384
344
300
240
175
116
68
25
-18
-70
-135
-200
-270
-329
-379
-427
-461
-500
-549
-594
-629
-647
-660
-673
-705
-756
-808
-843
-848
-849
-858
-886
-909
-907
-872
-805
-744
-701
-665
-633
-572
-494
-420
-367
-338
-319
-286
-234
-175
-125
-94
-80
-63
-28
10
47
66
70
82
94
120
154
185
210
235
267
299
334
365
386
402
414
417
408
399
382
371
362
352
337
316
290
276
270
256
238
219
196
175
172
181
188
200
209
223
260
302
349
389
412
434
454
485
523
554
579
593
618
651
688
724
750
754
752
752
751
740
713
674
627
589
555
522
489
456
431
420
419
415
396
362
332
309
293
262
210
142
73
14
-37
-94
-171
-252
-329
-385
-412
-436
-465
-502
-533
-542
-526
-503
-499
-511
-538
-560
-570
-582
-612
-655
-710
-758
-784
-782
-783
-786
-794
-798
-782
-757
-726
-705
-703
-711
-722
-728
-743
-767
-794
-825
-845
-850
-851
-843
-822
-794
-752
-699
-641
-585
-524
-456
-394
-341
-300
-269
-237
-196
-153
-110
-75
-49
-8
44
108
175
230
272
310
353
400
443
469
463
445
428
426
439
445
441
435
432
448
483
519
541
544
545
547
564
572
564
541
497
457
427
409
389
360
328
297
282
270
271
266
257
244
225
230
242
256
266
267
267
265
281
302
319
323
322
315
318
326
324
317
302
285
277
284
293
294
281
259
240
230
226
206
169
120
70
28
-2
-36
-89
-153
-209
-246
-260
-272
-302
-348
-390
-421
-423
-416
-429
-456
-491
-515
-516
-516
-528
-566
-619
-663
-685
-686
-690
-715
-749
-768
-759
-716
-662
-616
-585
-547
-493
-426
-356
-313
-308
-317
-326
-329
-330
-348
-388
-431
-470
-489
-484
-479
-468
-450
-413
-359
-308
-248
-192
-147
-107
-66
-32
-5
20
51
76
99
117
136
159
196
243
291
330
366
406
448
488
520
542
547
544
534
530
522
507
480
446
409
382
369
361
354
349
343
338
342
345
351
350
342
329
314
307
303
293
277
249
225
210
202
199
202
197
190
184
179
185
185
178
169
163
160
154
158
157
143
138
132
128
131
126
125
126
116
106
91
77
66
52
40
28
13
-4
-19
-32
-48
-70
-93
-121
-145
-174
-205
-229
-258
-291
-323
-343
-357
-368
-373
-368
-358
-350
-343
-335
-319
-299
-293
-285
-280
-283
-287
-289
-281
-287
-288
-288
-289
-272
-249
-222
-204
-186
-172
-155
-134
-117
-104
-101
-111
-117
-125
-140
-153
-163
-174
-192
-201
-205
-206
-207
-200
-196
-191
-182
-175
-159
-149
-137
-128
-122
-110
-98
-80
-58
-35
-15
2
22
47
74
104
129
151
174
192
217
242
273
300
313
329
348
368
388
406
417
420
415
414
421
416
403
387
364
342
326
314
303
289
268
252
245
246
242
235
226
213
203
193
185
174
146
117
88
64
45
26
8
-10
-27
-35
-30
-22
-15
-12
-6
6
16
30
43
48
45
36
34
33
31
27
19
12
1
1
7
10
14
9
12
16
25
37
37
33
26
19
11
7
5
-6
-16
-33
-44
-41
-45
-47
-54
-63
-68
-71
-69
-67
-65
-73
-83
-88
-89
-80
-71
-73
-73
-71
-69
-67
-63
-61
-71
-75
-87
-97
-98
-108
-110
-117
-123
-124
-121
-104
-94
-83
-78
-76
-71
-69
-68
-77
-84
-100
-118
-133
-144
-155
-166
-173
-174
-167
-154
-131
-105
-80
-54
-29
1
32
60
92
116
136
152
167
182
194
205
208
215
219
224
234
241
243
239
235
234
226
216
208
195
175
157
136
117
95
73
54
38
18
-7
-27
-47
-70
-91
-107
-124
-136
-148
-160
-167
-176
-180
-183
-185
-183
-183
-182
-185
-183
-186
-188
-193
-192
-191
-187
-181
-169
-153
-136
-117
-91
-67
-39
-8
19
43
67
91
114
125
131
134
134
131
124
123
118
108
99
88
78
71
64
54
49
48
43
39
31
29
24
11
8
3
0
-2
-5
-7
-8
-10
-13
-12
-13
-13
-8
-4
0
-6
-3
-7
-10
-6
-7
-2
-4
1
2
3
0
1
1
-6
-7
-5
-9
-11
-18
-22
-28
-32
-36
-41
-43
-45
-44
-46
-46
-46
-43
-42
-41
-35
-30
-25
-21
-17
-11
-4
6
16
30
43
54
72
88
103
113
122
127
126
128
122
118
106
94
78
61
49
28
16
6
-3
-5
-11
-12
-19
-25
-32
-48
-64
-75
-88
-105
-122
-142
-164
-182
-193
-202
-209
-203
-194
-179
-167
-147
-131
-113
-91
-74
-55
-42
-29
-23
-20
-20
-21
-25
-27
-25
-16
-7
9
27
48
74
99
134
166
199
230
258
284
301
308
315
320
312
298
289
273
254
236
218
199
177
159
152
147
138
138
137
133
129
129
131
127
123
119
118
115
103
96
89
82
78
74
77
78
81
92
92
98
103
107
112
109
107
103
96
83
74
65
52
38
27
21
13
11
8
6
6
5
4
5
-2
-8
-15
-31
-45
-56
-71
-84
-93
-106
-107
-108
-103
-86
-76
-56
-31
-10
10
30
49
59
66
66
67
61
55
44
31
11
-9
-23
-38
-49
-65
-76
-85
-95
-100
-104
-109
-118
-121
-122
-124
-122
-122
-120
-120
-119
-112
-109
-106
-103
-98
-96
-93
-89
-83
-82
-77
-72
-64
-60
-54
-46
-42
-41
-38
-39
-39
-47
-55
-67
-83
-98
-116
-132
-144
-158
-170
-172
-171
-167
-160
-141
-125
-105
-82
-63
-44
-23
-9
-3
-1
-1
-9
-23
-36
-55
-72
-95
-113
-127
-143
-152
-158
-160
-159
-156
-151
-137
-127
-120
-113
-101
-97
-93
-85
-83
-83
-76
-68
-62
-56
-43
-33
-20
-3
17
38
60
84
107
130
152
174
196
215
232
245
255
264
271
276
273
270
269
270
269
268
270
269
272
273
281
288
290
294
297
294
291
279
259
239
206
170
133
93
52
10
-28
-69
-111
-145
-170
-192
-208
-218
-232
-242
-249
-262
-280
-302
-330
-362
-402
-444
-484
-532
-579
-620
-655
-682
-686
-678
-653
-611
-557
-478
-388
-295
-190
-86
16
115
204
290
350
401
439
455
459
454
437
415
387
358
327
296
268
242
223
203
187
170
161
146
127
113
92
70
48
26
7
-9
-25
-42
-52
-63
-71
-74
-75
-80
-88
-96
-106
-123
-145
-170
-203
-235
-263
-294
-324
-351
-374
-395
-405
-405
-399
-383
-360
-331
-296
-259
-216
-173
-129
-86
-54
-20
12
37
54
65
65
62
55
42
28
13
-5
-27
-48
-66
-82
-99
-111
-122
-135
-139
-141
-139
-138
-140
-139
-137
-137
-138
-138
-144
-148
-157
-168
-175
-189
-199
-213
-227
-236
-248
-253
-257
-262
-265
-267
-264
-260
-257
-250
-243
-238
-232
-228
-224
-224
-220
-216
-213
-202
-199
-189
-179
-167
-159
-150
-138
-126
-115
-101
-91
-85
-80
-78
-78
-81
-86
-96
-105
-118
-133
-153
-176
-199
-224
-249
-273
-303
-330
-356
-381
-406
-429
-448
-465
-481
-495
-506
-516
-521
-525
-532
-532
-531
-531
-525
-521
-520
-517
-516
-517
-512
-508
-504
-497
-490
-479
-465
-452
-436
-412
-393
-364
-338
-310
-280
-250
-222
-193
-164
-138
-112
-83
-52
-35
-13
13
34
54
79
99
117
133
154
173
192
206
220
233
245
254
260
268
275
283
285
289
292
300
305
308
317
326
331
342
357
367
376
385
397
409
414
418
425
424
427
430
430
435
432
434
435
434
438
439
441
441
448
451
453
458
463
469
476
488
498
508
522
537
552
568
581
603
625
641
664
689
704
721
740
755
773
781
792
804
808
812
816
815
816
811
812
802
799
800
787
785
778
775
768
761
757
753
747
738
732
726
717
702
692
680
667
654
638
621
604
582
567
550
534
517
504
490
473
457
446
431
421
413
400
384
367
359
343
327
315
301
290
281
269
255
242
231
220
211
203
193
183
177
165
153
145
136
125
114
107
94
79
74
61
45
35
24
14
4
-3
-10
-15
-16
-20
-22
-26
-22
-19
-20
-16
-15
-20
-22
-25
-35
-36
-47
-57
-65
-76
-85
-96
-111
-123
-134
-144
-154
-168
-179
-191
-210
-220
-235
-249
-267
-279
-295
-315
-330
-340
-353
-362
-369
-382
-387
-395
-396
-398
-396
-387
-387
-383
-376
-369
-364
-355
-348
-342
-334
-329
-322
-318
-311
-306
-306
-297
-292
-285
-276
-266
-263
-254
-244
-240
-230
-219
-214
-213
-211
-208
-206
-203
-200
-206
-209
-213
-213
-219
-216
-219
-224
-220
-223
-222
-216
-215
-219
-214
-213
-211
-210
-207
-203
-209
-208
-203
-199
-194
-185
-185
-183
-178
-172
-162
-158
-150
-145
-138
-132
-125
-116
-117
-110
-105
-103
-104
-100
-101
-100
-97
-100
-99
-99
-92
-90
-85
-82
-75
-71
-66
-54
-45
-39
-31
-17
-12
-6
2
6
9
15
23
22
28
34
34
40
46
51
52
53
61
56
56
59
60
60
55
44
35
27
18
8
-5
-16
-30
-48
-59
-78
-91
-107
-117
-134
-153
-162
-174
-185
-200
-206
-222
-232
-236
-246
-251
-261
-262
-266
-266
-263
-258
-257
-250
-237
-231
-218
-203
-185
-176
-162
-145
-129
-110
-98
-83
-70
-57
-47
-38
-29
-22
-17
-14
-8
-7
-4
-3
-4
-4
-1
-3
-2
-4
-10
-10
-10
-13
-18
-27
-36
-45
-52
-57
-67
-70
-79
-88
-93
-99
-109
-109
-109
-114
-124
-128
-128
-133
-134
-136
-143
-151
-154
-154
-162
-164
-162
-168
-169
-165
-163
-162
-160
-157
-160
-155
-146
-142
-134
-133
-134
-129
-130
-125
-125
-124
-118
-117
-120
-114
-107
-114
-111
-114
-119
-118
-115
-113
-117
-121
-124
-132
-133
-135
-138
-146
-146
-148
-155
-162
-165
-171
-185
-189
-197
-204
-210
-214
-224
-236
-245
-255
-262
-275
-281
-291
-307
-317
-329
-341
-351
-359
-372
-391
-398
-402
-412
-417
-423
-434
-444
-442
-439
-439
-434
-429
-427
-418
-408
-392
-384
-365
-347
-341
-325
-295
-270
-250
-226
-204
-180
-157
-123
-87
-61
-32
-1
36
65
94
134
162
190
223
254
288
321
354
378
399
426
451
474
500
524
543
558
577
598
616
626
638
647
651
662
670
671
673
665
658
652
639
627
612
593
572
551
524
502
474
442
409
373
343
306
270
230
188
150
115
77
35
-6
-44
-82
-118
-150
-183
-216
-249
-277
-306
-331
-356
-376
-393
-408
-425
-440
-445
-449
-459
-471
-467
-465
-458
-446
-439
-427
-421
-407
-391
-378
-360
-343
-326
-303
-283
-260
-235
-217
-189
-171
-147
-124
-100
-71
-53
-34
-16
3
23
40
59
76
88
105
116
122
129
137
147
149
151
155
158
159
160
157
149
145
143
136
135
128
125
119
111
110
102
93
87
82
76
75
72
67
67
62
63
56
58
63
59
61
61
64
67
72
76
81
81
89
97
106
110
119
126
132
145
151
162
174
185
189
198
213
219
227
241
246
255
260
269
278
283
298
302
306
316
326
335
338
344
351
359
370
381
387
393
401
407
414
421
435
441
450
459
460
471
475
483
492
497
501
509
513
522
527
526
524
523
524
523
522
524
522
518
515
512
514
509
497
492
487
478
481
473
467
463
449
441
433
428
419
413
406
402
395
390
381
376
370
355
346
335
330
322
315
305
290
281
276
260
247
232
220
207
186
175
163
144
124
107
90
71
55
39
15
-9
-27
-48
-69
-82
-105
-129
-149
-163
-183
-199
-215
-238
-255
-275
-287
-304
-317
-335
-344
-359
-369
-378
-395
-406
-414
-424
-440
-453
-462
-472
-484
-498
-512
-526
-537
-551
-565
-582
-600
-608
-632
-647
-662
-681
-699
-719
-736
-756
-781
-798
-818
-842
-859
-880
-898
-916
-932
-947
-963
-976
-981
-993
-1005
-1009
-1016
-1011
-1007
-1000
-990
-987
-985
-970
-954
-935
-918
-895
-879
-854
-824
-799
-771
-743
-712
-682
-647
-620
-588
-555
-526
-496
-460
-430
-399
-369
-343
-317
-283
-257
-227
-200
-170
-144
-122
-91
-66
-42
-18
9
28
49
70
94
122
142
163
186
206
230
254
280
305
325
349
371
402
428
450
469
496
517
539
564
586
609
626
645
664
681
696
710
727
739
746
759
768
778
778
777
784
784
785
785
781
773
766
762
754
744
738
726
715
704
687
674
660
645
633
616
599
583
568
549
530
514
496
482
470
460
445
428
417
403
390
381
373
366
360
348
337
328
320
317
306
298
294
285
279
271
265
258
256
246
235
229
222
215
211
202
193
182
176
174
169
161
151
148
141
134
136
128
121
115
110
103
96
93
82
78
78
67
59
51
41
34
25
14
-1
-11
-19
-32
-44
-66
-82
-100
-118
-136
-158
-175
-196
-213
-232
-257
-277
-290
-314
-332
-349
-363
-377
-389
-397
-407
-416
-421
-423
-420
-418
-420
-415
-407
-402
-390
-375
-368
-350
-338
-323
-308
-296
-280
-264
-249
-240
-225
-204
-193
-176
-168
-164
-151
-145
-134
-127
-121
-112
-105
-100
-91
-88
-82
-76
-68
-64
-66
-57
-56
-52
-48
-44
-44
-41
-35
-31
-33
-28
-32
-32
-34
-30
-31
-41
-42
-50
-56
-56
-61
-70
-80
-90
-96
-104
-106
-119
-124
-132
-134
-138
-142
-142
-147
-151
-159
-159
-162
-162
-160
-158
-161
-161
-157
-156
-156
-156
-158
-158
-149
-147
-143
-142
-142
-138
-136
-135
-133
-129
-121
-118
-118
-114
-114
-115
-116
-117
-123
-128
-133
-145
-153
-168
-193
-220
-250
-278
-311
-351
-392
-437
-492
-544
-604
-663
-720
-792
-853
-923
-989
-1050
-1114
-1177
-1243
-1302
-1356
-1405
-1452
-1491
-1528
-1550
-1562
-1576
-1573
-1571
-1553
-1534
-1506
-1466
-1422
-1364
-1306
-1239
-1170
-1093
-1017
-934
-847
-765
-675
-593
-500
-415
-327
-239
-160
-79
-7
75
143
214
282
338
396
450
501
545
590
627
668
703
734
768
792
823
844
871
894
911
932
947
964
976
989
1002
1019
1026
1032
1043
1047
1054
1057
1061
1065
1064
1067
1070
1068
1069
1070
1068
1065
1057
1053
1052
1049
1044
1038
1034
1029
1029
1027
1021
1012
1005
1007
999
991
986
978
965
958
955
942
936
918
906
891
871
863
844
837
819
800
782
766
750
733
726
706
692
678
666
656
643
633
621
617
606
595
592
581
577
572
559
552
547
537
531
522
511
500
487
477
465
448
430
415
397
383
363
348
329
306
293
273
260
239
217
200
179
162
144
131
113
101
88
69
52
34
26
6
-1
-15
-24
-29
-42
-41
-55
-60
-70
-71
-77
-86
-83
-95
-95
-101
-105
-105
-109
-110
-114
-111
-111
-105
-106
-107
-105
-103
-95
-90
-85
-91
-84
-83
-77
-77
-75
-70
-70
-64
-67
-68
-74
-74
-73
-75
-84
-90
-93
-98
-103
-111
-121
-130
-133
-139
-147
-148
-155
-161
-163
-167
-165
-175
-171
-175
-179
-174
-176
-173
-177
-171
-174
-172
-173
-168
-168
-174
-167
-167
-162
-163
-161
-159
-156
-153
-150
-145
-145
-141
-140
-136
-129
-127
-120
-121
-112
-107
-106
-99
-98
-92
-84
-77
-70
-65
-59
-48
-39
-35
-31
-24
-20
-11
-8
-6
0
2
10
15
14
19
16
21
24
24
29
28
29
28
31
26
30
28
29
30
27
33
32
32
30
32
36
39
39
37
40
45
47
47
49
45
45
55
53
54
51
51
50
50
55
50
52
52
51
49
44
40
37
32
31
25
18
14
1
-2
-12
-19
-22
-31
-40
-44
-51
-57
-71
-84
-91
-103
-108
-119
-128
-132
-141
-148
-156
-166
-174
-183
-185
-196
-199
-201
-212
-213
-222
-226
-235
-241
-244
-250
-253
-257
-262
-267
-272
-281
-283
-282
-290
-291
-298
-302
-309
-313
-314
-324
-327
-332
-335
-340
-348
-354
-356
-361
-368
-371
-375
-381
-384
-391
-390
-393
-395
-395
-395
-397
-402
-402
-396
-392
-396
-396
-396
-391
-382
-385
-384
-379
-378
-374
-376
-382
-376
-370
-370
-374
-374
-376
-369
-372
-379
-383
-387
-387
-389
-396
-401
-403
-405
-414
-418
-419
-422
-422
-427
-429
-430
-429
-432
-429
-429
-432
-425
-418
-411
-407
-405
-396
-382
-373
-366
-359
-346
-327
-319
-309
-296
-284
-262
-253
-246
-236
-219
-204
-193
-188
-177
-161
-150
-132
-127
-120
-107
-97
-92
-86
-80
-72
-64
-59
-59
-59
-46
-36
-31
-30
-27
-24
-15
-10
-10
-7
-4
4
5
6
10
14
20
20
21
23
26
34
43
51
56
60
68
80
93
97
105
114
125
134
135
146
158
169
179
187
192
207
224
233
245
244
254
268
278
287
286
295
311
322
323
325
335
352
361
366
375
376
384
391
400
401
407
412
417
422
419
426
436
437
442
442
441
448
452
453
453
455
453
452
449
445
447
447
443
441
444
440
434
431
425
421
426
418
410
403
397
398
391
387
379
374
382
373
363
358
352
356
354
348
337
330
334
335
330
319
312
314
317
308
298
289
286
283
271
257
245
251
253
241
218
210
209
209
203
189
179
177
171
162
148
146
149
143
133
121
119
119
112
100
97
95
93
89
89
83
80
77
76
81
76
68
68
64
61
64
59
53
53
55
49
46
43
43
40
38
28
21
22
21
25
21
15
13
11
6
3
-1
-3
-3
-7
-12
-13
-14
-11
-13
-20
-26
-26
-22
-27
-27
-35
-36
-28
-30
-30
-34
-32
-28
-31
-31
-31
-31
-26
-31
-27
-30
-29
-24
-26
-28
-30
-25
-32
-33
-29
-30
-31
-32
-36
-37
-36
-37
-38
-41
-40
-42
-44
-44
-46
-43
-46
-45
-45
-52
-50
-48
-52
-57
-54
-52
-56
-52
-51
-55
-55
-55
-51
-51
-55
-59
-57
-55
-54
-55
-57
-55
-52
-57
-57
-52
-49
-49
-51
-51
-49
-42
-40
-37
-39
-39
-37
-40
-33
-32
-30
-26
-29
-26
-22
-13
-11
-14
-14
-13
-10
-7
-3
-2
0
-1
1
6
4
10
13
11
11
12
15
18
16
19
17
17
17
15
17
17
17
17
14
14
20
22
19
16
14
16
16
19
13
10
6
8
14
11
14
9
12
15
13
15
14
13
11
8
8
12
13
12
11
7
8
9
12
11
6
9
10
11
17
16
13
15
13
16
18
21
19
18
20
18
20
24
27
32
29
29
27
29
30
28
33
31
28
28
28
30
29
26
25
23
22
22
22
23
23
18
13
10
13
14
5
1
-2
2
1
0
-2
-7
-8
-13
-12
-13
-12
-14
-20
-24
-29
-27
-24
-27
-34
-39
-36
-38
-37
-36
-39
-39
-42
-43
-40
-45
-44
-44
-50
-47
-50
-49
-47
-49
-47
-52
-48
-45
-48
-44
-50
-51
-47
-50
-44
-44
-45
-47
-48
-52
-54
-52
-48
-51
-57
-55
-58
-59
-63
-66
-68
-68
-68
-78
-79
-83
-87
-89
-96
-99
-98
-100
-103
-110
-114
-116
-115
-117
-124
-129
-136
-137
-141
-142
-147
-148
-147
-155
-154
-159
-160
-160
-164
-167
-169
-166
-165
-171
-169
-175
-177
-173
-172
-173
-172
-170
-168
-166
-164
-161
-160
-158
-155
-160
-154
-151
-147
-143
-144
-140
-140
-134
-133
-132
-128
-129
-125
-125
-120
-120
-121
-116
-117
-114
-111
-112
-112
-112
-109
-108
-111
-106
-106
-104
-103
-106
-103
-102
-104
-99
-98
-100
-100
-101
-97
-100
-95
-94
-94
-88
-91
-84
-83
-81
-77
-78
-71
-69
-59
-54
-54
-48
-45
-33
-28
-25
-14
-13
-2
4
11
26
30
39
51
56
68
72
83
93
99
111
115
123
135
143
150
158
162
169
178
187
192
199
198
203
212
218
223
225
227
229
237
235
236
246
242
243
243
241
247
247
244
245
234
239
239
237
239
227
230
227
222
226
224
221
218
208
208
207
206
207
202
201
195
191
193
194
190
186
184
182
182
182
180
180
174
174
176
175
176
179
173
171
172
170
171
171
172
170
168
161
166
165
170
173
167
166
163
166
167
167
166
160
161
162
161
165
161
158
154
153
155
152
153
148
143
142
140
138
136
131
128
122
116
113
109
109
103
96
89
85
82
81
71
69
62
52
51
42
38
34
29
23
14
14
12
7
0
-7
-12
-11
-15
-11
-17
-22
-24
-26
-22
-24
-24
-28
-30
-32
-34
-32
-27
-25
-29
-30
-30
-26
-24
-23
-23
-24
-24
-25
-23
-22
-24
-21
-22
-25
-27
-25
-20
-19
-22
-26
-29
-31
-30
-31
-36
-43
-45
-46
-45
-47
-53
-58
-64
-69
-72
-72
-73
-78
-86
-95
-96
-97
-101
-103
-107
-112
-118
-118
-118
-117
-124
-128
-132
-130
-127
-125
-129
-132
-134
-134
-132
-132
-131
-131
-137
-139
-134
-129
-127
-124
-127
-128
-124
-124
-118
-114
-114
-117
-113
-113
-106
-101
-101
-99
-97
-99
-95
-86
-83
-83
-84
-80
-82
-79
-68
-70
-73
-74
-74
-74
-71
-64
-68
-68
-69
-74
-76
-69
-66
-69
-76
-82
-81
-77
-78
-81
-83
-85
-90
-88
-88
-88
-90
-95
-98
-97
-93
-93
-96
-95
-95
-95
-92
-87
-84
-85
-86
-88
-82
-77
-73
-69
-73
-68
-67
-59
-53
-49
-44
-45
-47
-44
-37
-32
-26
-28
-26
-24
-16
-8
-8
-9
-9
-8
-6
-2
6
7
6
8
8
12
15
19
13
13
11
10
19
21
18
16
13
14
17
18
15
14
15
15
15
16
17
22
16
10
9
13
18
17
16
15
14
13
17
17
23
20
18
23
24
27
26
26
24
27
29
31
35
36
36
33
36
43
44
49
51
44
50
52
58
61
59
56
61
63
65
72
73
74
67
69
74
78
85
85
82
85
84
85
87
90
88
88
85
88
88
93
95
86
87
86
90
90
89
91
88
82
82
85
87
86
82
80
77
77
80
81
81
79
77
75
76
80
82
83
75
73
76
84
83
80
81
80
85
83
93
91
86
86
82
87
87
90
90
84
83
81
82
81
79
79
72
72
73
72
72
73
66
64
67
64
62
62
59
55
56
57
61
62
60
57
55
54
57
61
55
55
52
52
55
57
55
52
48
44
45
44
46
41
39
35
33
30
25
29
24
22
14
10
11
7
6
-1
-2
-2
-5
-8
-8
-7
-11
-14
-18
-22
-21
-23
-26
-29
-29
-30
-32
-32
-37
-36
-36
-40
-41
-39
-41
-40
-40
-45
-41
-39
-43
-43
-47
-50
-50
-52
-51
-49
-51
-52
-50
-52
-55
-54
-57
-61
-58
-59
-60
-58
-63
-67
-69
-77
-78
-78
-79
-75
-81
-82
-85
-88
-88
-88
-89
-98
-95
-96
-98
-95
-95
-101
-105
-102
-106
-105
-101
-103
-105
-106
-106
-105
-103
-106
-107
-105
-106
-105
-108
-103
-100
-104
-98
-100
-102
-103
-97
-98
-98
-95
-99
-91
-89
-93
-89
-88
-87
-88
-85
-80
-79
-79
-81
-75
-72
-70
-68
-67
-65
-64
-60
-56
-51
-51
-56
-52
-49
-48
-47
-45
-42
-38
-37
-42
-41
-34
-30
-32
-37
-36
-33
-28
-31
-36
-28
-29
-32
-26
-26
-26
-32
-26
-28
-25
-24
-27
-22
-22
-16
-19
-21
-18
-16
-12
-8
-6
-7
-3
1
6
7
8
13
16
17
25
26
32
35
31
31
32
38
42
44
46
48
56
56
57
60
56
57
60
61
57
64
64
66
71
66
64
66
73
70
67
62
64
71
70
65
64
71
70
61
62
69
69
63
69
70
68
64
63
64
62
65
67
70
72
74
70
68
63
62
65
71
73
74
77
71
70
72
74
73
76
70
71
77
77
79
74
78
74
72
74
73
73
74
74
71
76
83
72
65
66
66
62
64
62
63
64
58
57
56
55
56
54
52
51
50
48
49
48
41
39
36
33
29
28
27
24
15
12
18
16
9
6
2
-2
-4
-6
-6
-7
-13
-22
-22
-18
-18
-19
-18
-22
-20
-22
-28
-24
-24
-24
-21
-23
-24
-22
-22
-19
-24
-24
-18
-25
-24
-23
-22
-22
-22
-24
-21
-20
-25
-26
-25
-28
-32
-33
-33
-34
-36
-39
-38
-41
-40
-38
-46
-48
-50
-53
-57
-57
-58
-61
-62
-63
-66
-70
-75
-72
-72
-75
-72
-73
-78
-78
-76
-79
-78
-77
-76
-78
-74
-75
-80
-79
-79
-74
-72
-71
-71
-71
-73
-67
-67
-69
-66
-68
-63
-61
-65
-65
-65
-59
-55
-56
-55
-57
-58
-56
-56
-58
-54
-54
-53
-54
-52
-48
-49
-49
-48
-49
-42
-42
-45
-42
-42
-39
-37
-36
-31
-30
-31
-32
-34
-27
-26
-26
-28
-29
-30
-30
-24
-26
-28
-23
-24
-23
-20
-24
-23
-24
-24
-25
-24
-23
-20
-18
-20
-21
-24
-16
-8
-11
-10
-10
-12
-9
-6
-5
-3
-4
-5
-6
-4
1
3
3
2
3
4
8
16
11
18
18
19
17
18
24
19
24
25
26
31
30
31
33
32
30
32
39
44
41
38
35
35
39
43
41
37
33
34
38
40
43
39
36
37
35
38
40
39
40
37
36
42
42
46
48
42
40
44
51
52
52
51
52
54
51
53
52
54
56
51
50
51
56
54
53
53
52
55
53
51
52
54
55
50
54
54
55
52
50
54
53
54
54
52
55
54
54
57
53
56
54
52
53
51
58
54
50
48
45
48
49
47
47
42
42
43
39
43
42
35
35
32
30
28
27
25
25
23
25
26
27
28
22
21
17
13
18
17
17
15
9
9
8
12
9
3
1
1
4
8
3
1
1
-3
-4
-1
0
-2
-5
-9
-12
-11
-12
-9
-9
-16
-19
-15
-11
-7
-6
-8
-14
-19
-19
-16
-20
-18
-21
-24
-20
-25
-25
-25
-26
-29
-30
-33
-31
-32
-34
-35
-40
-38
-39
-41
-41
-43
-43
-43
-40
-38
-35
-39
-43
-45
-42
-38
-41
-38
-45
-47
-52
-50
-43
-41
-41
-44
-48
-46
-43
-39
-40
-45
-46
-50
-47
-48
-44
-45
-50
-49
-45
-43
-45
-41
-43
-40
-37
-39
-35
-31
-27
-32
-35
-36
-28
-24
-27
-24
-28
-24
-25
-21
-18
-20
-23
-22
-21
-21
-15
-16
-13
-19
-20
-14
-12
-13
-14
-15
-20
-12
-11
-5
-8
-11
-13
-16
-13
-10
-7
-10
-9
-8
-11
-2
-3
-3
-2
-6
-9
-4
1
0
2
1
-4
-5
2
4
6
5
3
4
3
6
13
13
10
10
12
13
18
18
17
14
14
18
25
27
25
29
23
23
27
30
34
32
32
29
30
30
30
35
32
30
33
36
39
39
40
42
44
42
42
47
46
46
41
43
43
44
51
48
48
47
48
52
55
59
52
50
49
49
49
50
49
48
49
45
47
46
50
50
50
45
45
48
51
53
50
50
50
50
49
47
45
44
45
46
48
48
45
44
45
46
46
46
44
48
45
35
34
37
38
37
36
38
34
36
37
36
37
32
32
31
30
31
32
29
23
23
23
23
22
24
16
15
14
14
14
12
8
7
10
6
6
5
7
4
-2
-3
-3
-5
-3
-3
-5
-9
-13
-12
-11
-12
-18
-19
-20
-22
-23
-24
-26
-25
-29
-33
-35
-35
-42
-38
-38
-43
-39
-43
-48
-52
-52
-54
-54
-52
-54
-55
-52
-54
-53
-58
-54
-51
-52
-54
-59
-59
-59
-60
-63
-59
-58
-61
-58
-59
-55
-58
-53
-51
-52
-53
-60
-57
-58
-58
-61
-63
-66
-67
-63
-62
-65
-68
-65
-66
-64
-66
-66
-64
-65
-66
-69
-63
-69
-67
-63
-66
-65
-70
-68
-67
-67
-66
-65
-65
-66
-67
-63
-62
-59
-55
-59
-57
-60
-60
-60
-58
-50
-48
-51
-57
-48
-43
-44
-39
-38
-38
-38
-34
-30
-28
-27
-23
-23
-22
-22
-23
-17
-20
-20
-16
-19
-19
-12
-11
-13
-8
-8
-10
-9
-12
-12
-10
-7
-3
4
7
5
8
5
5
8
9
13
11
12
15
14
19
19
25
27
26
23
21
20
23
24
25
28
26
26
28
26
31
31
29
32
34
38
30
34
35
38
42
44
44
40
44
43
47
49
50
52
49
50
50
56
54
62
66
60
62
60
59
63
66
66
66
67
65
67
64
63
62
58
59
58
62
63
62
63
58
57
60
63
63
58
54
52
49
52
54
51
48
48
47
45
49
49
49
43
39
43
43
43
40
37
36
37
36
39
37
39
38
35
37
36
37
37
35
32
33
38
36
38
35
33
32
25
27
28
28
30
27
27
23
21
20
20
20
17
14
17
17
14
12
10
4
5
9
7
8
6
4
-2
-2
3
-2
-4
-5
-11
-10
-9
-9
-10
-11
-15
-20
-20
-21
-16
-19
-24
-25
-27
-26
-26
-28
-32
-31
-30
-30
-31
-30
-29
-32
-34
-31
-34
-32
-31
-33
-35
-34
-36
-36
-32
-32
-36
-38
-34
-34
-31
-33
-33
-30
-34
-35
-36
-32
-31
-29
-29
-34
-31
-34
-31
-32
-33
-32
-38
-39
-34
-34
-33
-32
-35
-37
-35
-37
-38
-37
-37
-37
-39
-39
-39
-36
-38
-37
-34
-38
-38
-38
-39
-35
-37
-37
-36
-36
-33
-33
-30
-30
-29
-33
-31
-29
-30
-28
-29
-27
-32
-28
-26
-23
-24
-24
-22
-23
-20
-24
-18
-21
-24
-23
-23
-17
-14
-12
-12
-13
-11
-8
-9
-8
-7
-5
-9
-7
-3
-3
-3
-3
-2
-4
-1
2
0
2
2
-2
4
6
9
10
9
6
5
8
5
9
10
7
8
10
7
8
7
8
7
8
8
9
10
2
3
10
9
9
13
13
10
7
8
11
12
11
11
9
6
8
12
15
17
14
12
15
17
20
24
23
21
19
16
19
27
29
23
24
23
20
28
28
27
25
25
28
26
27
25
30
32
29
29
31
29
25
26
24
26
26
27
29
24
25
21
21
27
26
25
23
23
21
17
22
23
19
18
18
19
17
19
16
12
15
10
13
15
12
12
7
13
13
11
15
14
12
10
6
8
14
15
14
12
12
13
14
17
14
13
10
9
10
13
15
8
10
11
10
12
12
14
15
16
14
18
16
17
17
14
13
13
12
16
18
15
12
10
12
12
10
13
10
8
7
9
9
10
11
6
4
2
0
0
0
0
-2
-5
-5
-7
-4
-2
-3
-6
-8
-4
-5
-5
-4
-2
-3
-8
-11
-9
-5
-9
-2
-4
-8
-6
-8
-10
-8
-6
-8
-7
-11
-9
-9
-8
-7
-7
-5
-8
-8
-9
-10
-10
-9
-7
-10
-13
-11
-11
-12
-11
-11
-13
-15
-14
-16
-13
-15
-12
-10
-15
-14
-15
-16
-15
-18
-19
-16
-17
-18
-20
-20
-20
-22
-20
-22
-23
-22
-23
-24
-19
-23
-27
-26
-23
-19
-19
-19
-18
-18
-17
-19
-16
-15
-17
-16
-19
-17
-14
-16
-18
-16
-16
-14
-11
-12
-9
-6
-2
-2
-5
-5
-6
-4
-4
1
0
-1
3
6
7
6
9
5
7
7
11
13
10
12
10
12
8
11
13
11
13
9
10
9
11
10
5
7
8
9
9
7
7
5
10
6
5
10
12
6
8
10
12
17
18
16
16
12
13
17
15
18
16
17
15
17
20
20
21
19
17
20
22
20
22
22
22
22
20
21
25
21
20
22
23
18
19
21
19
21
20
20
18
19
21
21
17
16
16
12
15
17
16
12
9
9
13
10
10
11
8
8
5
2
1
5
2
0
1
-4
-6
-4
-6
-1
-2
-2
-1
-5
-6
-8
-8
-10
-12
-14
-12
-13
-12
-14
-18
-19
-17
-16
-18
-17
-11
-10
-10
-8
-12
-15
-14
-11
-10
-8
-7
-10
-12
-13
-7
-4
-5
-8
-12
-10
-9
-6
-7
-9
-7
-9
-7
-8
-12
-10
-13
-15
-14
-13
-12
-13
-14
-18
-14
-16
-15
-16
-20
-19
-20
-21
-22
-25
-23
-23
-23
-25
-22
-20
-22
-22
-20
-16
-18
-19
-17
-15
-18
-16
-18
-18
-17
-18
-15
-17
-14
-14
-12
-7
-10
-11
-11
-12
-11
-9
-7
-9
-9
-14
-10
-7
-7
-3
-5
-4
-5
-1
-4
-2
-2
-6
-7
-7
-7
-3
-4
-7
-4
-5
-3
3
1
-1
-2
-9
-8
-6
-1
-1
0
-3
-5
-1
-3
1
3
-1
-1
2
1
4
4
-1
-1
0
-1
-2
-1
0
-2
-5
-3
-5
-1
3
-1
1
1
2
1
0
1
2
-2
-4
1
1
2
4
0
0
3
4
5
7
7
7
2
2
5
5
6
3
-1
1
2
7
9
10
12
12
12
13
13
8
10
12
7
11
12
9
9
8
4
6
6
7
11
5
6
5
1
6
1
1
0
1
3
3
6
6
4
0
2
3
4
4
6
7
5
7
6
7
5
6
10
8
5
7
6
8
8
5
8
11
12
13
10
9
9
6
6
5
7
7
10
7
4
6
8
11
9
7
6
3
4
5
3
2
3
5
4
5
5
3
4
4
2
6
7
5
6
4
2
4
6
7
5
6
5
10
10
12
11
8
7
4
2
1
3
3
5
5
6
6
6
6
2
2
3
3
3
2
0
2
2
3
1
5
2
1
0
1
2
0
-2
-1
2
0
3
4
0
0
1
3
2
-2
1
4
-1
1
1
-3
-5
-2
2
-1
-2
-3
-7
-12
-5
-8
-7
-8
-8
-6
-5
-2
-6
-7
-7
-5
-5
-6
-4
-3
-2
-4
-3
-3
-1
0
-4
-1
0
-1
3
-1
3
2
-2
-1
1
2
1
4
4
4
3
4
8
2
0
-3
-4
-1
2
1
2
1
-3
2
-3
-1
-1
3
2
-6
-4
-5
-4
-5
-7
-4
-4
-3
-4
-5
-2
-3
-3
-7
-4
-2
-4
1
2
3
0
-4
0
3
2
5
4
7
6
6
11
8
9
7
4
8
8
9
10
11
7
6
7
8
5
5
3
6
8
5
5
0
4
0
1
5
5
5
3
2
2
1
0
-1
-4
-1
-1
-1
1
1
-5
-3
-2
-5
-1
-5
-5
-4
-4
-5
-5
-4
-3
-4
-4
-3
-4
-6
-4
-2
-3
2
-3
0
2
0
2
4
3
4
7
4
5
7
5
4
3
2
3
7
5
5
3
5
2
6
6
6
8
8
7
6
4
3
5
4
4
3
1
3
1
0
0
0
-1
-1
-1
-4
-2
-7
-8
-7
-7
-3
-3
-7
-7
-11
-13
-10
-14
-13
-10
-12
-12
-10
-11
-16
-12
-9
-15
-17
-16
-12
-13
-12
-10
-9
-9
-3
0
-4
-4
-8
-3
-2
-3
-1
-3
-3
0
-2
-1
1
1
5
3
2
1
3
7
6
7
2
2
5
6
5
6
4
2
3
1
1
-1
-1
-2
-5
-3
-5
-8
-6
-8
-11
-10
-12
-10
-10
-12
-14
-14
-13
-10
-11
-11
-13
-14
-13
-15
-12
-12
-13
-12
-13
-10
-9
-9
-5
-2
-4
-6
-5
-2
-1
-2
1
-1
-5
0
-1
3
0
-2
2
-2
4
3
7
5
6
7
5
5
4
6
5
7
4
8
4
4
5
4
5
4
5
4
3
4
4
1
3
1
2
1
-3
-3
1
2
2
3
0
1
3
-1
-1
2
4
4
0
3
-1
1
2
2
3
1
2
4
1
3
4
4
3
1
4
7
5
6
8
8
6
3
8
2
7
9
9
10
6
10
10
10
9
5
5
7
6
6
6
7
8
7
10
10
7
9
8
2
1
6
3
2
6
4
4
2
4
4
0
3
3
4
4
1
3
2
-1
0
3
0
3
