4
2
2
1
3
5
3
2
2
3
4
6
3
1
3
4
3
2
5
6
5
8
6
7
6
2
4
3
2
5
5
0
2
3
2
2
2
2
0
2
1
1
1
2
4
-2
0
3
3
1
1
2
0
1
-2
-5
-3
0
-1
-1
-1
-2
-2
-2
3
-2
-1
2
0
1
-2
-4
1
-2
-3
-2
-4
-2
-3
-1
-1
1
2
-2
0
-1
1
-1
1
0
-1
-2
-4
1
0
0
1
0
-1
0
0
1
0
2
0
1
4
1
2
1
-2
-6
-4
-6
-4
0
-3
-3
-2
-2
0
-2
-1
0
-3
-3
-5
-5
-9
-3
-8
-8
-4
-10
-6
-7
-6
-3
-5
-7
-7
-5
-1
-4
-2
5
-2
-3
-4
-3
-1
-3
-2
-3
-3
-2
-3
-6
-4
-4
-4
-4
-5
-5
-4
-5
-6
-4
-5
-4
-3
-3
-3
-2
-4
-5
-5
-4
-5
-2
0
-3
-1
-2
-1
0
-3
-1
-1
0
4
1
-2
1
-1
-1
0
-1
-2
0
0
1
-1
-2
2
-1
0
3
4
2
1
0
-3
-2
-2
1
-5
-1
0
-1
-3
-3
1
1
2
-1
-1
-1
-3
-2
0
0
-1
-2
-3
-1
0
-1
-4
-2
-2
-1
1
-2
-3
-1
-1
-3
1
-3
-1
0
0
1
-1
-2
-1
3
1
2
0
2
2
4
3
1
2
1
1
3
5
2
2
5
3
3
5
3
6
3
5
6
1
-1
3
4
4
10
6
5
8
4
3
7
7
5
7
7
7
6
5
7
5
6
5
7
7
7
6
2
5
5
7
7
7
7
8
9
7
7
7
8
8
11
8
7
6
9
11
11
10
6
8
9
7
8
8
8
9
8
12
7
6
10
8
5
7
8
6
6
11
8
5
4
6
8
6
7
8
8
4
4
4
5
4
3
3
0
2
3
3
2
2
3
2
0
3
1
2
1
0
-1
-2
1
1
3
0
-3
-1
-1
1
0
-3
-2
-3
-2
-3
-4
-2
-2
-4
-5
-3
-2
-6
-7
-7
-5
-7
-7
-4
-9
-8
-6
-9
-9
-8
-11
-7
-6
-11
-11
-5
-8
-13
-11
-12
-8
-10
-10
-11
-10
-7
-8
-9
-9
-5
-6
-7
-7
-8
-8
-9
-6
-10
-12
-9
-8
-10
-10
-10
-8
-9
-8
-7
-9
-10
-9
-9
-8
-9
-9
-4
-6
-3
-3
-7
-4
-3
-6
-5
-5
-5
-3
-5
-4
-4
-8
-6
-8
-8
-6
-10
-11
-7
-7
-6
-5
-7
-4
-6
-6
-7
-6
-5
-6
-3
-5
-4
-3
-4
-7
-4
-4
-5
-3
-1
-3
-2
0
2
1
-4
-2
-1
-1
-3
-1
0
-1
0
-3
-1
-1
-2
-2
0
1
-3
-1
-1
0
4
1
2
0
2
4
7
1
-3
1
2
1
0
3
5
6
5
4
3
6
3
1
5
2
5
-2
3
5
3
5
2
0
-3
4
4
1
2
3
2
2
5
3
4
5
7
10
6
6
7
3
6
4
3
6
2
3
3
5
3
4
4
3
5
4
6
8
8
9
8
4
5
6
4
6
5
7
7
8
8
5
4
6
6
6
3
2
5
7
4
7
9
6
9
5
6
6
3
6
6
4
4
2
3
4
2
6
6
5
8
8
7
7
6
5
8
8
4
5
4
6
6
5
9
4
3
2
2
2
1
6
5
1
0
-2
0
-3
-3
-2
-2
0
-1
0
-3
-2
1
1
-2
1
0
-1
-2
-6
-4
-4
-2
-3
-5
-4
-2
-1
-2
-6
-7
-4
-3
-4
-8
-8
-7
-5
-6
-4
-3
-4
-2
-8
-6
-7
-8
-9
-10
-7
-7
-10
-9
-10
-8
-6
-8
-6
-7
-4
-4
-6
-4
-6
-7
-7
-6
-7
-6
-8
-9
-8
-9
-6
-6
-8
-10
-8
-7
-8
-9
-11
-8
-10
-10
-8
-10
-9
-8
-10
-10
-7
-7
-6
-8
-6
-6
-5
-5
-3
-6
-7
-6
-7
-3
-4
-6
-6
-2
-7
-5
-5
-2
-4
-6
-4
-9
-5
-5
-6
-4
-5
-3
-7
-6
-4
-4
-4
-1
-5
-4
-3
-5
-2
-4
-1
-1
-3
-2
-1
1
-1
-1
-5
0
0
-2
1
-1
1
-1
0
0
1
2
-1
-2
0
1
2
6
6
3
4
4
4
5
4
6
4
5
5
5
1
6
6
3
6
3
5
3
2
2
6
5
5
6
5
4
5
7
6
5
6
5
5
8
5
6
9
6
8
8
8
9
8
9
7
11
9
11
12
9
5
7
4
5
4
6
8
7
7
1
3
7
4
3
4
6
4
5
2
4
8
4
6
3
3
6
7
6
6
8
7
5
2
5
6
6
6
6
9
9
7
6
6
6
8
7
7
7
7
6
6
7
8
8
5
5
6
4
4
9
10
5
6
5
5
5
3
3
5
6
5
4
6
4
3
3
1
0
-1
1
2
0
1
3
4
3
-1
-1
3
2
-1
2
2
-1
1
0
2
1
2
1
-1
2
1
-2
-1
2
2
2
0
1
0
-1
0
-2
2
1
-3
0
-5
-1
-2
-3
-1
-4
-2
-5
-6
-7
-7
-4
-3
-6
-4
1
-3
-3
-1
-2
1
-1
-1
-1
-3
-5
-3
-4
-3
-3
-2
-1
-3
-3
-2
-4
-5
-4
-5
-4
-4
-5
-6
-4
-6
-5
-2
-4
-1
-2
-3
-1
-2
-2
-5
-2
-1
-3
-2
-3
0
-2
-2
-4
-5
-4
-2
-2
-3
-4
-3
-1
-2
-3
-4
-3
-4
-1
-3
-5
-4
-5
-2
-1
-1
-2
-5
-3
-3
-6
-1
-2
-4
-1
-3
-2
-3
-5
-7
-4
-5
-3
-2
-4
0
1
-3
-4
-2
-6
-1
-3
-2
-2
-4
-3
-1
-3
-3
-1
-2
-1
-3
-1
-1
0
3
1
0
-1
-1
1
-2
-2
-2
-3
1
0
2
3
1
4
2
0
1
0
1
1
2
3
0
5
3
4
2
2
5
5
7
5
3
3
3
3
3
1
2
4
1
5
3
4
4
3
3
1
2
4
5
4
5
6
5
3
3
4
3
4
4
4
7
5
7
5
4
6
5
6
5
5
5
4
5
5
4
6
4
0
2
1
1
2
2
2
3
2
4
6
5
8
6
5
4
4
6
6
2
-1
-1
1
8
7
-2
-10
-10
-5
-5
-9
-15
-18
-18
-23
-20
-17
-20
-28
-37
-32
-30
-29
-32
-34
-28
-31
-34
-33
-26
-16
-22
-27
-25
-13
-4
-6
-5
4
8
4
7
25
43
39
22
20
40
62
62
48
43
53
61
61
60
66
70
65
48
46
58
70
66
44
25
25
45
53
37
11
3
10
14
4
-7
-1
-4
-23
-45
-47
-22
-15
-36
-65
-73
-56
-47
-51
-64
-73
-77
-87
-87
-78
-78
-91
-104
-106
-114
-123
-113
-94
-99
-148
-178
-141
-103
-140
-199
-183
-119
-145
-283
-316
-148
-29
-192
-457
-423
-122
-6
-262
-530
-404
-98
-97
-377
-482
-244
-53
-192
-420
-363
-84
18
-149
-288
-170
32
79
11
11
112
186
189
198
291
426
474
419
370
446
638
809
792
589
466
652
989
1083
820
538
595
887
1016
850
650
643
699
631
525
553
640
555
278
78
150
324
307
64
-175
-243
-195
-172
-213
-302
-408
-531
-629
-633
-550
-495
-578
-769
-904
-860
-692
-588
-671
-842
-918
-841
-715
-647
-640
-662
-703
-740
-701
-554
-402
-395
-519
-587
-497
-331
-237
-242
-283
-313
-309
-258
-146
-55
-81
-191
-246
-192
-103
-52
-56
-112
-226
-324
-274
-83
4
-183
-460
-492
-261
-89
-189
-407
-457
-354
-291
-299
-276
-202
-206
-289
-289
-128
44
79
42
78
181
249
327
494
651
671
631
730
916
986
992
1195
1506
1441
940
746
1449
2295
2059
924
403
1240
2252
2073
1037
570
1072
1464
1089
655
856
1164
736
-88
-260
406
882
369
-606
-946
-481
-69
-254
-716
-942
-940
-1008
-1160
-1127
-859
-777
-1199
-1712
-1661
-1100
-708
-913
-1422
-1632
-1346
-958
-847
-916
-942
-962
-1030
-991
-708
-347
-239
-481
-765
-665
-198
180
152
-110
-241
-106
139
312
389
417
337
136
62
328
714
721
228
-212
-43
477
607
143
-333
-313
-22
-19
-341
-487
-345
-380
-725
-923
-711
-411
-482
-912
-1148
-829
-400
-405
-653
-654
-384
-105
11
-4
151
549
811
769
823
1202
1588
1766
1846
2013
2274
2285
1945
1984
2937
3693
2941
1555
1464
2792
3666
2883
1519
1273
1996
2124
1363
963
1279
1202
278
-525
-375
286
358
-589
-1684
-1852
-1250
-923
-1309
-1897
-2200
-2228
-2218
-2263
-2188
-1952
-1984
-2519
-2929
-2558
-1815
-1555
-1946
-2416
-2375
-1845
-1381
-1300
-1315
-1223
-1204
-1235
-998
-465
-37
1
-272
-413
-57
570
929
818
566
542
758
1038
1276
1395
1337
1073
689
520
913
1472
1308
426
-275
-210
353
605
32
-832
-1052
-811
-866
-1090
-1126
-1221
-1561
-1902
-1966
-1616
-1141
-1235
-1834
-2021
-1471
-829
-584
-581
-541
-329
67
522
931
1303
1589
1725
1940
2454
2936
3188
3425
3403
2901
2839
3949
4935
4326
2825
2286
3269
4278
3760
2386
1958
2423
2226
1329
1009
1350
1218
198
-842
-1041
-519
-262
-947
-2014
-2508
-2325
-2089
-2168
-2463
-2761
-2906
-3003
-3182
-3107
-2612
-2341
-2802
-3348
-3178
-2499
-1972
-1977
-2301
-2378
-2023
-1652
-1446
-1135
-810
-799
-946
-830
-364
188
486
349
99
242
728
1134
1251
1174
1042
1004
1157
1328
1396
1381
1187
856
747
902
803
421
242
204
-61
-453
-673
-657
-590
-850
-1460
-1770
-1545
-1397
-1605
-1856
-1971
-1935
-1777
-1666
-1623
-1447
-1245
-1161
-970
-602
-158
281
512
563
905
1595
2101
2314
2503
2724
3072
3642
4149
4181
3632
3070
3574
5126
5648
4017
2320
2759
4336
4579
3211
2084
2259
2611
1851
832
969
1578
1001
-613
-1522
-1086
-368
-546
-1679
-2750
-2903
-2421
-2291
-2719
-3062
-3116
-3250
-3590
-3769
-3390
-2762
-2734
-3500
-4005
-3456
-2565
-2260
-2555
-2825
-2640
-2171
-1799
-1577
-1286
-1017
-1048
-1162
-892
-188
414
489
215
68
360
941
1345
1360
1226
1180
1155
1141
1230
1332
1360
1241
871
399
259
489
585
245
-433
-1036
-1077
-686
-628
-1195
-1793
-1988
-1971
-1887
-1858
-1943
-2022
-2108
-2192
-2038
-1502
-1111
-1193
-1261
-990
-427
193
627
790
954
1399
1901
2361
2782
3084
3314
3611
4062
4515
4625
4040
3445
4089
5567
5827
4152
2571
3034
4631
4825
3202
1948
2258
2650
1824
816
875
1295
671
-852
-1767
-1319
-582
-897
-2170
-3196
-3251
-2747
-2589
-3073
-3540
-3562
-3547
-3855
-4029
-3577
-2942
-3010
-3776
-4130
-3410
-2401
-2145
-2524
-2737
-2408
-1855
-1464
-1217
-897
-604
-622
-710
-365
392
968
980
639
508
913
1556
1887
1789
1557
1454
1476
1426
1358
1559
1854
1469
442
-24
514
1080
666
-476
-1199
-937
-457
-795
-1465
-1610
-1677
-2084
-2329
-2067
-1756
-1786
-2163
-2549
-2226
-1373
-988
-1154
-1208
-918
-470
125
687
939
1170
1529
1934
2379
2841
3212
3400
3668
4027
4390
4770
4703
4003
3538
4388
5756
5527
3727
2492
3230
4602
4375
2774
1783
2206
2371
1317
498
779
1114
161
-1379
-1936
-1376
-814
-1359
-2595
-3432
-3349
-2821
-2830
-3308
-3665
-3710
-3759
-4014
-4013
-3555
-3028
-3179
-3941
-4115
-3302
-2396
-2261
-2611
-2724
-2398
-1832
-1436
-1182
-866
-627
-635
-692
-275
491
1026
982
641
641
1038
1632
1947
1849
1636
1474
1319
1121
1488
2046
1900
930
-175
-195
776
1384
389
-1147
-1421
-912
-637
-970
-1475
-1837
-2073
-2220
-2347
-1931
-1456
-1759
-2423
-2477
-1632
-807
-551
-795
-974
-475
403
1082
1304
1434
1757
2198
2774
3275
3521
3657
3958
4373
4731
5006
4633
3724
3802
5349
6334
4923
2718
2480
4177
5157
3780
1953
1839
2586
2077
658
435
1124
853
-743
-2039
-1922
-1172
-979
-1983
-3378
-3884
-3429
-2984
-3267
-3769
-4032
-4082
-4175
-4474
-4295
-3491
-3093
-3833
-4651
-4169
-3034
-2396
-2483
-2829
-2828
-2328
-1701
-1347
-1026
-615
-482
-620
-468
216
1033
1341
1059
811
1001
1598
2082
2165
2034
1928
1679
996
1143
2356
2691
1304
-360
-475
675
1711
895
-1308
-1850
-763
-509
-1456
-1788
-1560
-2010
-2538
-2764
-2429
-1632
-1523
-2530
-3180
-2093
-863
-731
-1025
-1254
-903
119
1106
1146
926
1582
2301
2579
2880
3467
3942
3968
4048
4318
4992
5378
4423
3482
4385
6310
6037
3508
2287
3613
5237
4528
2471
1671
2409
2742
1330
156
652
1255
210
-1661
-2190
-1497
-943
-1429
-2829
-3841
-3661
-2928
-3017
-3805
-4098
-3895
-3927
-4380
-4524
-3851
-3145
-3405
-4375
-4526
-3413
-2459
-2500
-2922
-2902
-2486
-2029
-1649
-1384
-974
-593
-633
-796
-399
524
1072
943
571
581
1159
1740
1904
1704
1469
1341
1427
1582
1444
1281
1295
1082
421
-114
48
520
402
-684
-1696
-1507
-798
-950
-1779
-2224
-2193
-2108
-2137
-2194
-2063
-1822
-1888
-2133
-1829
-1069
-619
-621
-624
-281
347
991
1355
1556
1904
2368
2761
3115
3564
3960
4096
4077
4403
5070
5142
4196
3545
4656
6237
5707
3305
2167
3759
5402
4414
2049
1422
2568
2654
1090
115
656
991
-178
-1739
-2189
-1515
-1038
-1758
-3115
-3931
-3653
-3035
-3158
-3934
-4402
-4117
-3949
-4421
-4670
-4021
-3229
-3557
-4483
-4464
-3356
-2436
-2501
-2917
-2941
-2406
-1756
-1434
-1229
-863
-500
-484
-437
42
840
1369
1226
883
960
1663
2205
2219
2031
1808
1704
1574
1723
1859
1733
1446
740
195
112
516
547
-280
-1169
-1715
-1390
-1036
-1403
-2057
-2497
-2481
-2535
-2389
-2133
-2148
-2207
-2358
-2188
-1630
-975
-647
-779
-642
-128
587
1192
1448
1707
2080
2579
3028
3332
3699
4103
4446
4491
4530
5009
5166
4520
3993
4793
6066
5568
3535
2461
3759
5275
4317
2082
1405
2447
2483
939
68
534
722
-541
-1990
-2235
-1574
-1309
-2251
-3509
-4023
-3686
-3281
-3460
-4097
-4549
-4333
-4137
-4487
-4693
-4029
-3333
-3767
-4532
-4339
-3222
-2443
-2561
-2895
-2829
-2189
-1611
-1380
-1152
-752
-393
-387
-282
226
898
1367
1204
912
1134
1730
2153
2121
1941
1678
1548
1606
1612
1774
1701
1096
402
156
366
478
310
-482
-1457
-1477
-1044
-1107
-1620
-1965
-2188
-2438
-2302
-2088
-1954
-1872
-2017
-2163
-1889
-1108
-607
-611
-571
-300
246
900
1454
1693
1862
2297
2683
3054
3554
4057
4253
4267
4472
4717
5042
4989
4316
4041
5009
6028
5033
3020
2593
4079
5083
3758
1748
1403
2414
2358
779
-44
510
687
-661
-2114
-2131
-1409
-1289
-2306
-3508
-3935
-3599
-3160
-3442
-4081
-4416
-4251
-4145
-4477
-4525
-3967
-3447
-3858
-4578
-4291
-3218
-2529
-2718
-3031
-2863
-2328
-1776
-1455
-1179
-793
-521
-517
-378
205
921
1263
1117
922
1106
1700
2142
2165
2005
1689
1341
1273
1853
2268
1575
496
58
483
785
379
-387
-1008
-1071
-1182
-1483
-1588
-1607
-1934
-2587
-2752
-2417
-2058
-1991
-2335
-2565
-2278
-1594
-1117
-1049
-1000
-700
-158
389
784
1151
1633
2069
2414
2663
3071
3637
3937
4100
4399
4900
5039
4881
4891
4616
4372
4781
5693
5632
4012
2752
3203
4642
4632
2758
1495
1918
2449
1395
202
430
800
-60
-1658
-2272
-1738
-1290
-1764
-3038
-3867
-3805
-3446
-3415
-3807
-4156
-4321
-4294
-4365
-4568
-4191
-3465
-3434
-4226
-4493
-3540
-2606
-2456
-2693
-2692
-2299
-1818
-1383
-1122
-690
-232
-240
-289
68
844
1347
1395
1209
1056
1545
2115
2260
2032
1782
1750
1668
1611
1327
1356
1697
1239
194
-535
-205
442
362
-839
-2310
-2094
-1017
-1064
-2122
-2721
-2574
-2513
-2451
-2483
-2408
-2010
-1940
-2321
-2264
-1221
-377
-456
-724
-503
323
1284
1750
1619
1721
2453
3044
3169
3402
3903
4187
4302
4573
4784
4835
4881
4489
3843
4216
5562
5789
3919
2179
2622
4319
4694
2890
1145
1345
2260
1604
77
-8
738
178
-1626
-2592
-1993
-1236
-1505
-2823
-3974
-3975
-3326
-3099
-3643
-4144
-4193
-4069
-4122
-4370
-4096
-3345
-3101
-3853
-4389
-3563
-2407
-2121
-2540
-2710
-2287
-1660
-1161
-968
-741
-376
-193
-229
-22
684
1327
1423
1123
969
1269
1903
2230
2020
1850
1806
1347
710
1289
2431
2059
319
-901
-404
792
1117
-291
-2087
-1960
-967
-1072
-1931
-2161
-2071
-2554
-2906
-2905
-2432
-1722
-1907
-2839
-3026
-1722
-668
-812
-1087
-1001
-365
488
1061
1233
1451
2083
2377
2520
3053
3656
3963
3894
4039
4388
4899
5291
5044
4563
4077
4149
4867
5652
5426
3633
2314
2890
4338
4302
2591
1553
1693
1822
915
135
481
635
-376
-2012
-2516
-1867
-1486
-2002
-3140
-3839
-3973
-3786
-3613
-3757
-3997
-4251
-4351
-4506
-4508
-3911
-3244
-3284
-4002
-4226
-3446
-2415
-1993
-2259
-2402
-2104
-1642
-1201
-706
-179
-6
-180
-281
95
921
1584
1592
1156
960
1340
1847
2133
2158
1897
1614
1457
1304
1032
1215
1788
1417
72
-896
-580
369
608
-571
-2280
-2469
-1393
-1095
-1901
-2491
-2584
-2792
-2847
-2635
-2274
-1938
-2085
-2697
-2705
-1511
-531
-557
-858
-826
-278
678
1578
1668
1486
1847
2402
2985
3449
3579
3555
3819
4342
4415
4440
4875
5158
4913
3964
3365
4192
5705
5810
3545
1665
2271
4083
4464
2640
1184
1273
1743
1082
-131
-65
479
45
-1610
-2870
-2473
-1572
-1467
-2620
-3890
-4155
-3636
-3159
-3421
-3851
-3966
-3997
-4169
-4355
-3908
-2971
-2637
-3387
-4105
-3556
-2307
-1678
-1856
-2173
-2083
-1622
-1176
-777
-338
-11
-56
-316
-199
410
1209
1537
1126
689
776
1324
1768
1807
1598
1327
1159
876
725
1137
1558
1187
54
-779
-590
196
476
-473
-1765
-2096
-1555
-1168
-1478
-2006
-2320
-2546
-2669
-2523
-1985
-1582
-1877
-2478
-2551
-1637
-639
-466
-830
-940
-342
482
1153
1391
1395
1621
1992
2426
2827
3263
3468
3416
3505
3766
4155
4386
4532
4636
4560
3997
3150
3429
4920
5707
4138
1846
1645
3278
4294
3201
1550
1085
1392
1084
80
-69
531
323
-1263
-2727
-2610
-1615
-1133
-1932
-3316
-4063
-3741
-3073
-3002
-3333
-3566
-3656
-3932
-4121
-3623
-2602
-2087
-2813
-3770
-3593
-2318
-1337
-1378
-1817
-2030
-1778
-1339
-809
-249
48
-77
-554
-649
1
938
1383
997
393
202
629
1313
1587
1415
1130
821
592
732
1108
941
527
555
369
-310
-723
-347
88
-197
-1216
-2300
-1983
-794
-760
-2007
-2751
-2348
-1976
-1903
-1935
-2017
-1894
-1759
-1810
-1691
-892
-222
-433
-721
-347
466
1226
1587
1446
1366
1974
2750
2920
2828
2958
3284
3578
3699
3763
3787
4027
4423
4594
4061
2822
2532
3917
5551
5001
2353
926
2154
4075
3692
1712
931
1335
1378
301
-184
513
843
-259
-2203
-2730
-1703
-733
-1101
-2604
-3617
-3623
-2856
-2354
-2655
-3050
-3192
-3242
-3585
-3530
-2569
-1735
-2016
-3135
-3515
-2533
-1309
-982
-1519
-1958
-1815
-1385
-989
-644
-240
-107
-484
-845
-602
251
1003
932
231
-140
244
833
1228
1292
1078
812
629
682
1087
1403
681
-37
481
949
321
-594
-549
-60
109
-564
-1943
-1870
-627
-575
-1942
-2634
-1934
-1582
-1673
-2025
-2343
-1845
-1360
-1544
-1933
-1295
-370
-495
-817
-667
77
925
1303
1065
844
1520
2325
2531
2430
2535
2758
2864
3077
3295
3682
3869
3702
3523
3777
4259
3501
2485
2851
4341
4864
3049
1302
1391
3054
3777
2279
933
760
1209
759
-73
65
282
-133
-1523
-2420
-1960
-1214
-1056
-2124
-3259
-3434
-2907
-2395
-2625
-2966
-3105
-3229
-3423
-3542
-2979
-2157
-2176
-2992
-3549
-3006
-1920
-1505
-1811
-2254
-2185
-1813
-1539
-1201
-891
-691
-845
-1212
-1067
-391
341
497
66
-264
-73
498
898
1043
1046
854
686
761
1057
1435
1488
824
101
338
1153
1205
360
-396
-506
-48
123
-667
-1399
-1166
-896
-1511
-2055
-1768
-1458
-1600
-2103
-2406
-1969
-1220
-1141
-1740
-1742
-1033
-529
-481
-461
-143
345
821
944
969
1394
1946
2118
2047
2143
2451
2812
2910
2908
2942
3148
3402
3413
3521
3839
4167
3226
1883
2462
4223
5117
3450
1274
1115
2873
4149
2653
1093
1180
1681
1202
38
197
841
840
-449
-2056
-2008
-881
-66
-943
-2597
-3135
-2588
-1903
-2088
-2583
-2705
-2599
-2865
-3519
-3324
-2099
-1523
-2478
-3591
-3486
-2365
-1533
-1595
-2189
-2492
-2135
-1807
-1594
-1235
-838
-750
-1168
-1352
-957
14
749
486
-133
-249
342
968
1240
1326
1172
955
879
1097
1618
2072
1983
960
-71
239
1507
2243
1213
-655
-1321
-294
914
334
-1119
-1731
-1430
-1171
-1585
-1718
-1511
-1550
-2155
-2834
-2286
-1154
-749
-1543
-2354
-1861
-823
-141
-309
-651
-405
186
721
876
1095
1411
1557
1558
1645
1960
2325
2562
2418
2312
2501
2803
2893
2936
3450
3804
3716
2674
1607
2414
4291
5166
3336
1144
1235
2982
4184
2840
1336
1453
1949
1451
120
314
1242
1200
-210
-2004
-1941
-767
-114
-960
-2558
-3056
-2689
-2121
-2220
-2758
-2786
-2734
-3161
-3893
-3656
-2357
-1824
-2741
-3875
-3827
-2644
-1747
-1867
-2487
-2712
-2292
-1977
-1806
-1401
-943
-728
-1095
-1391
-1022
-11
891
674
-48
-244
372
1207
1501
1434
1267
1182
1178
1295
1704
2086
2017
1349
600
566
1414
2056
1385
2
-664
-162
428
240
-555
-1226
-1299
-1396
-1663
-1729
-1522
-1578
-2300
-2780
-2513
-1768
-1355
-1810
-2351
-2294
-1545
-840
-753
-852
-841
-507
-72
265
635
935
1076
1035
1077
1550
2120
2263
2044
1912
2376
2888
2840
2733
2871
3318
3623
3878
3787
2669
2205
3287
4881
4827
2712
1382
2046
3788
3882
2174
1473
1822
1947
931
277
894
1135
441
-1107
-1938
-1417
-670
-608
-1773
-2855
-3091
-2743
-2305
-2540
-2959
-3130
-3197
-3509
-3887
-3320
-2373
-2385
-3270
-3889
-3387
-2368
-1824
-1966
-2437
-2456
-2105
-1718
-1279
-893
-593
-695
-926
-738
-100
766
1057
694
293
460
1189
1647
1777
1722
1547
1457
1507
1717
2031
2334
2181
1535
1097
1014
1104
1620
1949
997
-490
-922
-100
698
541
-760
-2248
-2151
-1153
-1010
-1720
-2215
-2335
-2654
-2647
-2294
-1928
-1688
-2057
-2631
-2506
-1368
-518
-789
-1207
-1136
-503
292
761
731
604
857
1137
1441
1920
2295
2217
2003
2119
2472
2981
3094
2907
2806
3061
3620
3860
3556
2385
1968
3211
4453
4155
2309
1450
2133
3173
3130
1880
1536
1664
1425
639
155
643
728
196
-1092
-1966
-1497
-765
-727
-1879
-2821
-2860
-2497
-2278
-2668
-2975
-2939
-2901
-3337
-3661
-3004
-2125
-2252
-3089
-3419
-2889
-2033
-1656
-1875
-2190
-2048
-1635
-1458
-1193
-761
-400
-469
-759
-737
-196
671
936
471
46
342
1005
1386
1435
1300
1228
1186
1191
1256
1586
1930
1756
1228
827
921
1026
1072
940
590
237
-273
-499
-387
-28
-317
-1450
-2089
-1902
-1240
-1261
-1901
-2472
-2603
-2155
-2050
-2030
-1951
-1896
-1895
-1987
-1558
-1010
-555
-515
-841
-693
-96
649
927
805
797
1008
1409
1673
1844
1974
1908
1818
2000
2257
2519
2542
2334
2370
2617
3066
3173
3154
2802
1933
2085
3027
3962
3495
1957
1315
1861
3124
2867
1652
1315
1396
1300
444
286
737
708
27
-1261
-1697
-1187
-596
-704
-1735
-2491
-2602
-2287
-2041
-2239
-2460
-2546
-2716
-3083
-3210
-2516
-1830
-2091
-2829
-3107
-2573
-1849
-1533
-1696
-1949
-1861
-1665
-1488
-1137
-693
-483
-658
-911
-778
-129
533
698
364
169
375
781
1175
1346
1346
1154
1006
1065
1334
1786
1922
1627
1166
998
1230
1386
990
300
349
958
698
-604
-1265
-524
333
-165
-1787
-2594
-1703
-671
-1328
-2698
-2829
-2104
-1825
-2231
-2482
-2208
-1804
-1877
-2329
-2042
-1009
-488
-993
-1498
-1105
-170
518
464
42
147
876
1354
1325
1393
1630
1707
1656
1815
2123
2502
2652
2430
2382
2764
3306
3577
3603
3057
2261
2552
3629
4367
3770
2616
2108
2448
3192
2987
2447
2150
1738
1233
704
906
1056
757
82
-977
-1357
-1199
-834
-958
-1793
-2474
-2810
-2607
-2385
-2507
-2630
-2844
-3124
-3445
-3392
-2748
-2393
-2616
-2998
-3166
-2847
-2321
-1826
-1745
-1988
-2021
-1923
-1521
-961
-685
-596
-677
-722
-607
-125
589
778
578
381
486
989
1451
1700
1653
1482
1435
1468
1721
2031
2135
1911
1495
1358
1425
1470
1353
965
613
537
433
-52
-485
-487
-528
-989
-1590
-2019
-2022
-1730
-1970
-2669
-2987
-2725
-2497
-2586
-2627
-2661
-2546
-2319
-2254
-2005
-1566
-1232
-1243
-1273
-891
-318
178
350
307
500
902
1350
1593
1643
1827
2024
2058
2065
2337
2727
2849
2758
2694
2946
3370
3585
3535
3647
3516
2702
2396
3156
4316
4256
2811
1610
1713
3032
3321
2375
1556
1136
1097
660
454
514
431
4
-1240
-1927
-1665
-1012
-844
-1800
-2770
-3099
-2684
-2208
-2333
-2579
-2781
-2959
-3154
-3174
-2587
-1942
-2005
-2595
-3056
-2668
-1798
-1269
-1316
-1719
-1788
-1567
-1239
-792
-463
-259
-364
-574
-500
27
759
1015
721
366
439
910
1382
1564
1450
1238
1058
1076
1281
1543
1657
1404
999
691
759
1072
1156
812
-11
-633
-327
416
430
-712
-1710
-1640
-1051
-814
-1532
-2290
-2225
-1907
-2135
-2639
-2352
-1895
-2055
-2477
-2669
-2123
-1363
-1249
-1729
-1882
-1189
-610
-511
-475
-344
89
453
535
544
820
1365
1485
1326
1411
1686
1995
1978
1948
2052
2133
2399
2451
2519
2696
2825
3028
3105
3250
2707
2049
2470
3374
3958
3218
2053
1558
2144
3159
2850
1969
1311
1108
1124
881
845
645
373
-237
-1093
-1287
-1014
-675
-1006
-1861
-2471
-2578
-2239
-2058
-2201
-2503
-2819
-3019
-3070
-2867
-2404
-2207
-2518
-2927
-3012
-2536
-1979
-1703
-1845
-2134
-2073
-1850
-1452
-1076
-898
-941
-1150
-1096
-763
-234
153
152
-27
-87
162
561
916
1099
1061
913
894
1067
1382
1685
1711
1485
1218
1224
1420
1638
1708
1412
930
425
344
723
1079
705
-400
-1103
-947
-344
-306
-1041
-1805
-2082
-1884
-1866
-1961
-1994
-2165
-2505
-2821
-2556
-1968
-1614
-1822
-2302
-2215
-1555
-879
-764
-960
-939
-625
-145
157
363
550
768
932
1014
1342
1778
2015
1873
1716
1969
2377
2706
2761
2682
2785
2969
3209
3466
3727
3668
2968
2650
3226
4050
4204
3356
2533
2312
2816
3216
2762
2243
1753
1349
1014
792
811
526
162
-545
-1385
-1547
-1337
-1168
-1639
-2423
-2886
-3039
-2782
-2687
-2815
-2961
-3241
-3442
-3545
-3184
-2673
-2657
-2862
-3082
-3022
-2657
-2169
-1851
-1933
-1978
-1914
-1756
-1342
-853
-575
-565
-613
-604
-332
228
669
701
608
701
875
1165
1489
1694
1707
1577
1512
1534
1794
2079
2043
1768
1404
1290
1408
1574
1553
1196
772
378
196
179
127
38
-184
-736
-1494
-1735
-1285
-908
-1225
-2085
-2752
-2485
-1702
-1666
-2340
-2709
-2530
-2275
-2057
-1793
-1654
-1574
-1602
-1730
-1359
-526
-89
-337
-620
-375
193
791
1030
871
864
1142
1459
1680
1941
2100
1991
1912
2047
2393
2622
2612
2494
2457
2734
3042
3159
3110
3239
3265
2599
2254
2808
3588
3516
2557
1759
1499
2077
2494
2083
1577
1041
634
329
357
416
19
-252
-795
-1534
-1776
-1389
-897
-1310
-2201
-2726
-2658
-2249
-2191
-2377
-2521
-2757
-3041
-3158
-2791
-2286
-2305
-2587
-2874
-2937
-2499
-1908
-1590
-1814
-2080
-2000
-1755
-1239
-845
-718
-756
-926
-887
-544
47
407
343
193
96
279
698
1091
1227
1019
792
812
1057
1376
1637
1625
1302
1013
1009
1240
1501
1537
1217
803
588
568
676
646
143
-216
16
-10
-718
-1311
-1028
-578
-769
-1642
-2465
-2046
-1220
-1406
-2322
-2694
-2268
-2050
-2053
-2107
-2097
-1835
-1839
-1985
-1824
-1216
-734
-964
-1212
-994
-367
255
363
186
178
584
1055
1189
1326
1533
1561
1618
1747
1994
2353
2488
2323
2080
2409
3026
3170
3147
3132
3338
3307
2688
2669
3445
4081
3607
2646
2506
2695
2919
2780
2386
2373
1931
1159
791
1048
1176
493
-39
-570
-1172
-1232
-1100
-1074
-1590
-2282
-2591
-2620
-2446
-2553
-2719
-2733
-3051
-3396
-3311
-2740
-2357
-2667
-2956
-2942
-2782
-2365
-1938
-1754
-1871
-1937
-1716
-1463
-1012
-647
-597
-538
-570
-480
-74
470
737
607
633
744
883
1238
1540
1599
1429
1343
1432
1602
1813
1936
1878
1629
1448
1443
1604
1719
1600
1295
901
731
632
606
455
-111
-428
-358
-359
-896
-1534
-1524
-1354
-1403
-1997
-2651
-2472
-2104
-2185
-2688
-2855
-2577
-2487
-2418
-2465
-2357
-2017
-1920
-1887
-1762
-1338
-929
-851
-791
-674
-273
173
320
359
432
808
1142
1197
1295
1444
1632
1700
1712
1809
1945
2256
2297
2119
2180
2322
2573
2763
2835
2859
3057
3311
2677
2107
2706
3464
3393
2586
2210
2275
2309
2306
2038
2148
2033
1124
492
655
1113
693
-2
-297
-815
-1127
-1109
-935
-1096
-1707
-2053
-2268
-2258
-2195
-2273
-2236
-2455
-2878
-3035
-2592
-2086
-2285
-2539
-2423
-2366
-2370
-2102
-1647
-1523
-1666
-1734
-1686
-1365
-883
-623
-608
-669
-651
-426
8
368
393
389
480
511
623
955
1286
1269
1141
1160
1259
1430
1624
1701
1499
1276
1276
1325
1412
1455
1352
1095
809
720
726
766
618
86
-474
-610
-320
-263
-717
-1293
-1635
-1585
-1385
-1480
-1965
-2286
-2221
-2280
-2498
-2511
-2384
-2457
-2662
-2784
-2728
-2401
-2187
-2295
-2378
-2183
-1840
-1647
-1505
-1374
-1147
-747
-535
-385
-67
301
583
722
944
1265
1564
1817
1924
2072
2252
2393
2641
2751
2815
3024
3161
3286
3347
3459
3618
3779
3803
3162
2915
3521
3803
3480
2977
2904
2746
2343
2267
2312
2468
1916
781
421
756
899
172
-511
-652
-1008
-1402
-1645
-1639
-1694
-2182
-2608
-2889
-2945
-2785
-2707
-2727
-3064
-3401
-3244
-2821
-2554
-2718
-2754
-2461
-2464
-2455
-2049
-1493
-1245
-1352
-1313
-1147
-737
-202
10
107
167
306
581
950
1344
1443
1498
1562
1502
1638
1940
2132
2005
1827
1818
1775
1791
1895
1856
1624
1338
1092
1053
1130
1045
798
438
131
-58
-39
13
-259
-632
-1196
-1567
-1249
-964
-1275
-2091
-2551
-2385
-2026
-1837
-2452
-2927
-2651
-2497
-2659
-2769
-2457
-2334
-2568
-2663
-2611
-2101
-1583
-1627
-1843
-1750
-1203
-732
-533
-421
-320
-61
236
487
807
1120
1310
1328
1347
1662
2019
2187
2243
2150
2180
2394
2524
2458
2378
2496
2528
2492
2547
2610
2736
2754
2646
2702
2778
2396
2019
2302
2655
2539
2224
2017
1680
1395
1500
1736
1884
1252
231
72
571
623
-148
-547
-529
-861
-1208
-1400
-1216
-1160
-1568
-2031
-2334
-2162
-1980
-1946
-1954
-2203
-2366
-2273
-1893
-1644
-1757
-1704
-1560
-1619
-1617
-1208
-739
-713
-939
-1050
-857
-421
-98
-86
-85
-27
-46
98
388
588
609
581
550
500
721
1026
1106
998
846
863
909
963
1058
1017
910
721
593
577
583
652
477
224
32
-162
-127
-107
-218
-474
-694
-874
-1326
-1395
-961
-758
-1257
-2134
-2308
-1716
-1141
-1376
-2224
-2504
-2132
-1776
-1858
-2049
-1989
-1983
-2060
-2106
-1874
-1439
-1290
-1535
-1803
-1491
-802
-401
-445
-676
-589
-151
328
569
599
720
854
970
1169
1451
1718
1777
1637
1487
1669
2087
2232
2046
1855
1870
2060
2309
2368
2238
2203
2321
2487
2612
2550
2205
2139
2543
2576
2211
2138
2422
2260
1558
1298
1701
2187
1708
496
174
785
977
188
-387
-215
-315
-774
-1144
-1085
-874
-1049
-1371
-1718
-1806
-1644
-1489
-1366
-1645
-1964
-1854
-1474
-1344
-1658
-1569
-1196
-1276
-1537
-1439
-964
-802
-964
-1085
-1061
-749
-520
-475
-450
-435
-382
-283
-91
3
53
235
222
36
63
349
562
463
303
272
311
360
381
405
373
259
163
121
164
247
244
159
-48
-215
-107
52
23
-135
-211
-327
-576
-625
-515
-346
-331
-749
-1209
-1245
-883
-705
-900
-1264
-1638
-1587
-1301
-1259
-1440
-1601
-1667
-1773
-1715
-1516
-1399
-1386
-1506
-1567
-1418
-1059
-744
-764
-905
-817
-466
-137
31
99
153
287
483
636
844
1080
1103
1052
1142
1326
1495
1638
1702
1638
1737
1915
2012
2162
2225
2269
2340
2524
2782
2856
2725
2544
2913
3311
2863
2503
2995
3616
3020
1808
1795
2858
3367
2067
677
1076
1858
1409
188
-78
339
60
-701
-1320
-1247
-1037
-1299
-1765
-2332
-2498
-2256
-2028
-2206
-2821
-2951
-2522
-2300
-2624
-2878
-2344
-1909
-2314
-2715
-2360
-1675
-1473
-1709
-1857
-1695
-1245
-956
-981
-900
-712
-541
-388
-319
-185
111
435
384
98
278
714
919
857
733
776
864
963
998
967
1007
956
827
735
695
782
845
680
325
139
248
298
153
-26
-185
-317
-472
-663
-735
-771
-888
-1025
-1188
-1452
-1717
-1579
-1308
-1472
-1890
-2157
-2008
-1684
-1662
-1921
-2059
-1872
-1757
-1804
-1645
-1398
-1280
-1306
-1338
-1110
-665
-315
-303
-428
-277
92
463
667
679
752
924
1139
1355
1486
1650
1744
1727
1782
1901
2121
2239
2227
2137
2018
2209
2425
2448
2430
2334
2307
2329
2528
2714
2485
2216
2197
2643
2802
2013
1465
2085
2983
2358
767
538
1712
2340
1136
-319
-62
827
565
-658
-1079
-521
-478
-1200
-1895
-1887
-1479
-1438
-1847
-2437
-2621
-2236
-1854
-2014
-2583
-2661
-2112
-1874
-2283
-2518
-1966
-1439
-1722
-2208
-2009
-1310
-992
-1256
-1490
-1280
-867
-663
-689
-692
-495
-210
-113
-200
-159
221
541
446
202
277
659
850
709
575
655
769
731
683
676
679
675
587
436
326
386
451
322
122
5
52
67
-73
-191
-214
-215
-340
-445
-496
-688
-766
-597
-489
-797
-1251
-1218
-854
-664
-977
-1418
-1339
-1045
-1006
-1168
-1183
-1037
-1084
-1135
-1061
-833
-567
-591
-734
-678
-323
27
93
65
75
275
615
761
800
880
1027
1139
1184
1283
1416
1520
1536
1401
1400
1589
1717
1680
1485
1406
1503
1631
1689
1569
1492
1513
1545
1606
1579
1698
1770
1570
1332
1364
1880
2061
1481
833
965
1814
1927
1006
285
579
1251
989
164
-145
157
302
-293
-827
-734
-445
-562
-1146
-1515
-1437
-1157
-1103
-1474
-1820
-1765
-1469
-1415
-1703
-1822
-1545
-1287
-1454
-1774
-1660
-1180
-985
-1244
-1486
-1328
-990
-878
-955
-1007
-909
-750
-729
-771
-723
-513
-353
-432
-573
-542
-310
-107
-142
-265
-262
-133
-77
-94
-20
76
82
14
-41
19
191
311
250
105
96
198
317
383
372
326
317
319
320
385
495
531
428
272
168
245
484
548
275
-57
-98
119
230
91
-163
-277
-255
-305
-403
-401
-345
-450
-703
-816
-688
-498
-513
-726
-860
-774
-571
-494
-562
-607
-558
-449
-383
-370
-304
-202
-150
-174
-161
-23
114
144
101
113
238
350
396
409
461
551
617
706
803
885
976
1068
1151
1201
1302
1474
1649
1692
1560
1512
1747
2109
2163
1835
1571
1730
2111
2145
1770
1482
1571
1688
1434
1092
1094
1241
1023
452
125
275
435
144
-397
-681
-682
-715
-927
-1162
-1290
-1400
-1582
-1796
-1913
-1866
-1787
-1870
-2123
-2305
-2208
-1967
-1880
-2015
-2086
-1959
-1807
-1768
-1719
-1500
-1259
-1213
-1284
-1220
-918
-585
-455
-494
-481
-310
-81
96
193
283
383
449
475
548
743
927
931
818
782
894
1050
1126
1085
1001
969
980
987
1009
1042
1033
926
770
676
699
803
798
592
330
227
297
347
252
45
-117
-172
-235
-355
-418
-391
-453
-705
-930
-908
-728
-702
-924
-1156
-1161
-1010
-934
-990
-1058
-1062
-1042
-1016
-968
-871
-778
-755
-787
-788
-659
-463
-347
-353
-363
-298
-184
-43
66
142
173
199
263
377
514
607
644
645
680
776
894
991
1024
1031
1073
1141
1201
1252
1351
1476
1507
1406
1340
1486
1771
1883
1656
1391
1465
1773
1860
1620
1391
1399
1453
1316
1110
1046
1045
859
534
307
252
199
22
-240
-500
-696
-798
-856
-1008
-1233
-1385
-1440
-1531
-1686
-1749
-1696
-1679
-1807
-1927
-1865
-1716
-1668
-1693
-1664
-1566
-1481
-1421
-1318
-1192
-1065
-957
-872
-803
-697
-508
-310
-214
-194
-122
38
201
299
374
450
516
562
625
717
800
837
832
834
848
879
938
953
906
861
855
860
851
831
809
774
714
662
643
636
605
528
442
400
392
336
200
90
92
117
-18
-274
-375
-256
-217
-463
-761
-786
-634
-664
-932
-1127
-1078
-989
-1083
-1283
-1338
-1230
-1179
-1275
-1383
-1338
-1196
-1133
-1190
-1217
-1110
-961
-892
-889
-834
-695
-583
-535
-467
-348
-221
-160
-121
-41
83
189
243
276
333
434
536
605
637
692
785
883
941
978
1056
1173
1251
1275
1322
1415
1478
1517
1583
1670
1671
1564
1540
1683
1806
1672
1403
1319
1448
1492
1275
1018
934
916
767
544
416
356
205
-48
-251
-324
-381
-526
-725
-888
-990
-1062
-1130
-1209
-1313
-1418
-1451
-1474
-1526
-1556
-1524
-1477
-1507
-1573
-1544
-1396
-1293
-1302
-1304
-1202
-1061
-993
-951
-822
-654
-572
-533
-431
-274
-134
-39
48
160
264
339
425
541
664
737
749
776
872
972
1015
1001
986
1017
1056
1040
1010
1002
990
931
857
826
806
727
631
569
516
426
315
236
184
113
6
-100
-184
-241
-292
-355
-441
-549
-612
-615
-638
-722
-806
-823
-811
-835
-877
-892
-880
-862
-845
-835
-810
-752
-667
-613
-575
-500
-378
-247
-149
-41
78
191
323
491
645
750
872
1054
1132
1071
1175
1574
1778
1388
998
1381
2082
1948
1059
761
1456
1914
1281
474
602
1164
1033
298
-33
270
439
65
-403
-512
-356
-295
-505
-842
-1004
-855
-693
-885
-1240
-1256
-950
-884
-1214
-1420
-1182
-905
-1027
-1301
-1280
-1013
-894
-1010
-1091
-985
-804
-717
-750
-767
-635
-415
-313
-372
-373
-172
70
131
70
129
331
489
518
523
603
731
821
835
834
885
985
1035
987
942
997
1084
1060
961
929
993
1018
931
831
818
848
817
719
641
605
584
534
456
378
319
269
216
133
25
-64
-102
-124
-229
-409
-527
-495
-476
-624
-837
-903
-835
-859
-1029
-1151
-1113
-1079
-1190
-1334
-1323
-1207
-1192
-1320
-1410
-1345
-1207
-1160
-1225
-1272
-1195
-1053
-992
-1012
-988
-855
-728
-702
-693
-578
-401
-297
-279
-234
-94
66
168
212
277
388
516
615
662
700
797
922
983
962
976
1088
1189
1175
1120
1144
1223
1250
1197
1165
1203
1220
1172
1116
1116
1142
1119
1049
981
952
952
944
882
773
694
686
688
619
485
393
376
349
267
165
91
43
-18
-88
-143
-197
-262
-325
-375
-416
-450
-477
-536
-609
-643
-632
-635
-692
-755
-773
-769
-781
-804
-812
-815
-837
-858
-849
-822
-802
-799
-796
-795
-780
-738
-676
-651
-671
-659
-596
-534
-505
-501
-477
-437
-390
-349
-328
-312
-275
-213
-166
-156
-149
-91
-3
42
42
63
140
226
266
281
317
367
435
503
543
553
565
614
680
720
730
739
747
757
770
809
858
853
792
753
810
886
866
794
769
802
810
767
731
722
707
659
608
550
464
384
379
374
222
-17
-105
-36
-87
-356
-571
-564
-555
-751
-997
-1049
-991
-1070
-1275
-1391
-1367
-1343
-1383
-1438
-1450
-1427
-1387
-1320
-1278
-1247
-1151
-1013
-928
-903
-802
-607
-462
-408
-348
-187
-25
59
121
227
364
452
500
551
625
719
783
802
792
813
882
915
884
847
846
843
810
783
760
676
572
552
585
509
321
193
206
220
100
-83
-175
-192
-244
-362
-473
-505
-539
-625
-723
-769
-748
-739
-799
-885
-893
-807
-740
-769
-800
-751
-641
-565
-551
-513
-417
-295
-230
-218
-164
-31
106
136
112
176
308
400
400
397
465
540
561
552
575
639
691
709
696
700
740
798
854
887
931
953
904
878
989
1154
1172
1043
962
983
977
967
1059
1108
858
458
396
682
771
384
-50
-96
-1
-160
-461
-549
-484
-635
-995
-1215
-1148
-1017
-1063
-1280
-1498
-1549
-1423
-1283
-1286
-1400
-1429
-1333
-1253
-1228
-1156
-988
-870
-911
-955
-820
-561
-400
-402
-414
-312
-140
-8
59
145
287
394
421
446
582
772
874
866
862
939
1037
1105
1137
1158
1157
1132
1101
1100
1115
1113
1044
919
814
776
768
702
563
416
325
264
171
55
-36
-116
-218
-346
-460
-517
-553
-601
-708
-834
-904
-916
-918
-969
-1030
-1075
-1106
-1129
-1140
-1121
-1077
-1061
-1098
-1128
-1071
-957
-869
-846
-843
-786
-686
-588
-503
-406
-310
-250
-214
-118
24
140
203
232
284
365
459
530
555
573
627
680
667
620
642
726
743
650
537
521
574
574
495
376
302
276
260
207
105
28
-5
-36
-127
-224
-243
-225
-261
-360
-434
-427
-392
-393
-429
-473
-464
-431
-415
-409
-390
-350
-335
-342
-320
-251
-189
-176
-176
-145
-101
-55
-2
41
48
25
84
189
226
181
172
274
353
327
302
359
442
455
421
442
509
550
542
536
570
604
621
619
627
652
668
675
675
677
692
695
700
706
695
685
675
690
690
667
657
659
647
616
617
645
635
577
547
569
585
544
500
496
493
441
380
366
360
310
212
122
69
31
-18
-110
-237
-351
-419
-473
-554
-668
-769
-858
-945
-1005
-1043
-1091
-1175
-1249
-1257
-1244
-1258
-1284
-1288
-1262
-1229
-1203
-1167
-1137
-1094
-1035
-970
-912
-874
-818
-741
-666
-616
-566
-498
-438
-388
-330
-258
-205
-173
-125
-55
1
38
69
114
168
204
233
260
303
334
349
373
414
438
438
455
489
510
506
512
537
562
559
538
544
565
578
565
554
549
522
516
543
546
501
470
494
510
490
474
490
509
513
528
548
543
543
609
693
697
635
651
756
785
719
738
866
818
542
463
769
960
600
85
94
510
581
94
-339
-248
-10
-176
-591
-727
-557
-547
-849
-1120
-1081
-906
-906
-1130
-1324
-1282
-1111
-1064
-1174
-1240
-1160
-1030
-1009
-1060
-1025
-853
-713
-740
-815
-724
-502
-382
-405
-425
-324
-178
-102
-85
-39
70
163
162
152
239
360
412
390
369
402
478
536
516
469
474
507
498
464
450
438
414
381
340
300
284
275
234
175
130
107
93
85
39
-22
-31
-21
-42
-84
-88
-65
-83
-120
-116
-91
-81
-96
-112
-99
-73
-73
-83
-66
-51
-59
-57
-36
-31
-45
-36
6
4
-27
-19
26
45
23
24
53
67
43
38
83
121
89
27
40
107
116
60
22
32
37
24
2
-20
-42
-64
-84
-108
-124
-121
-133
-171
-199
-195
-172
-163
-186
-205
-179
-145
-136
-131
-92
-59
-63
-52
13
66
62
52
90
143
165
168
171
185
197
201
204
203
191
176
175
169
131
100
112
118
69
20
21
25
0
-19
-15
-31
-65
-85
-72
-52
-70
-109
-118
-104
-109
-122
-110
-98
-127
-161
-142
-103
-99
-122
-128
-116
-103
-92
-68
-46
-38
-36
-18
19
52
74
99
113
113
132
187
227
213
192
216
261
262
233
234
259
255
217
199
223
226
187
149
151
160
139
110
104
104
83
58
59
74
62
41
36
46
49
43
53
72
78
73
80
111
136
145
163
185
205
221
247
282
305
312
332
358
384
395
398
411
424
419
418
414
403
388
370
350
306
273
254
230
163
89
51
26
-25
-111
-180
-216
-265
-353
-433
-462
-492
-568
-657
-711
-723
-753
-813
-869
-893
-904
-916
-951
-969
-964
-945
-946
-967
-952
-897
-854
-853
-854
-809
-717
-676
-673
-637
-548
-480
-461
-427
-344
-266
-230
-202
-138
-63
-15
23
85
157
192
227
293
373
412
434
496
579
629
644
691
772
831
846
871
932
986
1006
1017
1045
1076
1082
1079
1089
1090
1059
1039
1030
1009
957
909
884
850
787
715
675
636
580
507
445
396
354
305
244
187
134
102
70
17
-52
-90
-89
-122
-209
-270
-256
-253
-331
-427
-436
-409
-442
-542
-598
-569
-564
-634
-709
-702
-673
-698
-765
-782
-755
-736
-741
-756
-754
-724
-681
-657
-648
-629
-574
-504
-472
-467
-419
-329
-259
-253
-234
-155
-71
-43
-42
-4
61
91
90
100
124
143
133
114
106
107
90
60
27
-1
-30
-63
-103
-138
-172
-208
-251
-283
-303
-329
-363
-392
-400
-409
-426
-443
-432
-419
-421
-421
-400
-367
-343
-330
-306
-255
-205
-176
-147
-104
-46
1
36
78
128
177
218
251
281
325
374
406
414
431
466
511
521
510
517
546
564
552
534
542
558
548
520
500
494
491
473
435
399
387
381
349
306
267
249
228
192
155
127
103
79
51
19
-4
-18
-30
-41
-63
-87
-90
-79
-78
-94
-102
-93
-78
-71
-71
-71
-71
-55
-30
-32
-47
-42
-16
7
-11
-33
-18
15
14
-15
-30
-11
12
-5
-29
-33
-23
-15
-26
-43
-51
-44
-34
-44
-63
-72
-62
-57
-69
-87
-93
-83
-84
-97
-115
-118
-116
-113
-127
-143
-151
-146
-136
-147
-168
-175
-158
-147
-159
-173
-163
-142
-141
-150
-156
-134
-108
-111
-122
-115
-91
-71
-75
-83
-70
-53
-47
-50
-55
-44
-29
-35
-46
-46
-31
-16
-24
-33
-30
-10
4
3
-1
15
39
50
52
63
91
112
127
135
152
182
217
241
244
256
283
318
338
340
345
371
399
405
399
408
435
450
440
427
428
445
451
432
409
396
404
398
374
346
330
319
300
268
232
212
189
157
111
67
38
14
-25
-76
-124
-160
-186
-227
-272
-312
-343
-374
-412
-444
-470
-490
-511
-534
-553
-561
-560
-559
-566
-569
-561
-544
-526
-511
-497
-478
-450
-425
-403
-372
-338
-308
-282
-260
-228
-189
-165
-140
-117
-97
-69
-46
-29
-10
4
26
42
51
61
73
91
94
88
92
107
116
111
106
109
112
113
109
106
105
102
98
87
74
70
72
62
45
29
25
30
14
-5
-15
-19
-28
-45
-56
-59
-63
-76
-86
-87
-87
-89
-88
-85
-81
-81
-74
-64
-58
-55
-41
-25
-20
-12
10
27
37
42
61
84
92
99
115
135
141
143
158
172
181
179
188
203
204
197
206
218
208
209
215
217
212
205
205
209
196
185
188
184
170
159
158
149
134
118
116
108
86
70
62
51
29
13
2
-15
-35
-52
-65
-82
-100
-116
-130
-146
-163
-174
-183
-199
-213
-223
-226
-234
-242
-239
-240
-245
-243
-238
-234
-232
-227
-213
-209
-201
-188
-172
-160
-152
-135
-119
-107
-93
-75
-62
-51
-39
-22
-6
2
11
27
42
50
55
63
77
79
80
84
93
92
89
96
97
94
90
89
90
82
71
71
69
63
52
46
43
38
28
23
22
15
7
8
9
4
0
-1
7
8
5
15
24
33
38
46
62
76
81
95
112
126
136
150
170
178
183
193
210
217
215
224
234
240
237
231
239
236
225
218
211
210
192
181
178
165
146
136
130
116
92
74
69
55
36
23
16
0
-14
-24
-29
-36
-49
-53
-55
-59
-64
-68
-66
-68
-74
-75
-72
-71
-74
-75
-79
-77
-81
-85
-88
-91
-97
-106
-111
-116
-122
-130
-135
-138
-146
-151
-154
-157
-161
-163
-170
-170
-169
-170
-172
-170
-170
-168
-162
-160
-154
-154
-152
-144
-139
-135
-133
-123
-118
-119
-109
-100
-96
-93
-87
-79
-69
-66
-58
-47
-42
-34
-26
-15
-6
3
8
22
33
40
57
66
80
89
101
115
127
139
150
160
169
178
187
195
198
203
203
204
204
200
195
186
174
163
149
137
123
107
94
74
56
39
23
5
-16
-33
-51
-69
-84
-98
-116
-133
-150
-160
-172
-182
-191
-202
-212
-224
-228
-231
-237
-241
-242
-244
-249
-244
-239
-234
-229
-223
-211
-200
-187
-172
-159
-144
-127
-112
-89
-67
-46
-24
-4
18
38
61
82
98
116
135
151
167
182
193
205
211
219
223
225
229
224
217
211
205
198
190
177
163
145
130
111
94
77
55
34
13
-7
-29
-48
-70
-88
-110
-132
-148
-164
-183
-203
-216
-232
-246
-256
-263
-268
-276
-282
-283
-285
-286
-280
-272
-263
-256
-244
-226
-210
-195
-174
-149
-129
-102
-76
-45
-19
10
36
66
97
124
151
182
205
230
257
280
300
317
333
346
360
367
375
382
381
376
371
364
357
346
330
313
297
275
254
235
204
177
151
122
92
68
36
8
-18
-46
-69
-94
-115
-133
-158
-176
-191
-205
-215
-224
-235
-239
-244
-245
-238
-239
-229
-222
-213
-199
-186
-173
-157
-136
-119
-99
-81
-60
-35
-13
7
27
50
70
90
111
129
146
165
181
195
207
219
227
236
239
242
250
248
244
240
232
223
214
201
186
174
156
139
122
101
78
58
40
18
-7
-24
-44
-64
-82
-101
-115
-134
-147
-160
-170
-180
-188
-194
-201
-202
-205
-203
-201
-196
-195
-187
-179
-171
-160
-151
-136
-123
-109
-93
-76
-65
-47
-31
-16
0
16
31
48
62
74
86
105
118
125
139
146
156
159
168
173
173
179
178
178
180
178
173
170
163
155
147
136
126
114
103
92
80
66
52
40
26
9
-4
-20
-35
-48
-62
-75
-90
-102
-117
-125
-140
-149
-157
-169
-173
-183
-189
-193
-194
-202
-205
-203
-204
-205
-204
-201
-197
-190
-182
-177
-170
-167
-155
-143
-135
-126
-114
-98
-85
-76
-64
-48
-35
-22
-7
8
20
33
50
65
77
87
102
115
125
134
147
153
159
170
173
175
183
183
184
188
184
185
183
179
172
164
160
154
141
131
119
110
102
87
73
61
53
42
25
13
-1
-10
-20
-34
-47
-58
-69
-78
-89
-99
-104
-111
-116
-120
-123
-127
-127
-129
-132
-131
-130
-121
-117
-116
-110
-101
-98
-89
-81
-76
-64
-57
-52
-39
-33
-22
-12
-5
4
10
20
27
30
36
44
53
57
60
66
72
73
72
76
77
78
82
77
78
81
75
76
74
68
65
62
58
52
44
40
35
26
22
16
10
3
-4
-12
-18
-24
-31
-41
-50
-55
-62
-69
-73
-72
-82
-85
-88
-94
-98
-102
-103
-108
-111
-111
-112
-111
-109
-110
-107
-104
-102
-96
-95
-88
-84
-84
-76
-71
-68
-59
-51
-41
-32
-26
-14
-9
-2
6
12
19
26
33
37
45
53
57
67
74
78
82
90
93
97
102
106
107
110
114
116
116
119
121
120
121
121
119
119
116
114
113
108
106
101
97
95
92
89
81
79
73
69
61
56
48
41
37
27
23
18
9
1
-5
-10
-15
-23
-27
-32
-40
-47
-48
-53
-61
-63
-65
-68
-70
-72
-73
-70
-73
-72
-71
-69
-65
-66
-63
-58
-57
-54
-46
-45
-42
-37
-31
-28
-26
-22
-17
-13
-10
-4
-2
1
7
4
6
9
6
4
4
3
-2
-4
-6
-8
-14
-19
-24
-28
-39
-43
-50
-61
-66
-74
-80
-86
-92
-98
-101
-106
-108
-112
-117
-117
-120
-123
-122
-120
-118
-113
-109
-104
-95
-89
-81
-73
-61
-54
-43
-30
-18
-5
5
22
33
43
55
68
82
90
101
116
122
135
143
151
158
161
164
168
169
171
170
166
169
162
159
155
148
146
138
132
127
116
107
99
88
76
71
62
49
45
35
24
17
7
-3
-11
-18
-27
-33
-40
-46
-50
-56
-60
-66
-68
-71
-74
-77
-80
-79
-84
-83
-84
-84
-85
-84
-81
-82
-77
-76
-73
-69
-66
-63
-58
-56
-51
-44
-43
-35
-28
-22
-21
-14
-8
-6
3
4
6
13
18
16
24
25
30
32
32
35
38
38
37
38
35
34
33
32
27
25
22
15
13
7
-1
-4
-9
-17
-26
-29
-34
-38
-44
-51
-55
-63
-68
-71
-75
-81
-82
-85
-90
-89
-91
-93
-94
-94
-96
-94
-92
-93
-92
-84
-84
-82
-73
-72
-66
-60
-57
-48
-44
-37
-27
-20
-11
-5
1
10
18
27
35
45
55
62
69
77
87
92
100
110
114
122
130
136
141
149
153
158
161
164
168
172
175
175
178
177
175
171
173
167
164
164
156
151
148
141
133
129
123
117
110
102
88
79
74
59
48
39
25
15
6
-10
-21
-28
-41
-56
-67
-75
-90
-99
-107
-120
-131
-137
-146
-153
-158
-164
-166
-173
-176
-180
-188
-189
-189
-189
-187
-186
-181
-178
-175
-168
-165
-158
-150
-141
-133
-123
-114
-104
-94
-85
-72
-62
-46
-34
-26
-11
-5
10
21
30
41
53
62
71
80
83
94
103
104
110
116
113
117
118
113
113
109
101
97
95
83
75
68
56
43
37
26
8
3
-12
-28
-35
-48
-58
-69
-79
-90
-97
-103
-114
-119
-126
-132
-129
-129
-130
-126
-123
-120
-115
-104
-96
-89
-71
-59
-47
-32
-15
-1
16
34
50
71
85
100
117
131
142
156
171
180
190
200
206
210
216
218
217
220
215
209
206
199
190
179
169
154
141
128
107
93
75
56
41
23
6
-14
-32
-53
-70
-87
-102
-117
-132
-142
-157
-164
-173
-181
-192
-198
-200
-205
-206
-207
-207
-204
-202
-197
-192
-186
-175
-167
-153
-143
-130
-115
-102
-88
-73
-55
-44
-29
-10
3
17
35
46
57
69
81
89
99
107
109
124
130
127
132
136
132
132
131
127
121
120
109
104
100
86
81
71
58
46
37
30
17
3
-3
-11
-23
-29
-37
-44
-52
-58
-62
-66
-70
-72
-68
-70
-67
-64
-61
-56
-54
-45
-40
-32
-24
-16
-8
2
11
21
31
38
49
57
66
71
81
87
90
99
99
104
105
107
110
110
112
106
104
100
98
93
86
78
74
63
54
48
36
27
19
6
-2
-16
-24
-34
-44
-54
-64
-69
-79
-89
-96
-104
-111
-113
-115
-122
-123
-126
-129
-133
-134
-132
-134
-129
-128
-131
-120
-118
-116
-109
-105
-100
-93
-86
-81
-74
-66
-60
-49
-41
-35
-25
-20
-11
-2
7
14
18
33
36
41
54
58
67
73
79
83
89
96
98
105
108
108
112
114
115
115
119
122
121
120
118
118
115
111
109
106
100
97
94
88
79
73
68
63
54
45
39
33
28
22
15
7
1
-4
-9
-13
-18
-24
-29
-35
-37
-42
-44
-49
-55
-56
-61
-59
-65
-72
-71
-76
-77
-76
-79
-83
-87
-87
-89
-87
-87
-87
-86
-84
-88
-88
-86
-91
-89
-88
-90
-92
-91
-92
-88
-88
-87
-88
-88
-88
-84
-82
-82
-76
-73
-69
-61
-57
-53
-47
-45
-37
-33
-26
-20
-17
-4
0
7
16
21
29
35
46
49
57
64
69
77
80
87
94
98
103
108
113
112
113
112
113
114
111
107
103
94
90
81
76
72
60
53
47
38
29
22
14
3
-5
-15
-22
-29
-36
-43
-49
-50
-58
-65
-72
-75
-77
-76
-75
-76
-71
-67
-63
-54
-52
-47
-37
-31
-24
-15
-4
6
18
27
36
49
57
65
74
80
88
94
101
107
108
111
113
111
113
112
111
108
106
103
96
90
82
72
64
59
45
35
23
14
2
-11
-19
-30
-41
-52
-63
-73
-87
-93
-97
-107
-114
-121
-127
-130
-135
-141
-145
-146
-146
-145
-144
-148
-143
-139
-135
-130
-125
-119
-113
-106
-98
-88
-83
-75
-64
-55
-49
-41
-32
-24
-15
-9
-2
8
15
17
26
30
38
42
45
55
56
59
65
67
66
70
70
72
72
74
75
75
72
73
72
67
67
63
59
56
53
50
46
45
40
33
30
30
23
19
17
11
6
1
2
-3
-7
-7
-11
-12
-15
-17
-17
-16
-17
-14
-14
-16
-13
-10
-11
-8
-4
3
7
13
18
25
35
37
43
48
50
56
65
69
73
82
85
89
90
92
94
97
99
98
96
97
93
88
87
84
79
74
69
64
53
47
41
29
20
13
5
-6
-15
-23
-37
-45
-54
-63
-73
-83
-85
-101
-105
-110
-117
-126
-131
-131
-138
-141
-146
-146
-147
-149
-146
-146
-143
-141
-136
-131
-129
-125
-118
-111
-104
-103
-95
-84
-77
-73
-63
-54
-47
-39
-32
-22
-15
-10
1
8
17
27
33
46
52
55
62
68
73
79
84
90
96
98
105
107
109
114
115
118
117
115
118
115
113
111
107
111
106
97
95
91
81
75
71
57
49
45
36
28
15
6
0
-9
-19
-28
-36
-45
-51
-60
-71
-74
-79
-83
-90
-95
-97
-99
-102
-102
-106
-105
-102
-100
-100
-95
-88
-88
-79
-74
-69
-63
-52
-40
-33
-25
-15
-4
7
14
27
32
38
53
63
74
82
90
100
103
109
117
121
126
131
133
140
139
141
139
140
138
133
133
129
121
116
113
103
97
89
78
72
54
45
31
18
7
-7
-19
-34
-47
-61
-72
-87
-98
-109
-125
-135
-144
-157
-161
-172
-181
-188
-190
-192
-196
-196
-198
-196
-192
-188
-181
-175
-166
-155
-146
-135
-121
-105
-92
-77
-60
-43
-28
-11
6
23
36
52
72
84
103
116
129
142
153
161
171
176
181
189
192
193
192
190
188
181
178
167
160
153
140
131
117
103
86
75
57
42
29
12
-1
-17
-31
-43
-57
-68
-81
-91
-102
-109
-115
-123
-125
-131
-133
-134
-136
-134
-130
-126
-120
-113
-107
-98
-90
-81
-69
-62
-47
-37
-25
-14
-1
10
22
32
43
50
63
67
74
80
84
91
93
98
99
101
101
98
95
94
91
85
80
75
66
59
53
44
35
22
17
7
-3
-11
-16
-25
-33
-38
-48
-52
-56
-63
-67
-71
-73
-79
-78
-80
-81
-81
-82
-77
-77
-75
-71
-68
-67
-62
-56
-55
-49
-44
-40
-38
-30
-25
-25
-18
-13
-11
-7
-3
2
5
5
10
14
13
13
19
19
16
19
23
19
20
22
21
20
19
18
18
20
18
17
17
16
13
14
14
11
12
11
9
9
5
5
3
2
2
-1
-3
-3
-8
-9
-7
-8
-12
-11
-10
-10
-13
-17
-13
-17
-16
-17
-17
-17
-19
-12
-15
-16
-12
-15
-11
-10
-9
-6
-2
-1
3
3
9
13
13
20
24
28
29
32
33
39
41
44
53
51
57
61
61
63
65
65
65
66
64
64
63
63
61
57
54
52
51
47
44
40
33
27
24
16
8
0
-4
-10
-17
-22
-24
-29
-34
-39
-47
-51
-57
-59
-64
-66
-68
-70
-69
-73
-73
-70
-70
-74
-71
-67
-67
-67
-60
-57
-54
-48
-47
-44
-37
-35
-31
-25
-23
-20
-13
-12
-4
-1
2
7
13
13
16
22
20
26
28
30
32
35
35
36
37
37
38
38
37
38
34
34
35
36
34
31
35
33
33
27
28
25
23
26
24
24
21
20
20
18
20
16
15
17
12
9
12
9
6
9
6
6
3
-1
-5
-7
-7
-7
-9
-12
-14
-17
-22
-24
-24
-26
-29
-33
-31
-34
-40
-39
-43
-43
-45
-46
-45
-47
-46
-44
-42
-42
-45
-40
-40
-38
-34
-32
-26
-25
-21
-14
-10
-8
-3
0
1
5
13
15
20
27
31
34
38
41
42
47
50
51
51
52
57
55
56
59
56
54
53
55
50
47
46
42
35
31
28
23
17
11
7
-1
-4
-9
-13
-15
-22
-26
-29
-36
-40
-43
-47
-49
-54
-53
-57
-56
-59
-58
-56
-56
-53
-50
-52
-46
-43
-40
-35
-31
-28
-26
-22
-15
-11
-11
-1
2
5
10
17
23
24
31
32
37
41
42
44
46
45
48
48
49
48
47
45
46
43
38
42
35
33
32
29
26
20
17
14
6
3
1
-6
-10
-10
-15
-25
-25
-29
-33
-35
-41
-43
-45
-49
-49
-53
-56
-53
-55
-55
-59
-58
-59
-57
-57
-55
-53
-54
-51
-49
-49
-45
-44
-43
-32
-34
-31
-25
-20
-18
-16
-10
-6
-2
2
4
4
8
13
16
18
24
27
27
34
39
38
46
49
50
50
53
53
54
58
57
58
60
59
59
57
53
58
56
56
57
56
56
52
52
49
50
46
47
42
40
40
37
38
33
35
31
29
29
26
23
21
17
15
12
9
6
2
6
3
1
3
-2
-6
-7
-7
-11
-12
-12
-16
-15
-20
-23
-22
-22
-24
-24
-27
-28
-30
-32
-31
-32
-34
-38
-38
-37
-38
-36
-38
-38
-36
-38
-37
-40
-41
-38
-38
-41
-36
-38
-38
-35
-36
-34
-31
-31
-30
-28
-27
-23
-23
-21
-22
-17
-17
-18
-16
-13
-12
-9
-9
-8
-7
-5
-5
-6
-2
-6
-5
-1
0
1
2
1
1
1
-2
-2
-3
-5
-2
-3
-3
0
-2
-1
1
-3
-1
-1
-2
1
2
3
4
7
9
11
12
18
20
21
26
26
30
33
36
42
43
46
49
56
56
55
63
62
64
66
67
68
68
70
73
69
72
72
66
63
58
58
56
53
49
44
40
34
32
25
18
12
4
-4
-9
-18
-23
-28
-37
-40
-44
-49
-55
-59
-67
-73
-75
-78
-80
-83
-83
-86
-89
-87
-90
-89
-87
-87
-83
-84
-81
-78
-72
-69
-65
-58
-51
-46
-41
-33
-30
-24
-18
-12
-6
-1
5
10
14
17
23
28
35
37
42
44
45
47
47
49
51
52
49
48
51
47
45
42
40
36
32
35
26
23
18
15
11
4
0
-6
-12
-17
-20
-26
-30
-31
-34
-38
-39
-42
-45
-46
-48
-49
-48
-46
-49
-47
-43
-43
-39
-32
-28
-26
-19
-14
-11
-4
-3
3
12
15
23
31
32
38
48
52
58
63
66
70
74
75
82
80
81
84
84
85
82
83
79
80
76
73
71
62
60
50
46
38
34
30
20
19
11
3
-3
-12
-20
-27
-33
-39
-47
-52
-55
-62
-70
-72
-79
-83
-83
-85
-90
-91
-91
-89
-88
-87
-85
-87
-85
-81
-80
-75
-68
-64
-61
-55
-48
-45
-38
-29
-23
-15
-13
-4
1
6
12
17
22
26
31
34
38
43
43
47
49
50
55
50
54
53
50
51
47
49
48
41
37
36
34
30
26
23
18
11
7
5
-2
-5
-4
-10
-16
-17
-21
-24
-25
-28
-26
-27
-28
-27
-30
-29
-28
-28
-29
-26
-24
-24
-19
-21
-16
-14
-13
-11
-7
-2
-1
2
7
9
9
12
14
17
18
19
23
25
25
29
30
29
29
30
32
29
28
30
29
28
24
26
22
23
22
17
21
19
17
14
14
9
8
7
6
5
1
2
-1
0
-5
-5
-3
-10
-9
-10
-12
-16
-21
-19
-17
-23
-26
-26
-27
-30
-29
-35
-33
-30
-34
-36
-34
-33
-35
-34
-35
-31
-34
-33
-28
-25
-24
-27
-25
-24
-25
-24
-20
-20
-17
-14
-14
-12
-11
-13
-10
-9
-10
-5
-7
-2
-2
-4
-2
1
-1
-1
3
5
5
7
8
9
6
5
5
8
9
7
11
11
10
10
10
14
18
19
16
18
20
17
20
23
21
24
23
26
30
31
31
31
36
31
30
36
34
34
36
36
31
34
32
29
31
27
27
26
23
18
15
14
11
6
1
3
-4
-7
-10
-14
-15
-19
-21
-24
-30
-32
-34
-36
-40
-40
-43
-44
-45
-45
-44
-41
-41
-41
-37
-34
-32
-31
-28
-21
-21
-16
-9
-6
-2
0
4
9
10
15
18
20
23
28
31
33
34
38
37
39
44
40
44
44
40
41
37
33
36
30
28
27
21
17
15
14
9
4
0
-2
-6
-11
-11
-11
-13
-17
-19
-20
-26
-29
-28
-29
-29
-31
-32
-30
-31
-34
-34
-32
-30
-31
-29
-27
-24
-22
-20
-15
-16
-10
-10
-4
-1
2
2
1
10
10
12
17
21
23
24
26
30
28
27
33
34
31
32
35
34
33
34
33
33
33
31
29
28
28
24
23
21
17
16
14
12
12
9
3
4
3
0
-2
-3
-3
-5
-8
-8
-11
-13
-14
-15
-13
-16
-17
-18
-20
-19
-19
-21
-22
-23
-23
-22
-20
-20
-20
-18
-17
-15
-17
-16
-15
-13
-12
-9
-8
-8
-10
-6
-5
-5
0
0
3
5
7
11
8
10
10
11
14
13
13
14
16
15
16
15
13
14
10
9
9
8
7
4
4
3
0
-2
-1
-4
-8
-8
-9
-10
-13
-15
-11
-15
-18
-15
-17
-21
-19
-19
-23
-23
-21
-20
-23
-21
-21
-20
-18
-17
-10
-12
-9
-3
-2
-2
1
3
7
10
12
17
21
23
27
33
36
35
35
36
35
35
42
41
39
39
40
39
41
40
37
39
38
33
31
27
24
23
19
19
10
9
5
-1
-5
-8
-8
-15
-18
-26
-27
-29
-34
-36
-35
-38
-41
-41
-43
-41
-47
-43
-42
-45
-44
-44
-39
-39
-39
-35
-33
-31
-27
-25
-24
-20
-18
-14
-13
-9
-4
-4
-2
4
7
7
11
14
16
18
19
21
23
23
23
26
24
28
27
24
25
22
22
21
19
17
18
16
15
12
12
10
6
8
4
3
5
-2
-2
1
-3
-5
-5
-9
-8
-8
-9
-11
-4
-8
-11
-9
-10
-10
-11
-9
-9
-11
-11
-12
-12
-13
-15
-13
-11
-14
-12
-9
-14
-13
-15
-14
-10
-14
-10
-9
-8
-7
-9
-8
-6
-5
-5
-2
-2
-3
-2
-1
4
2
3
5
7
10
12
12
15
18
18
21
23
24
24
27
27
23
23
24
23
25
21
23
23
19
20
15
18
14
10
7
6
4
2
0
-4
-6
-10
-13
-14
-20
-21
-22
-26
-28
-28
-32
-33
-33
-37
-35
-36
-39
-39
-38
-40
-36
-38
-39
-36
-34
-33
-33
-27
-27
-25
-19
-20
-17
-14
-13
-9
-6
-3
-3
4
8
6
13
13
20
22
23
28
30
35
35
38
41
43
41
45
46
46
46
48
51
52
47
43
44
45
44
42
42
38
33
33
29
26
20
18
15
12
8
7
2
-1
1
-6
-7
-11
-15
-19
-20
-24
-28
-28
-27
-30
-34
-34
-35
-33
-34
-38
-39
-36
-31
-33
-30
-27
-27
-25
-23
-20
-19
-14
-11
-6
-5
-3
2
4
9
8
13
16
14
19
21
23
26
26
26
27
26
27
28
27
23
24
23
23
25
17
18
17
14
11
7
4
1
0
-7
-7
-8
-11
-13
-18
-21
-16
-23
-23
-20
-22
-24
-24
-23
-29
-25
-27
-24
-22
-21
-23
-20
-17
-19
-14
-13
-11
-9
-7
-3
-3
-2
1
8
11
14
16
17
20
21
20
23
25
24
24
24
27
23
25
24
25
21
22
22
14
17
12
10
10
7
5
3
1
2
0
-3
-5
-6
-7
-13
-11
-14
-17
-20
-21
-21
-22
-23
-21
-20
-21
-22
-21
-19
-19
-17
-13
-12
-15
-10
-9
-7
-7
-2
1
3
4
7
8
8
7
12
14
16
17
17
19
19
21
18
19
21
18
16
18
17
17
16
15
12
11
9
7
10
8
3
2
-1
-6
-7
-11
-10
-12
-16
-13
-15
-14
-16
-15
-15
-17
-19
-17
-17
-21
-21
-19
-22
-24
-18
-19
-18
-15
-19
-17
-20
-18
-16
-19
-16
-16
-19
-17
-17
-17
-16
-16
-15
-15
-12
-15
-13
-9
-12
-12
-8
-6
-10
-10
-9
-8
-8
-7
-7
-5
-4
-4
0
2
4
1
4
9
7
8
12
12
14
15
13
16
17
19
24
25
27
28
34
33
33
36
32
37
39
35
40
40
38
40
36
34
36
33
31
31
26
24
22
17
17
16
14
13
12
6
2
2
-1
-6
-6
-9
-10
-11
-15
-17
-20
-23
-22
-27
-26
-26
-27
-26
-27
-27
-31
-26
-29
-30
-29
-30
-27
-24
-23
-27
-24
-21
-21
-19
-14
-12
-11
-10
-6
-5
-7
-2
-1
-2
-1
2
4
4
6
9
11
11
12
14
12
11
12
13
10
11
11
12
14
14
13
12
11
14
8
9
10
7
8
6
3
3
3
2
2
-1
-5
-7
-11
-9
-12
-12
-12
-13
-12
-13
-14
-14
-15
-17
-16
-18
-19
-18
-18
-18
-18
-17
-16
-14
-15
-17
-12
-10
-10
-10
-6
-4
-5
-1
-1
1
3
3
7
7
10
11
11
14
17
14
20
19
21
23
22
25
25
27
24
30
26
24
24
24
23
21
24
20
23
20
19
21
19
16
18
19
16
15
13
9
8
5
4
0
-4
-4
-10
-9
-13
-14
-18
-19
-17
-22
-20
-23
-24
-25
-27
-30
-29
-27
-29
-32
-32
-36
-33
-30
-32
-31
