-2
-3
-2
-1
1
1
-1
2
1
2
2
3
2
4
4
0
1
0
-1
1
-3
-3
0
-1
-1
-1
-2
-4
-5
-5
-3
-2
-1
-2
0
-2
-4
0
0
0
1
1
3
5
4
3
2
1
0
0
0
0
1
1
2
0
-3
0
2
2
2
-6
-5
-5
-4
-3
-3
-1
-4
1
-1
1
-5
-4
-2
-3
2
-2
-3
0
-3
2
4
2
1
0
3
4
4
2
2
3
2
5
5
4
3
4
6
2
4
8
4
7
6
1
6
8
6
6
5
0
3
3
5
7
3
8
7
4
4
4
6
2
1
3
4
5
3
5
2
4
0
-1
2
1
1
3
4
1
2
1
0
1
0
1
-2
-3
-1
0
-6
-3
1
0
-6
-4
-1
-3
-1
-4
-3
-3
-3
-2
-3
1
0
-3
-3
-5
-4
-1
-3
-4
-3
-2
-5
-5
-2
-2
-1
1
-3
-3
-2
-2
-4
-2
-1
-1
3
0
0
-2
1
1
3
2
0
2
-4
-1
0
-2
-2
-3
-2
2
-1
-2
2
1
-2
1
0
-2
1
-2
-1
0
-1
0
1
-2
-3
0
-3
-1
1
1
-2
-2
-1
-3
-3
-3
-4
-5
-5
-3
-3
-4
-3
-4
-3
-5
-6
-2
-5
-3
-1
-5
-2
-4
-4
-4
-6
1
2
1
-1
-2
-1
-1
-2
-2
0
-2
0
-2
-5
-1
1
0
-3
-2
-2
-2
-2
-4
-2
-2
-4
0
5
1
0
-2
-1
-1
-2
1
-2
-2
-1
-1
-1
-1
0
-2
-3
-3
-5
-2
-1
3
1
-2
-1
-4
-3
-1
0
1
0
-1
-2
-1
2
-1
-2
0
-1
1
2
3
2
2
-1
0
0
-3
-5
-3
-3
-1
-2
-2
-1
-3
-1
-1
0
-1
1
-1
-4
-3
-2
1
0
3
-1
1
6
3
4
3
1
2
2
2
0
-1
5
4
3
2
-1
1
-1
-1
1
3
3
0
0
0
-2
2
0
2
0
-5
-1
-2
1
0
0
-1
-3
-2
-4
-4
-6
-6
-6
-5
-3
-3
-6
-9
-8
-5
-7
-7
-6
-8
-2
-3
-6
-5
-8
-8
-7
-7
-7
-6
-6
-5
-7
-8
-7
-7
-6
-5
-4
-5
0
0
-3
-2
0
-1
-1
0
0
-3
1
1
2
5
3
4
3
1
1
3
1
0
1
0
1
1
4
2
-1
3
2
1
3
1
-1
-2
1
0
-1
-1
-1
-1
1
0
-1
2
-1
-2
0
3
3
0
-3
0
-2
-2
0
-3
0
5
6
3
2
1
0
-1
-1
2
2
1
-1
-2
1
-1
0
1
-1
1
-1
1
1
2
1
0
0
0
3
1
2
4
4
1
-1
1
1
3
0
1
4
2
4
3
1
2
4
1
0
4
1
0
-2
3
1
1
4
2
2
2
3
4
2
-1
3
1
2
4
5
6
2
1
3
6
5
5
7
6
4
4
1
2
1
1
4
5
3
-1
-1
-1
-1
0
0
3
4
1
-1
2
4
3
2
2
1
-2
2
4
1
2
5
6
4
4
5
5
3
1
4
1
3
6
1
6
4
-1
-2
1
1
1
2
-2
0
-1
-1
0
2
0
-2
3
5
2
3
2
1
3
6
2
1
1
2
1
2
5
4
7
5
3
3
5
5
4
4
5
7
5
6
4
2
3
3
2
2
1
2
-2
2
3
2
2
-1
1
0
1
1
1
4
2
2
4
6
2
-2
3
2
1
3
1
1
3
4
4
3
2
3
1
-1
1
0
2
3
-2
-3
-2
-1
-2
-3
-3
-3
-4
0
-1
-2
1
1
-1
-1
-2
0
-1
-1
2
-1
2
2
0
-1
1
0
-1
-1
-5
0
0
0
1
-3
-3
-5
-2
-1
-1
-2
-2
-3
-8
-6
-2
-2
-2
-3
-4
-3
-3
-1
-2
-2
-5
-4
-3
-3
-1
-3
0
-2
-1
1
-1
0
-3
1
1
-4
-1
-2
0
-3
2
4
-2
-1
-4
-4
-1
-1
-2
1
0
-3
-3
-4
-2
-3
-6
-7
-6
-4
-7
-8
-5
-2
-5
-3
-6
-8
-10
-11
-4
-7
-8
-9
-10
-6
-9
-4
-2
-4
-4
-4
-2
-3
-5
-3
-1
1
0
-1
-3
1
1
0
2
-1
-1
0
1
2
1
-1
0
3
4
4
1
2
3
0
2
1
-1
-1
-3
0
1
-2
0
-1
0
1
1
-1
-3
-4
-6
-8
-7
-4
-3
-2
-4
-4
-5
0
-1
-3
-3
-6
-1
-2
3
1
-3
-2
-4
-2
0
-1
-4
-1
1
-1
-1
-7
-7
-5
-2
-3
-1
0
0
2
2
-1
-2
0
0
1
1
4
2
2
3
5
6
2
5
4
5
3
4
6
3
3
5
3
3
1
3
5
-1
1
2
-1
-2
-2
-1
-2
0
2
1
0
0
1
0
1
-4
-1
2
1
1
1
3
2
1
1
0
1
0
0
-1
-1
1
-2
-3
-6
0
0
-2
-1
-1
-2
-1
1
3
-1
-2
-3
-3
-2
-1
0
-6
-1
-3
-1
-1
-2
-1
-1
2
0
1
1
0
2
2
3
5
2
5
2
3
4
2
5
4
4
4
3
-1
2
3
1
3
3
5
6
2
0
3
2
0
1
3
0
0
4
6
-1
-1
0
-1
0
0
-1
-3
0
-1
-1
1
1
0
0
3
-3
-3
-4
-5
-4
-6
-5
-1
-2
0
-3
-4
-1
1
1
0
-1
-1
0
0
0
-2
1
-2
-2
3
3
2
2
-2
-2
0
-3
-1
2
-1
-2
2
2
1
1
0
2
-2
-1
-3
-1
2
-3
1
0
1
0
6
4
0
4
3
4
6
7
2
3
4
5
5
5
6
5
3
-2
-4
-2
-2
0
-2
-2
0
-3
-1
1
-1
0
0
1
1
-2
-1
0
-3
-3
-1
-4
-4
-6
-4
-4
-3
-4
-2
-3
-2
-4
-2
-1
-3
0
-1
-2
-4
-3
-4
-3
-6
-6
0
-1
1
0
3
1
1
3
4
2
-1
3
2
5
7
4
7
4
4
6
4
3
4
3
7
4
4
4
3
8
4
3
3
1
2
1
0
1
2
1
-1
0
0
1
1
-1
4
2
-1
1
-2
0
0
4
1
-1
3
-3
1
-2
-2
-1
-3
0
-2
-1
-1
-1
0
-2
-2
-1
-3
-3
-3
-5
-2
-4
-2
-2
-2
-3
-2
0
-1
-1
-3
-4
-3
-1
-4
-2
-2
-4
-3
-7
-3
-3
-4
-2
-3
-1
-2
-1
-1
0
-1
1
1
1
2
-1
-2
0
2
0
4
2
3
2
-1
3
0
0
1
-2
0
-2
-3
1
0
-4
-2
-1
-1
-2
-4
-4
-2
-3
-5
-5
-6
-7
-7
-7
-8
-9
-7
-8
-6
-8
-6
-8
-7
-4
-5
-3
-2
-3
-1
-4
-4
0
-1
0
-3
-3
-2
-2
1
1
-2
-3
-2
-1
0
-1
-2
-1
0
2
2
3
0
-4
-1
0
-1
0
-2
0
0
-5
-2
1
-2
0
-1
2
-1
2
2
0
2
0
3
0
-4
2
2
-1
-1
-2
0
0
0
0
0
-2
1
1
1
2
2
2
3
4
4
4
4
-2
1
3
0
2
1
2
1
4
4
2
0
-1
-1
3
5
-1
3
4
3
5
3
4
3
1
2
2
1
2
-2
2
5
4
2
-1
-1
1
2
-2
2
4
0
2
1
1
-1
-1
1
-1
-3
-1
0
1
-1
-2
2
0
-1
-2
-2
2
1
4
-1
-4
-1
-4
0
-1
0
0
3
6
3
2
2
2
1
3
2
1
5
4
4
5
3
6
5
6
8
6
7
7
7
5
2
2
2
6
8
6
6
7
4
3
4
3
1
2
2
3
5
2
3
3
2
4
3
2
3
3
4
4
4
4
3
4
5
3
3
4
2
2
2
3
6
7
5
7
4
5
6
1
3
1
0
2
1
1
4
1
-1
1
0
-1
1
1
-1
2
2
0
0
-1
-2
1
0
0
1
0
1
4
0
-1
-2
-2
1
-1
2
-2
-2
-2
-2
-2
-1
1
0
-2
-3
-1
-2
-3
-2
1
-1
-5
-3
-3
-3
-3
-2
0
-3
-3
-2
-4
-2
-4
0
1
0
1
-1
2
0
1
-2
-2
-5
-3
-2
-3
0
-1
-3
-2
-3
-4
0
-1
-1
-1
-1
-1
2
0
0
1
-2
-1
0
2
1
0
3
0
-1
-1
-5
1
0
-3
2
0
-1
-2
-1
-3
0
0
-1
-2
-1
-2
1
0
0
-2
-1
2
0
-1
-1
0
0
0
3
1
2
1
1
4
3
5
1
3
3
5
1
1
2
3
4
2
6
5
3
4
3
2
4
4
5
3
7
4
3
3
3
5
5
5
9
6
4
4
3
7
3
3
5
5
3
2
2
3
3
3
4
0
0
3
2
4
4
2
1
2
1
1
-2
-2
-1
-3
-1
-3
2
2
0
3
3
3
1
-2
0
1
2
3
2
-1
-7
-8
-4
-3
-7
-7
-6
-10
-8
-9
-8
-6
-7
-3
-6
-9
-8
-7
-6
-5
-2
-9
-8
-8
-9
-10
-12
-10
-11
-8
-7
-4
-5
-6
-5
-3
0
-4
1
1
2
2
0
-1
-1
-2
-2
1
-1
-6
-2
-3
-6
-4
-4
-5
-3
-5
-5
-7
-8
-8
-6
-9
-6
-2
-4
-1
2
4
7
6
8
10
10
13
12
8
5
5
0
-6
-8
-10
-13
-18
-19
-16
-17
-17
-12
-6
-3
-4
7
9
9
9
7
5
-1
-5
-13
-24
-29
-39
-47
-48
-53
-53
-44
-37
-27
-9
7
26
44
65
81
92
104
103
106
101
92
80
61
40
19
2
-13
-24
-29
-29
-24
-11
11
33
55
76
95
104
107
100
78
47
4
-50
-119
-201
-277
-348
-413
-473
-517
-538
-538
-515
-479
-418
-339
-251
-154
-60
41
139
217
288
337
372
389
386
378
362
335
306
277
257
246
250
260
278
300
330
363
391
412
417
411
380
329
260
173
73
-48
-175
-304
-432
-548
-657
-749
-816
-854
-860
-844
-807
-738
-650
-552
-443
-331
-215
-109
-13
68
137
196
236
267
285
303
316
327
347
373
405
440
476
517
563
607
644
665
675
675
656
621
566
496
417
328
232
137
51
-29
-101
-159
-204
-228
-239
-244
-241
-229
-212
-200
-187
-184
-189
-201
-224
-259
-297
-338
-384
-421
-462
-492
-512
-524
-524
-514
-494
-467
-435
-401
-364
-332
-301
-275
-259
-249
-242
-238
-240
-238
-232
-221
-208
-186
-150
-106
-51
14
81
157
236
317
395
466
531
586
635
674
698
714
723
722
711
701
686
668
654
642
629
623
624
621
622
630
632
630
628
617
596
564
518
459
392
305
206
102
-11
-125
-241
-354
-458
-551
-632
-700
-752
-793
-815
-828
-836
-838
-832
-829
-834
-847
-864
-886
-920
-957
-992
-1014
-1023
-1022
-1015
-983
-920
-836
-738
-631
-514
-395
-287
-199
-126
-77
-57
-81
-130
-205
-301
-410
-528
-636
-732
-807
-848
-854
-823
-747
-634
-492
-324
-135
72
275
473
658
821
974
1102
1211
1313
1407
1495
1585
1686
1812
1956
2117
2290
2471
2654
2833
2986
3101
3165
3166
3098
2955
2745
2458
2099
1687
1229
743
249
-236
-697
-1127
-1512
-1844
-2116
-2318
-2466
-2564
-2612
-2625
-2614
-2580
-2527
-2465
-2400
-2336
-2265
-2183
-2085
-1970
-1828
-1655
-1453
-1218
-951
-651
-323
15
350
682
994
1271
1509
1700
1841
1925
1948
1923
1845
1727
1576
1398
1204
993
779
562
342
123
-102
-333
-567
-811
-1061
-1323
-1589
-1853
-2120
-2380
-2620
-2833
-3014
-3155
-3250
-3289
-3268
-3186
-3050
-2855
-2617
-2335
-2014
-1668
-1297
-916
-533
-161
198
545
879
1200
1499
1778
2042
2290
2524
2744
2957
3161
3350
3522
3680
3828
3954
4050
4120
4165
4179
4152
4083
3962
3790
3551
3249
2903
2513
2068
1569
1033
487
-60
-612
-1138
-1622
-2067
-2472
-2823
-3098
-3290
-3420
-3499
-3526
-3510
-3451
-3363
-3244
-3103
-2955
-2804
-2649
-2483
-2306
-2108
-1890
-1658
-1422
-1161
-858
-525
-182
165
519
880
1219
1524
1808
2060
2260
2379
2431
2453
2427
2326
2160
1963
1747
1498
1229
970
738
515
288
74
-100
-236
-361
-474
-576
-668
-753
-841
-931
-1021
-1112
-1212
-1335
-1496
-1678
-1849
-2001
-2167
-2336
-2475
-2569
-2633
-2667
-2644
-2541
-2393
-2251
-2096
-1893
-1642
-1391
-1167
-947
-729
-528
-358
-192
4
196
358
485
638
838
1074
1328
1584
1852
2124
2413
2710
2998
3258
3480
3655
3776
3858
3911
3949
3962
3933
3883
3858
3872
3903
3909
3864
3784
3694
3592
3419
3144
2776
2340
1818
1197
526
-138
-794
-1515
-2278
-2966
-3492
-3894
-4241
-4507
-4640
-4652
-4605
-4484
-4243
-3905
-3591
-3352
-3144
-2899
-2633
-2396
-2190
-1994
-1792
-1605
-1402
-1135
-800
-431
-59
306
673
1082
1530
1966
2317
2568
2751
2893
2970
2938
2812
2623
2353
1976
1552
1163
822
475
82
-311
-642
-892
-1057
-1158
-1234
-1319
-1423
-1503
-1535
-1552
-1593
-1656
-1748
-1914
-2147
-2356
-2477
-2558
-2710
-2949
-3150
-3208
-3158
-3085
-2978
-2776
-2506
-2241
-1995
-1675
-1257
-849
-553
-352
-139
117
341
479
558
639
726
793
868
983
1136
1295
1432
1589
1815
2103
2404
2653
2834
2980
3122
3255
3343
3368
3341
3284
3182
3057
2969
2941
2961
2979
2986
3003
3051
3111
3155
3161
3102
2955
2721
2412
2038
1602
1112
574
-4
-592
-1146
-1646
-2092
-2473
-2771
-2985
-3127
-3196
-3183
-3099
-2994
-2899
-2777
-2617
-2473
-2396
-2352
-2284
-2194
-2128
-2100
-2028
-1868
-1667
-1462
-1236
-942
-593
-249
74
398
742
1056
1296
1468
1594
1682
1690
1608
1454
1246
999
742
489
230
-28
-246
-411
-531
-628
-683
-686
-724
-857
-1036
-1175
-1316
-1590
-2019
-2462
-2798
-3088
-3435
-3788
-3999
-4065
-4095
-4105
-3950
-3567
-3117
-2733
-2367
-1895
-1312
-747
-276
132
516
841
1075
1248
1421
1593
1713
1748
1756
1833
1997
2201
2371
2544
2797
3129
3447
3688
3899
4091
4218
4265
4279
4327
4370
4343
4332
4455
4741
5086
5398
5588
5528
5225
4901
4723
4466
3757
2638
1550
697
-187
-1257
-2257
-2977
-3677
-4590
-5381
-5610
-5420
-5343
-5496
-5509
-5193
-4782
-4482
-4172
-3763
-3455
-3378
-3370
-3207
-2878
-2542
-2320
-2200
-2085
-1814
-1281
-601
25
548
1072
1652
2224
2767
3320
3788
3947
3757
3507
3443
3419
3121
2504
1841
1303
826
331
-78
-338
-603
-972
-1283
-1321
-1128
-963
-978
-1068
-1120
-1113
-1119
-1235
-1510
-1916
-2311
-2654
-3039
-3515
-3930
-4134
-4264
-4465
-4591
-4392
-3914
-3483
-3184
-2733
-2033
-1350
-878
-446
108
593
808
866
1022
1210
1202
1010
870
852
866
882
951
1114
1299
1487
1722
2038
2412
2782
3070
3229
3311
3437
3603
3659
3526
3331
3269
3349
3464
3604
3880
4355
4965
5636
6295
6757
6843
6654
6531
6492
6066
4968
3578
2437
1445
142
-1395
-2632
-3453
-4337
-5427
-6169
-6200
-5945
-5930
-6011
-5760
-5213
-4741
-4421
-4061
-3669
-3481
-3525
-3564
-3449
-3272
-3170
-3156
-3158
-3033
-2643
-1984
-1241
-561
92
814
1594
2356
3109
3853
4383
4508
4350
4223
4211
4026
3472
2727
2072
1537
981
442
86
-120
-399
-755
-937
-795
-523
-429
-535
-662
-743
-912
-1253
-1730
-2269
-2898
-3657
-4425
-5045
-5467
-5815
-6181
-6437
-6383
-6004
-5464
-4899
-4248
-3420
-2498
-1655
-914
-157
597
1158
1394
1453
1556
1661
1589
1334
1100
1025
999
915
885
1052
1354
1643
1898
2235
2704
3173
3505
3689
3799
3870
3888
3848
3788
3757
3739
3716
3758
4013
4567
5274
5845
6072
6025
6007
6155
6217
5772
4751
3563
2522
1487
204
-1190
-2356
-3370
-4547
-5763
-6487
-6553
-6472
-6646
-6812
-6549
-5959
-5416
-4990
-4484
-3936
-3635
-3581
-3474
-3147
-2788
-2646
-2715
-2773
-2649
-2284
-1753
-1171
-621
-92
459
1075
1798
2627
3411
3881
3948
3857
3918
4062
3948
3427
2716
2065
1501
976
516
173
-154
-586
-979
-1094
-903
-673
-622
-706
-770
-804
-898
-1113
-1420
-1836
-2466
-3249
-4003
-4541
-4923
-5346
-5844
-6208
-6221
-5890
-5393
-4836
-4178
-3365
-2441
-1539
-672
207
1025
1599
1875
2032
2217
2326
2172
1812
1472
1258
1079
898
817
898
1055
1220
1470
1905
2478
3021
3410
3670
3896
4145
4357
4470
4472
4418
4366
4337
4405
4673
5173
5796
6328
6567
6522
6475
6665
6852
6458
5333
4034
3058
2111
742
-823
-2020
-2976
-4268
-5745
-6549
-6448
-6311
-6720
-7085
-6679
-5851
-5346
-5101
-4534
-3705
-3262
-3314
-3265
-2797
-2329
-2276
-2463
-2522
-2363
-2090
-1711
-1199
-629
-98
422
997
1682
2498
3312
3849
3943
3847
3936
4172
4113
3582
2904
2378
1903
1301
750
474
275
-172
-726
-898
-574
-226
-247
-461
-514
-416
-442
-693
-1034
-1439
-2041
-2864
-3667
-4251
-4676
-5168
-5769
-6228
-6301
-6012
-5571
-5105
-4519
-3711
-2778
-1864
-974
-28
861
1455
1713
1891
2153
2301
2080
1579
1145
912
720
463
306
386
582
735
955
1454
2182
2848
3291
3622
3977
4320
4517
4563
4545
4493
4391
4279
4297
4541
4977
5524
6123
6634
6853
6822
6877
7124
7135
6385
5083
3899
3019
1933
358
-1248
-2483
-3610
-4968
-6209
-6784
-6836
-6994
-7334
-7341
-6808
-6151
-5694
-5247
-4614
-3998
-3692
-3585
-3386
-3054
-2803
-2750
-2817
-2859
-2736
-2396
-1899
-1403
-933
-391
255
947
1677
2500
3286
3755
3854
3880
4064
4218
4003
3420
2790
2289
1813
1277
788
397
-9
-487
-820
-817
-616
-524
-643
-773
-768
-678
-672
-859
-1256
-1808
-2414
-3036
-3682
-4363
-5021
-5613
-6155
-6570
-6684
-6441
-6032
-5633
-5116
-4252
-3126
-2075
-1208
-313
652
1443
1884
2139
2376
2457
2204
1715
1297
1036
797
494
236
144
204
386
726
1276
1963
2625
3189
3688
4178
4623
4910
4964
4838
4662
4493
4360
4320
4447
4734
5135
5657
6261
6754
6926
6935
7084
7268
6968
5978
4803
3887
2939
1464
-273
-1622
-2613
-3854
-5386
-6465
-6736
-6738
-6999
-7220
-6922
-6272
-5729
-5304
-4694
-3945
-3435
-3279
-3180
-2916
-2605
-2471
-2548
-2715
-2785
-2620
-2247
-1825
-1449
-1018
-445
236
952
1755
2632
3341
3668
3782
4048
4436
4531
4126
3519
3044
2632
2070
1439
968
604
123
-403
-637
-503
-343
-433
-642
-707
-641
-675
-907
-1273
-1749
-2372
-3107
-3837
-4493
-5103
-5735
-6348
-6799
-6929
-6716
-6313
-5837
-5246
-4409
-3347
-2232
-1171
-147
819
1584
2057
2329
2528
2555
2269
1765
1306
980
650
258
-47
-110
7
208
550
1147
1935
2711
3357
3919
4444
4877
5108
5109
4964
4767
4575
4412
4330
4395
4666
5141
5754
6344
6681
6769
6893
7227
7419
6937
5837
4745
3937
2944
1384
-347
-1695
-2842
-4266
-5773
-6679
-6897
-7060
-7447
-7581
-7121
-6416
-5892
-5418
-4697
-3922
-3484
-3337
-3108
-2711
-2420
-2412
-2579
-2723
-2735
-2568
-2262
-1911
-1569
-1133
-524
192
962
1825
2737
3431
3776
4002
4400
4820
4850
4394
3804
3338
2880
2296
1692
1210
754
203
-287
-436
-285
-192
-351
-554
-538
-371
-345
-636
-1151
-1751
-2380
-3064
-3795
-4541
-5257
-5903
-6426
-6744
-6762
-6472
-6009
-5485
-4835
-3896
-2715
-1539
-533
369
1242
1938
2304
2434
2478
2410
2084
1554
1063
724
428
89
-165
-197
-20
307
808
1536
2405
3208
3827
4326
4772
5091
5147
4936
4613
4335
4145
4001
3920
3985
4270
4827
5563
6188
6470
6549
6815
7241
7247
6456
5304
4402
3584
2244
408
-1208
-2347
-3597
-5258
-6685
-7234
-7274
-7536
-7925
-7783
-7048
-6337
-5907
-5363
-4518
-3779
-3506
-3448
-3214
-2855
-2703
-2843
-3089
-3266
-3278
-3097
-2773
-2403
-1987
-1436
-725
75
977
1999
2952
3542
3817
4138
4642
4980
4764
4162
3591
3139
2578
1857
1215
728
209
-415
-854
-856
-658
-658
-882
-1003
-867
-736
-886
-1315
-1863
-2479
-3191
-3952
-4682
-5368
-6031
-6608
-6991
-7103
-6931
-6530
-5979
-5300
-4420
-3298
-2052
-876
158
1097
1897
2414
2617
2662
2616
2362
1853
1260
795
446
100
-215
-321
-144
226
746
1459
2344
3227
3920
4422
4821
5105
5156
4914
4510
4109
3806
3612
3513
3534
3696
4079
4762
5661
6455
6860
7006
7272
7684
7714
6950
5730
4649
3682
2293
414
-1337
-2614
-3847
-5411
-6835
-7450
-7439
-7487
-7709
-7549
-6822
-6016
-5452
-4889
-4097
-3397
-3139
-3151
-3042
-2794
-2728
-2964
-3317
-3546
-3588
-3438
-3127
-2705
-2198
-1560
-761
167
1212
2329
3348
4018
4354
4667
5123
5421
5188
4512
3834
3303
2695
1930
1224
742
306
-226
-628
-639
-397
-278
-383
-452
-337
-254
-457
-940
-1519
-2139
-2873
-3722
-4570
-5294
-5897
-6415
-6818
-6958
-6745
-6271
-5674
-4962
-4006
-2802
-1542
-439
498
1352
2051
2435
2485
2393
2260
1985
1463
864
432
174
-66
-304
-306
67
690
1378
2138
3012
3877
4520
4908
5158
5286
5175
4811
4378
4061
3855
3693
3629
3767
4145
4759
5602
6516
7167
7413
7559
7914
8192
7793
6652
5404
4418
3250
1505
-409
-1867
-3032
-4463
-6037
-6985
-7101
-7056
-7289
-7366
-6804
-5909
-5262
-4812
-4152
-3372
-2932
-2930
-2946
-2759
-2613
-2765
-3123
-3437
-3572
-3501
-3238
-2832
-2355
-1769
-1015
-112
896
1995
3106
3957
4392
4630
5004
5411
5394
4804
4037
3440
2891
2171
1426
910
525
26
-472
-600
-345
-126
-207
-347
-263
-61
-90
-464
-1034
-1683
-2413
-3230
-4066
-4865
-5621
-6306
-6847
-7141
-7129
-6825
-6330
-5724
-4948
-3897
-2635
-1397
-341
570
1382
1957
2171
2123
2005
1787
1322
680
126
-200
-466
-757
-877
-641
-86
601
1384
2301
3249
4009
4501
4804
4965
4910
4617
4187
3770
3417
3118
2921
2922
3154
3574
4187
5057
6131
7056
7515
7635
7814
8103
7964
7013
5599
4316
3117
1490
-510
-2251
-3479
-4702
-6234
-7496
-7846
-7585
-7480
-7580
-7289
-6408
-5501
-4932
-4421
-3718
-3136
-3036
-3230
-3283
-3180
-3241
-3616
-4090
-4364
-4327
-4021
-3572
-3066
-2456
-1631
-624
441
1540
2677
3703
4353
4635
4874
5204
5289
4820
4003
3262
2667
1982
1186
540
119
-282
-748
-1020
-889
-565
-410
-473
-485
-330
-234
-460
-999
-1679
-2416
-3230
-4109
-4965
-5745
-6444
-7042
-7436
-7503
-7228
-6725
-6086
-5297
-4294
-3096
-1850
-686
342
1222
1869
2179
2201
2101
1918
1532
924
302
-127
-399
-659
-833
-689
-191
504
1273
2153
3125
3977
4534
4816
4940
4941
4737
4339
3872
3444
3082
2802
2717
2901
3314
3880
4635
5667
6792
7569
7792
7845
8119
8316
7754
6402
4969
3849
2578
710
-1278
-2703
-3750
-5089
-6584
-7379
-7233
-6910
-6961
-6950
-6310
-5323
-4617
-4169
-3581
-2902
-2597
-2740
-2917
-2871
-2843
-3102
-3565
-3924
-4003
-3805
-3405
-2901
-2314
-1576
-636
418
1506
2651
3803
4684
5099
5268
5520
5765
5565
4832
3971
3319
2717
1950
1177
673
359
-43
-467
-570
-269
48
83
-2
65
224
154
-277
-922
-1617
-2375
-3243
-4176
-5049
-5785
-6415
-6946
-7262
-7208
-6788
-6182
-5502
-4660
-3541
-2235
-1019
-4
892
1678
2162
2230
2058
1877
1634
1146
493
-44
-332
-517
-703
-728
-397
246
1026
1860
2748
3627
4335
4776
4980
5037
4947
4671
4236
3749
3338
3050
2884
2869
3069
3505
4146
4984
6046
7083
7686
7784
7809
8055
8091
7302
5852
4473
3356
1950
9
-1851
-3105
-4157
-5570
-6950
-7466
-7149
-6881
-7011
-6929
-6183
-5219
-4625
-4266
-3732
-3140
-2977
-3238
-3454
-3420
-3444
-3790
-4277
-4560
-4503
-4189
-3727
-3168
-2502
-1665
-636
487
1628
2808
3918
4667
4972
5135
5440
5646
5307
4471
3637
3047
2460
1710
1034
653
376
-38
-408
-372
8
272
212
82
141
254
90
-437
-1123
-1815
-2588
-3519
-4472
-5248
-5865
-6477
-7044
-7278
-7051
-6560
-6028
-5402
-4479
-3266
-2035
-962
8
932
1662
1992
1957
1806
1634
1290
686
10
-433
-623
-767
-915
-842
-361
399
1209
2034
2926
3800
4425
4726
4825
4806
4599
4164
3636
3181
2840
2568
2402
2467
2824
3376
4042
4922
6062
7143
7703
7732
7768
8071
8120
7286
5765
4335
3207
1813
-108
-1944
-3154
-4131
-5456
-6770
-7226
-6846
-6520
-6638
-6606
-5929
-5004
-4407
-4072
-3612
-3121
-3009
-3262
-3467
-3458
-3493
-3792
-4222
-4475
-4398
-4036
-3537
-2997
-2352
-1476
-413
678
1772
2947
4072
4804
5066
5225
5554
5757
5384
4530
3708
3149
2597
1877
1211
821
550
155
-190
-135
271
573
507
325
355
465
291
-276
-1027
-1788
-2623
-3583
-4542
-5355
-6059
-6734
-7265
-7477
-7297
-6837
-6229
-5488
-4525
-3338
-2057
-861
178
1084
1794
2167
2182
1998
1753
1384
798
133
-351
-582
-732
-838
-724
-217
592
1480
2347
3245
4111
4746
5031
5036
4907
4660
4215
3609
3022
2587
2285
2101
2142
2465
2978
3620
4519
5693
6746
7218
7268
7485
7918
7848
6771
5230
4025
3002
1442
-610
-2331
-3419
-4521
-6034
-7273
-7493
-7089
-6973
-7187
-6988
-6129
-5212
-4707
-4345
-3797
-3281
-3196
-3438
-3613
-3613
-3692
-4039
-4491
-4739
-4627
-4263
-3803
-3291
-2611
-1692
-673
370
1485
2715
3799
4396
4594
4815
5216
5348
4843
3943
3173
2656
2087
1354
709
331
17
-387
-662
-534
-149
33
-88
-183
-48
105
-86
-665
-1415
-2178
-2966
-3822
-4705
-5540
-6302
-6957
-7404
-7528
-7299
-6825
-6222
-5491
-4524
-3281
-1937
-726
283
1152
1829
2159
2147
1991
1801
1440
818
158
-248
-405
-541
-671
-517
72
935
1834
2742
3707
4580
5122
5307
5299
5209
4981
4529
3901
3293
2850
2612
2555
2663
2960
3455
4180
5188
6357
7289
7699
7798
8022
8303
8016
6859
5383
4192
3040
1356
-671
-2294
-3405
-4668
-6260
-7358
-7400
-7010
-7045
-7288
-6925
-5899
-4979
-4518
-4079
-3386
-2844
-2827
-3041
-3039
-2899
-3043
-3532
-3968
-4070
-3887
-3592
-3223
-2707
-1994
-1113
-136
932
2100
3298
4254
4755
4975
5280
5654
5647
5017
4106
3376
2842
2200
1429
810
405
-21
-514
-757
-557
-218
-152
-322
-367
-184
-85
-326
-819
-1361
-1976
-2768
-3631
-4357
-4940
-5561
-6252
-6755
-6799
-6465
-6026
-5543
-4844
-3838
-2663
-1520
-459
548
1411
1947
2116
2093
2026
1850
1409
775
212
-115
-296
-466
-527
-263
380
1202
2032
2893
3770
4512
4934
5078
5097
4985
4635
4043
3427
2975
2710
2551
2501
2686
3136
3760
4557
5636
6903
7879
8213
8179
8346
8680
8430
7205
5597
4321
3199
1594
-386
-1962
-2974
-4070
-5498
-6522
-6547
-6084
-6015
-6247
-5982
-5074
-4225
-3865
-3632
-3178
-2785
-2875
-3260
-3461
-3442
-3564
-3987
-4430
-4549
-4285
-3832
-3340
-2761
-1976
-987
74
1115
2195
3328
4268
4742
4867
5019
5267
5213
4587
3678
2954
2443
1841
1136
583
285
23
-344
-550
-368
3
163
22
-124
-61
46
-108
-606
-1316
-2108
-2943
-3799
-4633
-5445
-6252
-7004
-7518
-7679
-7520
-7181
-6720
-6091
-5225
-4125
-2913
-1743
-729
115
766
1183
1338
1292
1080
685
132
-418
-785
-964
-1097
-1181
-1037
-585
64
799
1649
2597
3455
4026
4333
4511
4565
4386
3957
3398
2853
2407
2075
1906
1939
2171
2568
3100
3848
4912
6194
7246
7670
7649
7771
8120
8025
6958
5355
4017
2941
1501
-374
-1991
-3029
-4030
-5411
-6560
-6720
-6220
-6030
-6305
-6235
-5419
-4474
-4020
-3835
-3464
-3066
-3063
-3375
-3528
-3426
-3483
-3914
-4382
-4463
-4177
-3784
-3365
-2808
-2020
-1060
-32
1028
2125
3226
4164
4733
4948
5103
5342
5407
4974
4158
3395
2873
2370
1720
1130
796
549
177
-114
6
418
637
495
340
453
655
612
255
-258
-875
-1626
-2442
-3186
-3892
-4705
-5598
-6325
-6677
-6694
-6535
-6273
-5837
-5139
-4172
-3049
-1907
-826
145
938
1477
1786
1943
1946
1662
1068
414
-22
-225
-423
-689
-805
-563
-36
587
1285
2148
3089
3876
4384
4691
4874
4863
4584
4097
3541
2987
2490
2153
2044
2102
2252
2550
3099
3913
4926
6060
7093
7688
7798
7819
8053
8124
7386
5889
4403
3311
2099
354
-1445
-2681
-3617
-4834
-6089
-6577
-6246
-5970
-6194
-6307
-5691
-4733
-4185
-4035
-3763
-3315
-3147
-3380
-3622
-3648
-3691
-4012
-4436
-4625
-4478
-4123
-3679
-3137
-2416
-1493
-428
655
1701
2764
3789
4542
4888
5030
5234
5389
5122
4383
3563
2981
2492
1849
1165
680
364
10
-325
-346
-26
270
272
126
116
252
296
94
-332
-948
-1737
-2576
-3298
-3947
-4708
-5618
-6436
-6855
-6872
-6712
-6509
-6193
-5610
-4732
-3670
-2565
-1499
-517
322
972
1410
1681
1800
1676
1257
710
298
84
-102
-364
-543
-416
3
529
1125
1901
2830
3684
4297
4701
4977
5057
4837
4404
3905
3400
2869
2360
2016
1915
2015
2274
2726
3380
4221
5249
6436
7490
8031
8096
8149
8441
8432
7497
5880
4403
3331
2080
305
-1466
-2682
-3630
-4831
-5971
-6336
-6026
-5840
-6074
-6055
-5336
-4430
-4003
-3935
-3684
-3275
-3158
-3433
-3707
-3789
-3922
-4281
-4684
-4832
-4678
-4320
-3839
-3233
-2484
-1549
-456
659
1707
2722
3705
4442
4760
4833
4946
5018
4668
3864
3032
2461
1947
1243
507
59
-181
-490
-798
-768
-386
-72
-94
-240
-176
35
88
-159
-627
-1226
-1948
-2729
-3487
-4202
-4954
-5761
-6473
-6920
-7022
-6828
-6496
-6115
-5595
-4793
-3691
-2511
-1489
-633
153
819
1232
1393
1428
1335
992
444
-48
-315
-473
-673
-818
-733
-404
51
606
1329
2169
2936
3490
3858
4070
4096
3902
3529
3080
2609
2153
1767
1499
1367
1395
1633
2086
2698
3430
4352
5488
6618
7327
7488
7482
7661
7761
7137
5748
4268
3165
2051
437
-1367
-2708
-3592
-4594
-5758
-6399
-6219
-5840
-5852
-5944
-5505
-4657
-4036
-3810
-3577
-3189
-2971
-3128
-3398
-3532
-3610
-3827
-4134
-4312
-4270
-4006
-3530
-2887
-2143
-1304
-332
729
1770
2767
3740
4553
4957
4990
4990
5083
4966
4361
3489
2767
2244
1654
959
414
141
-86
-405
-589
-407
-42
116
13
-75
3
92
-32
-390
-910
-1568
-2325
-3088
-3784
-4481
-5250
-6019
-6587
-6805
-6702
-6419
-6075
-5619
-4911
-3892
-2727
-1663
-747
102
849
1357
1604
1711
1697
1419
878
350
50
-134
-394
-650
-661
-361
89
598
1239
2013
2765
3327
3677
3876
3951
3873
3637
3269
2831
2406
2055
1804
1688
1757
2009
2412
2961
3665
4542
5555
6595
7424
7822
7834
7789
7846
7613
6637
5112
3695
2608
1399
-207
-1795
-2907
-3774
-4775
-5671
-5927
-5630
-5444
-5559
-5465
-4858
-4141
-3776
-3634
-3383
-3091
-3061
-3283
-3480
-3553
-3646
-3870
-4112
-4210
-4080
-3697
-3129
-2476
-1766
-927
53
1043
1962
2876
3785
4425
4627
4605
4679
4779
4524
3829
3033
2432
1943
1386
834
436
163
-126
-384
-403
-159
98
130
14
-16
97
185
46
-382
-977
-1581
-2156
-2763
-3475
-4239
-4942
-5496
-5852
-6000
-5912
-5629
-5229
-4720
-3994
-3017
-1930
-935
-96
655
1321
1796
2026
2065
1945
1639
1180
723
410
180
-68
-265
-255
-17
346
784
1325
1951
2522
2951
3278
3542
3686
3643
3441
3150
2817
2485
2200
1994
1864
1833
1980
2327
2812
3377
4050
4898
5856
6700
7193
7310
7284
7316
7230
6628
5417
4048
2926
1871
482
-1141
-2473
-3360
-4186
-5142
-5817
-5865
-5604
-5533
-5571
-5257
-4578
-3996
-3731
-3520
-3188
-2962
-3064
-3342
-3500
-3549
-3683
-3960
-4221
-4296
-4123
-3715
-3153
-2520
-1812
-952
52
1077
2055
2992
3793
4259
4377
4429
4559
4517
4018
3190
2440
1914
1394
759
197
-159
-418
-689
-825
-657
-338
-176
-230
-278
-156
11
-14
-309
-796
-1377
-1980
-2578
-3180
-3853
-4600
-5293
-5765
-5936
-5866
-5647
-5330
-4870
-4200
-3286
-2222
-1189
-287
483
1152
1678
1996
2097
1998
1696
1204
653
204
-110
-376
-634
-771
-670
-328
147
681
1275
1914
2535
3049
3416
3633
3711
3641
3411
3071
2699
2378
2124
1920
1801
1821
2025
2414
2964
3639
4421
5312
6274
7091
7494
7508
7469
7527
7322
6443
5075
3801
2772
1558
-43
-1599
-2667
-3432
-4326
-5211
-5586
-5405
-5168
-5143
-5015
-4497
-3848
-3452
-3283
-3063
-2797
-2777
-3074
-3441
-3651
-3782
-4005
-4328
-4559
-4520
-4191
-3661
-3051
-2342
-1475
-475
529
1494
2472
3392
4021
4227
4226
4299
4377
4103
3405
2615
2023
1564
1003
377
-103
-384
-598
-793
-800
-557
-267
-180
-249
-254
-115
-22
-184
-593
-1097
-1603
-2150
-2761
-3420
-4070
-4689
-5248
-5627
-5729
-5584
-5333
-5040
-4616
-3948
-3061
-2136
-1319
-608
61
650
1057
1256
1289
1184
883
413
-57
-370
-563
-765
-966
-1011
-783
-361
109
594
1140
1750
2366
2898
3300
3547
3621
3533
3324
3040
2724
2409
2107
1865
1745
1795
2016
2376
2869
3494
4252
5132
6096
6968
7471
7544
7451
7431
7288
6584
5299
3935
2832
1734
322
-1179
-2317
-3118
-3959
-4834
-5292
-5164
-4883
-4839
-4833
-4500
-3942
-3561
-3439
-3338
-3186
-3193
-3475
-3847
-4132
-4323
-4520
-4736
-4893
-4880
-4584
-4003
-3264
-2500
-1690
-749
293
1303
2238
3115
3807
4120
4109
4076
4107
3941
3360
2554
1876
1386
894
327
-161
-457
-626
-756
-782
-604
-320
-126
-103
-144
-112
-34
-93
-428
-931
-1406
-1825
-2321
-2966
-3628
-4144
-4551
-4933
-5218
-5241
-4992
-4671
-4365
-3922
-3205
-2355
-1635
-1070
-512
76
541
758
808
803
690
379
-42
-374
-545
-662
-796
-852
-706
-370
51
497
986
1525
2088
2630
3088
3417
3587
3596
3461
3210
2909
2636
2398
2151
1938
1879
2054
2403
2829
3343
4016
4824
5714
6628
7413
7825
7830
7697
7656
7457
6667
5356
4058
3032
1939
534
-889
-1923
-2692
-3565
-4401
-4745
-4596
-4436
-4517
-4536
-4208
-3742
-3484
-3420
-3336
-3252
-3335
-3574
-3810
-3979
-4143
-4329
-4474
-4511
-4373
-3983
-3366
-2671
-1974
-1195
-248
754
1662
2491
3279
3901
4176
4200
4238
4299
4106
3518
2786
2203
1763
1291
762
332
58
-153
-325
-337
-142
92
193
168
166
255
344
288
24
-406
-897
-1373
-1842
-2357
-2949
-3558
-4083
-4476
-4700
-4758
-4671
-4491
-4236
-3835
-3245
-2558
-1906
-1341
-814
-286
161
439
570
615
555
344
23
-265
-434
-570
-738
-848
-774
-506
-164
195
624
1159
1739
2281
2743
3115
3364
3445
3384
3218
2977
2686
2360
2049
1795
1646
1653
1823
2140
2600
3200
3893
4650
5502
6417
7166
7489
7440
7351
7322
6987
6032
4698
3503
2491
1281
-199
-1523
-2431
-3204
-4106
-4876
-5132
-4981
-4874
-4938
-4885
-4559
-4163
-3928
-3829
-3745
-3696
-3766
-3969
-4221
-4418
-4525
-4603
-4716
-4809
-4670
-4173
-3479
-2792
-2113
-1282
-286
700
1578
2401
3158
3679
3861
3851
3856
3802
3446
2766
2017
1436
981
512
17
-371
-579
-685
-717
-630
-393
-119
77
173
240
343
400
301
-8
-470
-965
-1451
-1984
-2613
-3280
-3857
-4326
-4722
-4998
-5046
-4872
-4625
-4343
-3916
-3262
-2512
-1864
-1322
-779
-234
177
389
470
475
354
79
-244
-488
-656
-803
-901
-874
-688
-378
12
477
982
1504
2030
2537
2974
3272
3412
3408
3266
3003
2691
2398
2127
1840
1570
1427
1494
1754
2150
2673
3293
3972
4707
5546
6467
7216
7530
7440
7266
7163
6864
6029
4766
3493
2394
1257
-67
-1350
-2340
-3134
-3955
-4692
-5032
-4946
-4790
-4802
-4805
-4559
-4151
-3855
-3756
-3713
-3656
-3681
-3860
-4102
-4260
-4315
-4357
-4420
-4422
-4223
-3751
-3093
-2379
-1650
-864
16
932
1790
2559
3226
3710
3927
3935
3885
3810
3573
3083
2446
1889
1493
1155
809
502
308
221
200
265
452
693
842
841
770
745
737
609
261
-235
-726
-1153
-1585
-2095
-2642
-3138
-3544
-3858
-4069
-4143
-4081
-3941
-3773
-3527
-3141
-2652
-2167
-1768
-1410
-1043
-689
-419
-262
-194
-197
-289
-436
-550
-595
-598
-604
-570
-425
-163
166
525
901
1292
1671
2015
2323
2591
2772
2820
2738
2593
2450
2322
2160
1960
1777
1686
1708
1829
2047
2376
2828
3336
3859
4399
5015
5710
6327
6667
6664
6482
6310
6098
5599
4691
3577
2512
1543
520
-602
-1651
-2512
-3262
-3985
-4555
-4804
-4810
-4829
-4954
-5008
-4835
-4544
-4346
-4290
-4269
-4213
-4189
-4248
-4324
-4331
-4269
-4218
-4183
-4040
-3689
-3154
-2564
-1984
-1342
-582
246
1012
1693
2347
2941
3346
3501
3521
3544
3532
3318
2874
2370
1980
1680
1354
1016
754
594
474
385
397
532
687
733
663
588
591
605
494
207
-189
-574
-917
-1268
-1685
-2145
-2584
-2972
-3292
-3515
-3614
-3628
-3626
-3592
-3433
-3102
-2685
-2305
-1980
-1622
-1199
-800
-493
-267
-95
1
-5
-51
-46
-11
-23
-86
-96
56
318
580
797
1045
1392
1786
2146
2440
2676
2871
2987
2999
2953
2885
2784
2608
2383
2185
2076
2053
2068
2146
2339
2670
3114
3599
4107
4651
5241
5807
6209
6339
6256
6104
5892
5464
4689
3671
2634
1670
678
-409
-1481
-2398
-3146
-3826
-4412
-4769
-4866
-4851
-4888
-4915
-4796
-4534
-4267
-4125
-4073
-4028
-3995
-4024
-4116
-4184
-4179
-4141
-4114
-4051
-3862
-3492
-2981
-2408
-1796
-1141
-447
258
947
1609
2206
2648
2884
2964
3003
3024
2929
2636
2209
1799
1476
1217
952
710
534
411
330
314
407
562
668
665
601
578
596
560
375
47
-333
-691
-1022
-1384
-1807
-2267
-2704
-3051
-3305
-3472
-3585
-3657
-3657
-3545
-3311
-2990
-2632
-2268
-1897
-1505
-1114
-744
-415
-141
56
173
239
293
352
376
350
318
348
465
615
766
938
1155
1423
1688
1940
2181
2406
2573
2648
2660
2629
2570
2475
2335
2175
2029
1925
1895
1943
2077
2291
2595
2979
3425
3920
4441
4973
5466
5823
5982
5969
5851
5628
5202
4485
3560
2591
1655
704
-338
-1392
-2316
-3076
-3716
-4261
-4640
-4810
-4850
-4858
-4824
-4683
-4434
-4195
-4048
-3948
-3839
-3737
-3715
-3765
-3788
-3755
-3695
-3657
-3600
-3429
-3097
-2648
-2145
-1616
-1030
-378
298
970
1600
2162
2592
2881
3056
3154
3191
3097
2831
2452
2055
1728
1435
1119
801
527
344
248
217
240
301
376
417
436
477
529
525
389
124
-181
-459
-748
-1117
-1590
-2092
-2549
-2931
-3238
-3475
-3640
-3756
-3805
-3733
-3484
-3096
-2670
-2275
-1887
-1457
-973
-516
-149
111
276
379
410
396
354
284
178
61
-18
-7
92
247
430
644
900
1206
1531
1855
2155
2380
2527
2599
2618
2590
2504
2352
2157
1946
1758
1613
1539
1555
1660
1857
2159
2557
3024
3538
4084
4642
5142
5481
5620
5606
5496
5245
4734
3952
3016
2054
1089
73
-982
-1982
-2831
-3544
-4141
-4584
-4813
-4843
-4792
-4714
-4560
-4299
-3988
-3731
-3573
-3470
-3401
-3389
-3467
-3608
-3728
-3820
-3909
-3986
-3994
-3852
-3558
-3132
-2620
-2041
-1373
-642
121
883
1592
2188
2627
2905
3069
3140
3081
2843
2440
1972
1536
1147
776
421
121
-65
-123
-86
41
226
441
641
805
946
1067
1125
1057
823
482
105
-300
-755
-1296
-1874
-2406
-2855
-3210
-3491
-3675
-3747
-3720
-3587
-3344
-2991
-2548
-2084
-1654
-1239
-834
-436
-103
112
223
245
216
149
39
-104
-256
-385
-475
-498
-425
-257
-25
249
566
927
1312
1681
2000
2240
2393
2472
2469
2392
2250
2041
1774
1492
1251
1083
983
941
990
1177
1516
1979
2495
3040
3629
4258
4884
5428
5824
6035
6072
5939
5644
5162
4470
3597
2617
1615
622
-340
-1272
-2126
-2825
-3353
-3728
-3957
-4048
-4013
-3884
-3715
-3528
-3347
-3196
-3093
-3056
-3090
-3178
-3330
-3525
-3714
-3841
-3889
-3888
-3830
-3670
-3354
-2864
-2244
-1573
-880
-160
582
1327
2004
2555
2948
3187
3281
3259
3139
2909
2559
2118
1669
1277
969
730
543
410
367
426
576
781
986
1163
1279
1346
1376
1350
1238
1004
644
206
-248
-682
-1107
-1568
-2039
-2471
-2789
-2984
-3086
-3142
-3154
-3091
-2928
-2675
-2377
-2075
-1794
-1532
-1278
-1032
-808
-632
-519
-457
-433
-419
-418
-423
-420
-407
-365
-288
-162
22
254
521
798
1077
1348
1612
1846
2033
2159
2208
2189
2118
2001
1855
1682
1488
1319
1185
1108
1102
1175
1332
1571
1888
2277
2738
3249
3773
4273
4730
5140
5462
5645
5651
5486
5174
4738
4167
3451
2633
1764
891
45
-751
-1471
-2092
-2609
-3025
-3338
-3529
-3600
-3608
-3598
-3586
-3564
-3522
-3487
-3487
-3542
-3633
-3748
-3866
-3964
-4031
-4041
-4005
-3906
-3723
-3438
-3038
-2537
-1979
-1400
-802
-193
418
984
1474
1854
2122
2287
2356
2342
2248
2079
1850
1585
1333
1124
973
874
812
782
815
918
1077
1242
1371
1445
1466
1446
1371
1226
986
664
272
-157
-593
-1009
-1398
-1776
-2145
-2464
-2703
-2851
-2929
-2970
-2979
-2954
-2873
-2752
-2597
-2428
-2260
-2100
-1966
-1835
-1697
-1548
-1425
-1332
-1263
-1201
-1119
-1022
-915
-803
-680
-542
-379
-197
10
230
453
665
859
1032
1185
1326
1432
1499
1534
1544
1547
1533
1509
1485
1468
1488
1528
1589
1674
1793
1981
2223
2512
2837
3185
3561
3953
4333
4692
5015
5239
5342
5299
5129
4858
4477
3967
3311
2551
1736
946
170
-575
-1274
-1916
-2473
-2941
-3291
-3518
-3642
-3725
-3789
-3831
-3827
-3765
-3706
-3681
-3705
-3757
-3803
-3841
-3852
-3830
-3780
-3707
-3599
-3414
-3122
-2730
-2274
-1799
-1308
-786
-223
352
901
1382
1778
2081
2315
2485
2592
2630
2584
2459
2297
2139
2002
1881
1756
1633
1525
1457
1433
1430
1425
1399
1345
1261
1163
1047
893
680
408
93
-233
-560
-897
-1247
-1607
-1953
-2270
-2540
-2761
-2940
-3095
-3211
-3271
-3272
-3204
-3095
-2965
-2811
-2629
-2414
-2166
-1917
-1676
-1457
-1257
-1075
-895
-730
-596
-491
-415
-345
-256
-147
-24
109
251
415
611
822
1040
1256
1459
1639
1792
1917
2019
2090
2110
2084
2039
1988
1945
1899
1863
1847
1874
1961
2116
2331
2598
2919
3272
3660
4069
4478
4848
5131
5293
5326
5236
5024
4679
4182
3546
2796
1977
1133
294
-513
-1277
-1979
-2597
-3102
-3462
-3696
-3832
-3902
-3933
-3919
-3868
-3785
-3703
-3657
-3660
-3708
-3782
-3853
-3902
-3931
-3944
-3929
-3857
-3687
-3403
-3007
-2525
-1992
-1407
-773
-100
593
1277
1901
2418
2830
3139
3361
3492
3504
3397
3195
2932
2641
2364
2109
1867
1651
1469
1350
1311
1330
1379
1420
1425
1396
1343
1250
1099
873
555
164
-264
-713
-1165
-1626
-2091
-2547
-2961
-3297
-3545
-3710
-3824
-3887
-3889
-3818
-3666
-3461
-3222
-2982
-2755
-2517
-2267
-2009
-1762
-1558
-1402
-1271
-1139
-998
-847
-702
-576
-458
-330
-166
39
263
487
702
915
1139
1375
1595
1790
1931
2011
2064
2099
2110
2100
2048
1957
1857
1768
1706
1678
1676
1699
1771
1900
2109
2388
2710
3056
3425
3804
4186
4554
4867
5083
5175
5134
4970
4684
4272
3734
3070
2318
1512
705
-71
-811
-1513
-2161
-2722
-3166
-3487
-3701
-3835
-3906
-3935
-3940
-3899
-3833
-3765
-3727
-3741
-3781
-3810
-3823
-3823
-3805
-3755
-3665
-3519
-3270
-2923
-2480
-1962
-1410
-816
-191
460
1110
1715
2236
2657
2989
3225
3369
3420
3374
3229
3011
2742
2463
2204
1966
1737
1521
1342
1214
1135
1082
1042
997
923
819
685
521
305
33
-309
-700
-1108
-1519
-1931
-2338
-2711
-3051
-3339
-3562
-3712
-3774
-3775
-3727
-3638
-3489
-3290
-3065
-2831
-2600
-2361
-2126
-1903
-1701
-1509
-1318
-1147
-989
-842
-689
-516
-344
-189
-30
147
333
528
707
870
1042
1213
1357
1467
1566
1658
1731
1762
1756
1751
1758
1742
1701
1658
1630
1626
1628
1621
1636
1701
1795
1903
2031
2195
2409
2653
2894
3139
3402
3681
3932
4122
4239
4299
4286
4168
3922
3564
3131
2633
2040
1363
670
9
-617
-1245
-1830
-2327
-2711
-3009
-3258
-3447
-3535
-3555
-3570
-3585
-3574
-3532
-3485
-3472
-3505
-3525
-3492
-3442
-3395
-3323
-3182
-2963
-2672
-2337
-1938
-1438
-874
-317
228
790
1359
1904
2357
2691
2961
3173
3292
3296
3221
3089
2913
2682
2394
2113
1883
1664
1426
1192
996
858
754
633
485
350
217
42
-170
-398
-644
-906
-1207
-1549
-1856
-2111
-2336
-2544
-2722
-2843
-2881
-2850
-2807
-2725
-2583
-2425
-2275
-2131
-1997
-1844
-1703
-1618
-1571
-1513
-1427
-1353
-1292
-1236
-1146
-1019
-880
-738
-571
-368
-149
56
242
432
631
816
953
1048
1129
1203
1247
1251
1220
1201
1206
1196
1162
1149
1184
1242
1301
1333
1387
1487
1579
1625
1639
1679
1745
1785
1786
1806
1894
2033
2176
2319
2508
2783
3081
3336
3550
3750
3918
3999
3925
3738
3499
3181
2718
2107
1442
797
156
-528
-1238
-1868
-2374
-2813
-3219
-3546
-3728
-3804
-3856
-3908
-3897
-3789
-3639
-3536
-3489
-3423
-3308
-3179
-3093
-3028
-2903
-2715
-2523
-2319
-2053
-1684
-1237
-792
-379
65
579
1106
1544
1890
2190
2452
2635
2694
2647
2567
2454
2232
1922
1612
1359
1126
868
592
370
241
148
45
-42
-81
-93
-127
-199
-278
-334
-407
-538
-718
-892
-1043
-1188
-1369
-1550
-1703
-1806
-1877
-1949
-1991
-1983
-1927
-1863
-1795
-1706
-1575
-1433
-1315
-1223
-1124
-995
-866
-777
-706
-618
-507
-397
-309
-230
-132
-8
96
172
256
359
458
526
560
599
664
727
752
751
762
802
832
837
833
859
909
940
951
967
1015
1066
1095
1104
1133
1206
1292
1361
1442
1585
1807
2062
2320
2603
2934
3311
3658
3949
4195
4394
4507
4466
4275
3976
3612
3134
2493
1753
996
280
-431
-1171
-1867
-2437
-2886
-3274
-3599
-3806
-3872
-3861
-3859
-3857
-3781
-3632
-3504
-3446
-3419
-3364
-3275
-3210
-3182
-3121
-2975
-2789
-2596
-2369
-2053
-1629
-1171
-736
-294
186
690
1145
1517
1825
2087
2284
2373
2361
2294
2192
2034
1805
1549
1313
1118
936
757
605
511
474
454
435
425
435
447
415
337
239
119
-35
-242
-484
-733
-963
-1190
-1424
-1629
-1781
-1873
-1924
-1938
-1903
-1813
-1687
-1545
-1389
-1220
-1054
-911
-796
-708
-637
-587
-571
-570
-581
-599
-613
-615
-592
-558
-514
-465
-394
-297
-190
-88
2
90
168
234
288
329
363
384
379
363
358
373
403
441
484
547
653
782
930
1089
1260
1434
1590
1735
1868
1998
2105
2182
2234
2280
2350
2458
2591
2732
2887
3075
3308
3557
3771
3943
4071
4133
4068
3883
3622
3291
2841
2238
1541
851
188
-494
-1191
-1842
-2383
-2828
-3216
-3520
-3694
-3746
-3763
-3773
-3727
-3595
-3411
-3260
-3160
-3079
-2978
-2865
-2783
-2717
-2636
-2517
-2378
-2218
-2003
-1702
-1325
-924
-519
-101
371
882
1361
1757
2077
2349
2560
2692
2730
2694
2601
2438
2204
1941
1706
1496
1275
1039
827
671
571
516
473
445
418
384
357
335
289
203
65
-116
-316
-518
-726
-934
-1143
-1342
-1511
-1618
-1666
-1658
-1606
-1537
-1450
-1331
-1181
-1012
-865
-772
-722
-676
-641
-638
-678
-727
-766
-822
-896
-947
-933
-880
-831
-805
-741
-601
-426
-277
-150
-9
139
274
364
433
498
538
540
495
439
403
380
348
312
285
302
378
485
589
694
836
1010
1167
1277
1384
1512
1645
1721
1754
1817
1953
2118
2264
2416
2629
2913
3215
3480
3700
3911
4089
4168
4094
3896
3636
3315
2856
2231
1531
867
231
-461
-1190
-1851
-2354
-2758
-3154
-3501
-3680
-3702
-3689
-3707
-3670
-3507
-3283
-3120
-3039
-2943
-2794
-2663
-2605
-2586
-2538
-2438
-2335
-2242
-2120
-1916
-1634
-1334
-1036
-718
-347
68
473
799
1067
1323
1564
1726
1780
1769
1742
1680
1522
1308
1115
969
804
595
401
286
247
210
165
153
185
225
238
231
212
173
72
-95
-290
-488
-692
-933
-1195
-1449
-1660
-1822
-1945
-2036
-2084
-2096
-2059
-1982
-1869
-1723
-1562
-1412
-1288
-1158
-1017
-882
-794
-747
-724
-711
-712
-732
-751
-765
-793
-831
-862
-845
-783
-722
-678
-628
-552
-462
-376
-301
-233
-173
-137
-111
-71
-18
40
84
121
175
261
374
508
650
791
937
1101
1275
1450
1620
1772
1906
2035
2159
2289
2428
2569
2708
2852
3020
3206
3418
3653
3873
4048
4175
4259
4297
4247
4061
3773
3415
2978
2430
1794
1159
551
-71
-726
-1338
-1813
-2172
-2502
-2807
-2999
-3072
-3103
-3148
-3181
-3129
-3043
-3012
-3035
-3041
-2997
-2950
-2950
-2957
-2917
-2825
-2703
-2559
-2353
-2077
-1749
-1388
-996
-578
-118
359
816
1221
1564
1876
2156
2351
2445
2464
2440
2364
2223
2046
1877
1726
1557
1361
1193
1095
1034
965
891
828
776
706
614
509
384
227
24
-212
-444
-660
-868
-1087
-1305
-1494
-1623
-1695
-1731
-1741
-1709
-1634
-1536
-1431
-1298
-1143
-1003
-911
-860
-809
-758
-740
-772
-839
-913
-981
-1055
-1117
-1147
-1153
-1153
-1141
-1095
-1002
-879
-763
-655
-550
-432
-311
-197
-101
-24
38
92
148
205
269
345
424
488
566
671
806
950
1075
1206
1352
1513
1664
1792
1914
2026
2113
2157
2196
2266
2349
2408
2442
2511
2660
2850
3031
3217
3447
3704
3923
4061
4165
4250
4243
4054
3715
3329
2916
2392
1710
973
282
-367
-1054
-1747
-2329
-2770
-3142
-3509
-3807
-3939
-3941
-3946
-3985
-3984
-3887
-3747
-3656
-3613
-3546
-3440
-3341
-3271
-3196
-3047
-2834
-2602
-2368
-2093
-1720
-1250
-761
-307
139
626
1143
1604
1965
2256
2521
2718
2780
2725
2640
2552
2386
2105
1774
1510
1316
1111
867
654
533
474
412
343
310
306
274
180
49
-71
-203
-386
-639
-931
-1211
-1460
-1693
-1923
-2152
-2331
-2428
-2461
-2459
-2420
-2314
-2156
-1989
-1837
-1670
-1454
-1242
-1095
-1029
-976
-907
-861
-885
-959
-1017
-1052
-1093
-1144
-1164
-1126
-1050
-982
-909
-784
-596
-391
-217
-68
79
238
366
446
488
512
531
514
463
418
406
411
392
375
408
505
636
759
889
1062
1268
1455
1595
1727
1871
1988
2027
2014
2023
2050
2044
1989
1936
1972
2080
2190
2304
2488
2756
3034
3227
3359
3510
3639
3613
3390
3078
2751
2341
1754
1039
337
-294
-940
-1651
-2304
-2767
-3093
-3404
-3696
-3830
-3770
-3646
-3556
-3463
-3270
-3009
-2800
-2675
-2567
-2421
-2292
-2237
-2216
-2147
-2013
-1861
-1712
-1532
-1268
-925
-539
-139
275
707
1150
1579
1947
2245
2471
2644
2722
2676
2548
2384
2181
1909
1566
1216
933
690
444
213
59
-21
-73
-127
-161
-146
-133
-172
-260
-357
-454
-598
-810
-1063
-1321
-1563
-1801
-2024
-2214
-2351
-2422
-2427
-2367
-2243
-2064
-1821
-1541
-1252
-964
-661
-352
-88
89
202
295
352
340
254
144
45
-54
-182
-311
-385
-406
-419
-432
-400
-300
-177
-85
-20
50
120
142
108
37
-45
-148
-303
-481
-638
-760
-876
-988
-1049
-1036
-953
-834
-682
-485
-254
-2
242
477
692
887
1044
1156
1227
1255
1259
1239
1197
1132
1056
1021
1039
1083
1137
1238
1430
1696
1984
2273
2600
2988
3373
3667
3863
4020
4141
4116
3886
3529
3137
2708
2152
1472
793
213
-320
-879
-1401
-1781
-2000
-2157
-2314
-2406
-2365
-2242
-2159
-2141
-2115
-2033
-1965
-1982
-2068
-2146
-2185
-2237
-2323
-2401
-2397
-2303
-2158
-1997
-1783
-1457
-1037
-602
-202
188
609
1038
1382
1598
1754
1895
1963
1895
1722
1550
1418
1249
996
733
570
504
433
325
265
308
397
449
462
503
579
608
546
424
300
188
19
-221
-483
-713
-895
-1055
-1205
-1328
-1375
-1340
-1257
-1151
-1006
-803
-555
-317
-120
61
267
454
561
592
576
555
506
378
203
32
-121
-279
-445
-581
-653
-681
-709
-730
-717
-662
-599
-577
-587
-602
-629
-679
-761
-874
-979
-1075
-1174
-1270
-1332
-1346
-1323
-1277
-1221
-1119
-963
-770
-570
-374
-170
44
266
468
632
769
882
969
1016
1026
1025
1031
1036
1026
1022
1045
1116
1232
1356
1482
1622
1783
1962
2143
2297
2425
2555
2695
2828
2934
3018
3113
3236
3337
3366
3340
3329
3326
3247
3021
2705
2406
2122
1749
1235
702
256
-137
-599
-1117
-1548
-1831
-2068
-2367
-2677
-2856
-2891
-2919
-3023
-3126
-3119
-3038
-2988
-2998
-2990
-2905
-2782
-2701
-2640
-2526
-2329
-2090
-1870
-1661
-1402
-1063
-689
-341
-35
274
600
910
1151
1327
1484
1625
1699
1682
1629
1590
1543
1435
1257
1093
975
874
748
606
510
445
372
272
191
147
102
-9
-167
-303
-401
-508
-677
-872
-1041
-1168
-1282
-1411
-1532
-1610
-1651
-1707
-1778
-1820
-1801
-1762
-1765
-1804
-1814
-1765
-1697
-1664
-1666
-1646
-1586
-1519
-1471
-1419
-1335
-1242
-1164
-1088
-986
-849
-706
-581
-469
-347
-212
-69
64
172
263
334
408
486
548
590
616
636
661
688
718
756
787
808
827
860
913
961
994
1019
1055
1096
1131
1169
1217
1261
1292
1319
1373
1470
1578
1682
1773
1894
2080
2291
2484
2652
2819
2992
3128
3203
3227
3225
3159
2974
2678
2351
2042
1689
1232
705
218
-188
-572
-973
-1347
-1619
-1813
-1997
-2170
-2253
-2223
-2179
-2199
-2253
-2250
-2183
-2129
-2139
-2183
-2203
-2194
-2179
-2164
-2113
-2008
-1870
-1726
-1562
-1328
-1008
-658
-338
-62
221
544
855
1098
1264
1397
1495
1537
1516
1463
1416
1350
1215
1040
904
841
802
734
646
593
581
579
559
536
507
454
349
214
77
-64
-218
-423
-655
-873
-1048
-1175
-1282
-1387
-1484
-1532
-1514
-1468
-1412
-1360
-1290
-1212
-1165
-1140
-1122
-1091
-1082
-1141
-1237
-1314
-1347
-1374
-1427
-1483
-1500
-1474
-1420
-1346
-1237
-1089
-931
-774
-623
-443
-248
-74
59
153
247
346
428
482
512
537
558
576
599
640
706
765
809
856
933
1018
1096
1148
1186
1222
1238
1230
1221
1214
1182
1119
1050
1003
975
955
932
926
955
999
1048
1125
1243
1381
1505
1599
1711
1869
2032
2157
2242
2320
2415
2481
2477
2431
2391
2340
2196
1949
1668
1430
1191
854
434
48
-261
-563
-904
-1241
-1481
-1641
-1814
-2021
-2164
-2187
-2167
-2205
-2292
-2327
-2290
-2234
-2222
-2227
-2196
-2130
-2063
-1997
-1903
-1756
-1564
-1382
-1204
-1006
-766
-474
-179
69
264
460
688
898
1042
1115
1173
1230
1228
1156
1077
1035
993
877
702
581
541
525
452
344
284
269
245
194
140
116
68
-57
-218
-358
-457
-591
-798
-1031
-1233
-1385
-1524
-1665
-1782
-1857
-1908
-1947
-1950
-1896
-1792
-1704
-1635
-1572
-1473
-1347
-1232
-1146
-1086
-1029
-962
-893
-818
-728
-632
-541
-461
-371
-241
-87
59
179
285
392
507
614
698
765
807
820
811
808
830
854
848
814
799
829
883
933
979
1047
1135
1215
1286
1368
1473
1571
1620
1622
1621
1644
1678
1683
1654
1615
1608
1649
1717
1785
1855
1961
2123
2278
2379
2447
2546
2638
2607
2414
2151
1933
1703
1324
787
247
-180
-576
-1058
-1560
-1931
-2133
-2325
-2577
-2766
-2777
-2659
-2596
-2638
-2644
-2517
-2354
-2271
-2273
-2253
-2159
-2070
-2050
-2034
-1933
-1758
-1592
-1457
-1290
-1020
-674
-327
-21
262
577
904
1198
1417
1577
1697
1762
1745
1667
1563
1451
1319
1130
913
728
619
542
445
339
265
250
252
229
189
166
138
57
-80
-219
-333
-454
-643
-880
-1091
-1242
-1365
-1511
-1664
-1771
-1817
-1829
-1840
-1827
-1760
-1671
-1590
-1535
-1465
-1355
-1243
-1173
-1147
-1127
-1076
-1008
-956
-937
-912
-857
-785
-714
-644
-545
-424
-306
-213
-131
-17
123
232
287
313
356
417
457
460
451
455
460
454
446
448
478
512
526
532
557
615
689
739
759
776
816
866
903
910
907
914
918
892
852
830
836
832
792
745
736
765
805
826
839
869
907
939
966
1004
1034
1049
1045
1043
1059
1095
1129
1163
1203
1236
1269
1295
1324
1342
1295
1175
1009
835
648
402
96
-232
-537
-819
-1107
-1372
-1577
-1722
-1842
-1959
-2025
-2003
-1910
-1814
-1754
-1683
-1554
-1392
-1252
-1148
-1049
-935
-833
-751
-675
-579
-463
-373
-304
-223
-94
70
220
343
461
591
727
840
920
967
980
946
869
778
676
552
377
166
-33
-202
-349
-494
-627
-752
-846
-913
-959
-978
-973
-977
-999
-1021
-1022
-1000
-974
-966
-982
-991
-973
-925
-863
-795
-725
-647
-555
-440
-322
-192
-67
39
123
197
272
351
412
434
426
398
388
371
339
285
225
177
137
103
75
63
71
85
102
130
173
234
286
327
366
418
468
516
554
605
674
749
831
920
1025
1124
1221
1320
1431
1548
1628
1681
1740
1839
1949
2028
2101
2192
2314
2430
2509
2568
2641
2693
2634
2460
2250
2056
1820
1455
973
488
59
-350
-806
-1271
-1653
-1930
-2179
-2441
-2630
-2672
-2614
-2585
-2613
-2596
-2465
-2272
-2142
-2085
-2022
-1902
-1764
-1672
-1596
-1474
-1280
-1098
-952
-777
-505
-155
175
444
689
984
1293
1558
1732
1845
1925
1949
1898
1786
1656
1513
1332
1089
836
627
482
351
208
69
-33
-89
-120
-148
-185
-235
-307
-402
-512
-629
-747
-889
-1074
-1266
-1436
-1566
-1669
-1756
-1823
-1863
-1857
-1793
-1684
-1543
-1383
-1217
-1055
-888
-695
-506
-342
-229
-148
-72
1
61
92
104
106
105
111
121
161
221
265
282
294
342
416
468
469
431
394
370
330
258
169
84
0
-103
-201
-251
-256
-247
-256
-272
-244
-151
-40
47
113
192
282
368
436
501
567
616
632
622
639
687
740
772
786
820
889
981
1073
1168
1266
1362
1447
1516
1588
1658
1703
1710
1676
1635
1603
1580
1547
1492
1435
1387
1351
1324
1286
1234
1174
1088
966
798
619
423
208
-52
-365
-676
-954
-1200
-1451
-1709
-1936
-2092
-2206
-2304
-2373
-2387
-2339
-2273
-2226
-2166
-2054
-1901
-1764
-1674
-1598
-1490
-1353
-1240
-1148
-1043
-901
-741
-592
-447
-258
-24
195
377
540
704
876
990
1041
1050
1031
982
866
716
557
408
231
25
-167
-301
-397
-492
-581
-637
-637
-615
-605
-599
-565
-507
-465
-464
-481
-473
-450
-457
-495
-531
-536
-513
-497
-490
-461
-391
-309
-238
-166
-78
28
125
189
235
277
308
313
297
262
213
155
89
29
-15
-47
-71
-84
-63
-30
15
77
151
241
316
372
424
495
568
609
631
640
667
704
740
773
821
881
939
1007
1096
1208
1336
1456
1564
1687
1833
1981
2110
2225
2319
2380
2399
2386
2337
2251
2088
1822
1517
1193
854
479
52
-377
-779
-1151
-1504
-1817
-2062
-2250
-2412
-2567
-2668
-2684
-2642
-2610
-2596
-2578
-2513
-2414
-2325
-2247
-2159
-2052
-1939
-1824
-1688
-1503
-1274
-1047
-842
-622
-354
-49
251
494
699
898
1078
1231
1323
1381
1398
1372
1295
1184
1093
1008
909
770
628
521
460
416
365
313
272
247
220
193
157
118
52
-49
-161
-268
-363
-465
-590
-728
-849
-943
-1011
-1068
-1102
-1133
-1147
-1123
-1084
-1019
-949
-886
-835
-783
-726
-671
-615
-578
-560
-556
-556
-546
-524
-499
-479
-457
-423
-357
-277
-186
-96
-15
76
170
267
370
463
536
588
622
657
693
729
749
753
749
762
790
822
860
898
932
971
1024
1091
1161
1233
1284
1316
1353
1393
1434
1460
1465
1452
1437
1424
1414
1403
1389
1370
1343
1321
1315
1328
1346
1352
1347
1332
1318
1316
1306
1271
1208
1118
1012
906
780
631
465
276
76
-135
-335
-518
-695
-874
-1061
-1231
-1366
-1462
-1542
-1619
-1687
-1721
-1731
-1723
-1691
-1646
-1594
-1533
-1479
-1395
-1285
-1159
-1030
-922
-806
-670
-513
-354
-202
-65
68
190
305
414
512
576
609
612
599
590
560
512
442
346
246
155
69
-8
-89
-180
-266
-339
-382
-417
-455
-499
-556
-588
-610
-640
-664
-702
-750
-808
-875
-923
-962
-1004
-1061
-1125
-1168
-1186
-1186
-1184
-1180
-1159
-1116
-1060
-994
-913
-822
-737
-669
-603
-526
-446
-376
-334
-312
-286
-249
-216
-195
-180
-151
-117
-84
-45
15
85
143
187
219
262
306
333
332
310
297
277
244
197
154
123
97
73
57
68
104
146
185
244
321
411
495
569
645
728
806
868
914
954
995
1025
1042
1053
1075
1096
1108
1119
1124
1141
1157
1151
1133
1116
1103
1081
1034
965
894
819
738
642
540
438
335
233
126
34
-45
-129
-222
-318
-383
-437
-490
-547
-608
-660
-699
-726
-752
-771
-789
-807
-817
-814
-795
-765
-741
-728
-709
-671
-614
-556
-507
-470
-427
-380
-330
-277
-230
-203
-193
-180
-173
-148
-126
-126
-141
-158
-159
-150
-136
-135
-143
-157
-169
-167
-164
-165
-182
-217
-256
-295
-315
-333
-362
-404
-455
-485
-504
-502
-509
-526
-545
-554
-547
-525
-496
-486
-481
-473
-462
-431
-391
-365
-340
-328
-313
-282
-235
-189
-157
-137
-115
-78
-30
19
53
76
88
94
112
137
160
173
173
173
190
229
273
309
348
383
435
495
558
622
674
710
740
770
809
846
864
873
877
889
909
935
952
969
980
989
1009
1030
1051
1060
1057
1043
1020
998
973
937
884
826
764
698
635
579
522
464
410
364
330
305
285
269
249
229
207
190
164
132
98
44
-16
-81
-150
-220
-294
-365
-431
-490
-533
-572
-596
-602
-603
-598
-586
-566
-540
-507
-480
-458
-446
-442
-440
-445
-455
-469
-489
-516
-544
-563
-576
-584
-596
-613
-617
-612
-600
-590
-578
-570
-569
-568
-573
-575
-584
-609
-636
-677
-711
-739
-765
-795
-828
-856
-870
-869
-859
-841
-827
-804
-781
-749
-705
-663
-627
-597
-566
-530
-481
-435
-397
-364
-335
-306
-265
-218
-174
-136
-103
-73
-30
19
72
119
159
197
240
288
338
382
413
434
446
461
478
493
503
500
497
503
517
533
554
575
597
626
661
704
749
787
820
844
865
889
907
922
926
916
908
902
894
886
879
876
866
860
867
871
880
881
874
866
851
839
824
797
768
718
665
607
549
499
438
372
300
235
178
124
70
11
-50
-105
-149
-183
-208
-236
-270
-299
-317
-327
-326
-323
-325
-328
-323
-320
-306
-293
-291
-296
-301
-305
-303
-296
-295
-305
-312
-322
-321
-316
-321
-327
-342
-356
-372
-388
-415
-447
-493
-534
-573
-607
-634
-660
-685
-704
-711
-710
-697
-677
-656
-629
-604
-576
-547
-523
-512
-509
-510
-517
-519
-522
-529
-541
-543
-539
-524
-497
-472
-441
-405
-361
-311
-260
-215
-172
-145
-113
-80
-45
-13
14
40
69
111
154
203
244
283
320
358
400
429
449
454
446
432
423
413
392
369
340
321
310
308
317
325
335
353
383
421
462
499
529
552
570
599
625
639
648
650
646
642
650
651
647
640
627
618
609
602
590
556
514
471
426
382
331
272
207
141
82
33
-16
-57
-97
-137
-165
-186
-204
-216
-235
-258
-273
-282
-281
-288
-293
-298
-302
-302
-290
-278
-274
-265
-262
-259
-250
-238
-232
-231
-238
-241
-234
-227
-221
-220
-223
-225
-217
-209
-200
-202
-210
-216
-231
-237
-242
-258
-277
-305
-331
-347
-355
-372
-394
-411
-424
-433
-433
-434
-439
-451
-453
-457
-462
-452
-446
-457
-461
-458
-454
-441
-430
-414
-400
-381
-345
-300
-257
-209
-166
-121
-70
-12
45
89
131
170
201
233
268
296
318
341
366
386
409
436
460
472
485
496
498
504
507
500
488
471
462
446
430
419
408
397
386
389
391
387
389
395
396
397
397
393
383
371
364
347
336
327
313
298
284
283
277
271
268
259
250
246
240
227
205
180
155
129
101
68
34
2
-24
-51
-64
-72
-83
-93
-95
-94
-93
-83
-81
-86
-96
-105
-116
-131
-140
-156
-184
-202
-206
-220
-223
-217
-212
-205
-205
-186
-169
-160
-153
-149
-154
-159
-166
-176
-189
-212
-228
-250
-261
-268
-276
-282
-283
-285
-285
-277
-269
-267
-272
-273
-270
-273
-279
-280
-282
-283
-284
-273
-258
-236
-217
-192
-166
-139
-104
-65
-43
-20
1
16
34
45
54
57
59
60
62
73
79
88
98
109
115
128
140
149
162
172
183
192
202
214
228
232
235
241
242
247
246
245
242
233
225
218
204
193
179
163
147
134
124
106
94
81
70
64
55
51
55
53
58
62
62
67
75
82
86
88
93
102
106
110
115
122
129
137
147
156
163
162
166
163
154
148
130
120
107
89
73
56
43
34
24
20
19
16
14
12
13
7
3
-5
-15
-25
-33
-45
-56
-67
-78
-90
-99
-111
-119
-125
-133
-148
-160
-168
-177
-179
-185
-190
-191
-194
-190
-190
-187
-187
-190
-186
-188
-188
-179
-181
-175
-167
-159
-145
-133
-115
-102
-86
-67
-52
-42
-31
-23
-16
-9
-8
2
9
15
23
27
31
33
39
46
44
45
51
50
53
53
53
60
59
66
77
89
96
102
109
111
113
112
109
101
89
81
74
56
46
34
21
14
8
3
-6
-9
-15
-20
-21
-27
-26
-24
-31
-31
-24
-23
-25
-21
-26
-25
-29
-29
-24
-26
-22
-20
-15
-6
4
18
28
36
44
57
64
66
65
59
43
29
15
-1
-13
-32
-43
-51
-58
-60
-62
-68
-64
-67
-65
-58
-57
-51
-52
-54
-54
-58
-55
-56
-59
-61
-62
-64
-65
-66
-68
-71
-76
-73
-70
-68
-65
-60
-56
-59
-53
-45
-41
-39
-41
-36
-39
-39
-36
-38
-36
-39
-29
-18
-10
2
7
14
21
22
30
30
30
28
24
25
24
23
21
20
16
14
17
19
12
9
10
6
3
5
5
10
16
18
27
32
45
55
59
74
82
89
96
101
105
100
102
101
95
89
82
69
55
45
36
27
11
0
-12
-29
-45
-58
-64
-77
-84
-96
-107
-110
-121
-127
-130
-137
-139
-143
-141
-141
-135
-132
-133
-127
-120
-116
-108
-101
-94
-86
-85
-77
-72
-68
-56
-48
-44
-33
-23
-5
5
11
24
35
45
55
67
70
73
78
82
83
82
82
79
75
72
67
66
60
53
49
37
25
16
9
-6
-24
-40
-54
-64
-81
-89
-97
-109
-113
-114
-113
-113
-109
-105
-98
-89
-77
-58
-47
-33
-27
-16
-8
-1
8
8
16
20
26
36
40
53
55
61
69
74
84
89
96
100
101
102
101
97
97
94
89
86
81
86
82
79
80
76
78
82
86
88
89
97
96
99
97
89
86
76
74
66
59
52
50
46
41
43
46
52
58
66
79
86
92
96
98
97
90
90
85
79
72
65
59
48
41
31
29
22
17
18
12
5
-1
-9
-22
-34
-45
-57
-70
-86
-101
-109
-118
-129
-136
-139
-143
-134
-124
-116
-101
-91
-75
-59
-44
-33
-21
-14
-9
-3
0
-5
-1
-4
-8
-1
-6
3
7
7
7
8
6
2
3
-9
-21
-29
-39
-44
-54
-63
-70
-79
-90
-92
-98
-104
-111
-116
-123
-133
-138
-147
-151
-154
-156
-157
-148
-145
-138
-130
-121
-115
-102
-93
-83
-72
-63
-51
-41
-32
-24
-10
1
11
26
43
57
75
88
101
111
123
138
143
148
150
151
149
145
138
125
111
96
84
73
58
44
32
21
16
17
18
23
25
31
40
45
47
46
44
36
35
31
28
24
19
22
22
28
33
41
48
54
55
62
67
66
70
68
68
65
61
56
48
43
30
19
8
-9
-21
-30
-49
-62
-69
-78
-85
-87
-87
-87
-84
-80
-76
-76
-77
-79
-78
-80
-85
-90
-99
-105
-109
-106
-110
-105
-101
-98
-88
-79
-67
-55
-40
-30
-15
-8
2
10
13
15
18
16
15
12
4
0
-11
-13
-21
-30
-34
-40
-38
-38
-39
-33
-24
-23
-24
-21
-23
-27
-31
-32
-31
-32
-27
-22
-13
-3
11
31
46
71
89
110
132
146
161
176
186
193
202
205
207
212
212
207
204
199
188
184
175
162
150
131
117
96
79
63
42
32
20
8
5
-2
-7
-9
-15
-14
-11
-3
1
6
12
19
26
32
41
47
55
60
73
85
95
104
111
120
133
149
165
179
185
197
201
201
198
193
184
171
158
148
139
125
114
100
91
78
68
60
44
34
25
8
-4
-15
-33
-47
-61
-72
-82
-88
-87
-88
-85
-78
-69
-54
-33
-15
5
26
45
71
99
119
142
168
196
226
251
276
299
315
336
352
359
372
380
380
379
371
362
346
320
297
269
237
205
167
134
92
47
9
-30
-74
-111
-156
-197
-237
-285
-321
-364
-410
-449
-488
-524
-558
-588
-613
-637
-657
-671
-680
-689
-693
-693
-690
-684
-680
-670
-663
-658
-645
-630
-614
-592
-569
-545
-516
-491
-459
-424
-396
-356
-321
-287
-250
-215
-183
-156
-126
-99
-75
-57
-36
-15
-2
11
21
25
33
39
43
54
51
66
75
76
81
80
87
88
93
96
98
99
99
103
107
109
107
112
118
120
129
131
127
130
122
119
117
110
103
97
91
82
73
66
55
39
25
11
-4
-18
-28
-45
-57
-69
-82
-93
-100
-105
-109
-113
-109
-106
-105
-102
-103
-107
-105
-104
-97
-93
-94
-82
-77
-76
-65
-59
-54
-45
-32
-21
-6
4
18
33
43
61
74
92
106
119
129
138
141
145
155
155
156
158
161
160
155
154
147
135
125
111
98
82
60
45
23
-1
-26
-52
-84
-110
-131
-158
-170
-191
-204
-214
-227
-235
-243
-245
-253
-246
-244
-240
-235
-228
-212
-210
-200
-186
-175
-160
-144
-127
-114
-102
-88
-74
-58
-45
-25
-7
7
26
42
61
75
85
103
117
128
146
164
178
193
210
222
243
252
270
283
295
311
322
338
338
346
352
355
360
361
360
359
357
357
350
346
341
337
331
326
321
317
311
306
302
295
288
284
286
284
283
278
275
267
258
249
239
232
219
210
200
187
175
159
147
131
117
106
92
77
62
56
41
35
23
13
10
6
2
2
1
-1
2
3
7
14
25
32
40
50
57
61
71
79
81
89
94
98
102
104
101
98
93
90
87
83
81
81
82
80
73
69
58
56
53
50
50
45
42
38
35
26
26
24
19
20
18
16
13
9
8
3
2
1
1
2
3
1
3
6
5
11
13
16
22
29
35
42
47
53
57
65
72
79
85
90
98
102
103
109
109
112
114
114
111
110
114
109
108
103
99
99
92
89
88
83
77
77
73
68
71
72
72
74
79
82
83
91
87
93
96
94
99
100
101
97
93
91
86
82
75
63
56
47
41
28
19
10
-4
-15
-31
-39
-54
-64
-73
-82
-89
-100
-109
-115
-122
-129
-133
-143
-147
-148
-150
-152
-153
-154
-154
-149
-146
-145
-139
-140
-136
-131
-136
-136
-138
-138
-139
-135
-131
-132
-135
-138
-147
-151
-155
-153
-156
-151
-149
-152
-152
-161
-165
-173
-182
-188
-196
-204
-214
-230
-241
-254
-269
-286
-296
-312
-324
-337
-346
-354
-364
-368
-378
-383
-385
-388
-393
-395
-394
-396
-397
-398
-395
-391
-383
-378
-372
-363
-354
-343
-330
-319
-306
-296
-286
-277
-272
-259
-251
-238
-229
-219
-211
-206
-194
-182
-167
-156
-139
-126
-111
-94
-81
-64
-48
-29
-8
7
27
44
60
80
94
112
128
150
167
184
201
220
237
251
271
286
300
315
326
340
351
364
370
376
386
385
394
395
400
404
408
411
411
412
412
411
411
414
412
412
403
403
403
401
402
405
406
409
411
417
419
426
432
432
439
445
443
445
441
437
432
420
413
401
389
376
361
349
339
325
316
303
288
279
265
261
250
245
230
216
198
188
176
164
151
135
126
124
125
113
115
112
108
111
114
115
114
109
107
97
87
73
55
39
14
-8
-30
-47
-72
-92
-111
-128
-146
-162
-176
-190
-201
-213
-228
-239
-251
-260
-265
-275
-283
-290
-287
-287
-280
-269
-254
-238
-225
-210
-195
-179
-162
-143
-125
-111
-104
-102
-110
-112
-119
-124
-131
-144
-160
-185
-205
-233
-256
-286
-314
-349
-387
-431
-485
-540
-598
-665
-730
-803
-880
-959
-1043
-1136
-1229
-1320
-1416
-1511
-1604
-1697
-1798
-1888
-1984
-2071
-2158
-2230
-2302
-2358
-2402
-2449
-2475
-2497
-2501
-2496
-2469
-2434
-2385
-2330
-2263
-2190
-2105
-2008
-1908
-1798
-1684
-1565
-1442
-1315
-1187
-1057
-922
-785
-653
-514
-379
-250
-126
-2
115
230
344
453
552
649
741
835
923
1010
1093
1176
1260
1334
1413
1490
1561
1626
1694
1754
1806
1860
1912
1954
2000
2041
2076
2114
2146
2183
2215
2247
2282
2316
2348
2385
2415
2445
2482
2508
2535
2565
2583
2605
2626
2645
2666
2682
2704
2713
2729
2745
2757
2767
2774
2779
2778
2776
2767
2753
2735
2717
2690
2658
2626
2592
2554
2519
2481
2441
2399
2360
2316
2274
2229
2181
2135
2082
2026
1969
1914
1857
1795
1740
1685
1621
1572
1516
1466
1415
1370
1325
1284
1242
1198
1159
1119
1079
1037
995
948
913
867
830
788
746
702
665
627
582
545
505
460
412
368
313
260
202
144
84
24
-40
-101
-164
-227
-287
-345
-404
-456
-510
-561
-610
-659
-696
-747
-787
-830
-871
-915
-952
-988
-1025
-1060
-1092
-1121
-1149
-1171
-1194
-1213
-1241
-1257
-1278
-1301
-1323
-1341
-1357
-1382
-1402
-1421
-1445
-1463
-1485
-1502
-1515
-1532
-1550
-1564
-1576
-1592
-1608
-1622
-1633
-1642
-1650
-1662
-1663
-1678
-1684
-1691
-1693
-1689
-1690
-1687
-1683
-1676
-1673
-1662
-1656
-1647
-1638
-1625
-1616
-1604
-1594
-1582
-1568
-1551
-1531
-1517
-1494
-1480
-1459
-1439
-1421
-1398
-1385
-1362
-1343
-1323
-1302
-1283
-1258
-1244
-1224
-1210
-1191
-1173
-1153
-1140
-1127
-1115
-1102
-1081
-1077
-1061
-1053
-1047
-1037
-1031
-1033
-1027
-1030
-1022
-1016
-1016
-1006
-1008
-1000
-999
-991
-986
-975
-966
-956
-947
-940
-926
-912
-901
-883
-873
-859
-847
-839
-822
-808
-792
-780
-767
-760
-749
-738
-727
-721
-715
-712
-707
-702
-696
-688
-681
-675
-676
-662
-657
-648
-641
-632
-625
-615
-603
-592
-578
-565
-551
-538
-518
-505
-491
-472
-456
-440
-419
-400
-380
-363
-342
-323
-297
-274
-252
-228
-205
-182
-155
-129
-105
-71
-46
-22
3
29
57
82
107
134
156
179
200
221
248
267
284
303
316
330
347
358
369
380
391
398
401
406
410
413
418
422
427
428
424
426
432
433
434
434
434
433
432
433
435
439
437
437
432
429
429
426
427
420
415
417
407
402
402
396
386
377
368
360
357
350
344
332
327
319
309
309
302
294
289
283
277
280
276
275
271
270
272
277
280
280
279
287
289
291
304
310
315
317
323
332
343
346
354
363
366
374
384
393
402
405
417
423
429
441
442
448
455
460
464
475
474
477
479
479
480
482
482
478
476
468
463
458
452
442
432
423
405
390
380
366
352
342
324
307
289
279
263
250
237
220
204
186
173
162
150
138
123
115
100
87
81
73
65
48
38
33
25
14
4
-1
-5
-16
-30
-31
-33
-41
-46
-53
-55
-55
-62
-60
-59
-57
-55
-50
-47
-45
-40
-37
-27
-21
-12
1
5
14
25
38
54
66
78
92
111
119
137
153
167
187
200
213
233
254
267
279
296
312
327
342
354
362
381
393
407
420
428
440
446
453
456
465
470
473
476
482
480
481
480
478
474
468
465
452
451
440
429
422
409
399
388
374
361
350
338
321
307
295
279
265
252
233
220
203
188
173
157
143
126
113
97
79
65
52
37
23
10
-1
-19
-26
-39
-53
-65
-78
-88
-101
-109
-123
-135
-145
-157
-165
-175
-186
-201
-213
-221
-232
-241
-254
-269
-278
-290
-301
-311
-324
-334
-346
-357
-370
-382
-395
-405
-417
-430
-438
-448
-457
-465
-476
-483
-492
-500
-505
-513
-512
-521
-525
-526
-529
-524
-528
-523
-523
-521
-518
-514
-508
-503
-494
-485
-478
-466
-458
-447
-436
-426
-410
-400
-391
-375
-365
-352
-334
-321
-303
-293
-277
-266
-255
-240
-232
-221
-212
-202
-190
-177
-169
-162
-157
-151
-143
-140
-133
-127
-120
-115
-113
-109
-109
-108
-105
-103
-103
-96
-95
-94
-95
-91
-90
-94
-91
-90
-82
-80
-76
-67
-66
-61
-56
-53
-46
-41
-33
-31
-18
-8
0
12
19
32
44
54
64
74
91
103
113
126
141
158
171
179
195
208
223
237
249
258
272
287
293
306
318
331
344
351
362
371
380
383
393
403
410
417
421
429
438
444
441
445
452
452
459
459
462
467
468
471
468
474
472
473
471
470
470
467
469
465
465
463
459
456
454
454
454
446
439
433
433
427
422
421
418
420
411
403
400
396
391
384
381
377
372
368
363
360
357
355
346
344
333
327
327
312
311
305
298
293
285
285
270
264
258
244
237
227
215
207
199
186
172
162
147
133
124
108
91
77
62
42
27
12
-6
-18
-36
-55
-65
-82
-104
-121
-133
-151
-162
-174
-191
-206
-217
-229
-239
-248
-260
-264
-273
-284
-289
-295
-295
-304
-309
-307
-310
-312
-314
-311
-314
-312
-315
-313
-309
-311
-307
-309
-306
-304
-301
-300
-301
-300
-299
-300
-299
-302
-303
-305
-306
-310
-308
-308
-314
-316
-320
-322
-326
-329
-331
-331
-331
-336
-339
-340
-342
-340
-342
-343
-341
-336
-330
-332
-322
-317
-311
-300
-292
-279
-276
-271
-254
-246
-232
-217
-211
-193
-180
-169
-154
-143
-131
-120
-103
-94
-84
-70
-64
-51
-43
-41
-31
-27
-25
-18
-13
-10
-12
-12
-10
-13
-11
-19
-20
-17
-26
-32
-35
-35
-44
-49
-51
-57
-63
-69
-73
-74
-79
-76
-79
-83
-81
-86
-84
-84
-83
-82
-83
-80
-78
-73
-67
-66
-66
-63
-58
-53
-43
-41
-35
-34
-29
-21
-22
-14
-7
-2
1
7
11
5
11
14
12
16
22
28
27
30
32
32
33
33
33
36
33
34
38
41
42
43
45
41
46
49
49
53
51
55
55
57
64
63
68
68
66
71
68
72
77
75
77
78
74
75
76
82
84
90
88
87
92
89
87
88
93
94
100
98
99
101
104
106
105
110
113
110
115
111
108
117
119
122
125
128
127
124
125
124
126
127
126
126
132
135
132
128
130
128
127
124
120
122
120
116
113
108
108
104
96
96
90
87
82
71
64
58
52
47
34
31
22
13
3
-11
-13
-21
-27
-35
-43
-51
-68
-69
-75
-87
-91
-104
-113
-122
-128
-133
-140
-144
-150
-157
-164
-173
-176
-175
-181
-183
-190
-192
-194
-196
-200
-204
-200
-200
-200
-201
-197
-189
-191
-189
-184
-182
-177
-175
-172
-163
-155
-157
-154
-147
-143
-135
-132
-126
-121
-117
-118
-118
-111
-102
-99
-94
-91
-85
-81
-79
-78
-81
-79
-77
-77
-75
-73
-72
-72
-74
-74
-73
-68
-68
-69
-65
-62
-62
-64
-65
-61
-61
-61
-54
-54
-59
-49
-48
-47
-37
-35
-34
-29
-24
-24
-17
-10
-8
-4
2
4
5
12
15
17
16
23
33
41
42
39
41
44
43
42
46
45
48
45
44
46
43
42
39
41
40
38
41
36
36
38
36
37
36
37
44
40
41
42
39
43
36
37
43
47
52
51
52
55
55
60
66
73
76
75
76
77
81
85
85
89
95
96
98
99
104
107
109
111
113
116
118
118
117
119
120
116
114
115
112
115
113
109
108
104
105
98
96
94
93
88
80
79
77
75
73
63
58
55
50
44
42
42
41
38
34
33
29
28
25
21
25
22
19
13
10
15
6
3
2
0
0
2
-4
-4
-6
-10
-9
-11
-8
-5
-8
-7
-14
-17
-14
-22
-20
-20
-17
-15
-23
-21
-22
-22
-23
-28
-24
-26
-27
-27
-28
-27
-24
-30
-32
-29
-31
-29
-32
-32
-34
-33
-32
-35
-30
-28
-27
-30
-30
-23
-23
-22
-18
-15
-10
-6
-12
-12
-7
-5
4
0
9
9
7
13
15
22
21
22
23
24
26
28
26
27
26
27
31
24
27
28
23
22
18
19
20
13
13
8
6
5
2
0
-5
-6
-9
-16
-19
-19
-24
-30
-35
-30
-34
-40
-40
-43
-43
-42
-45
-52
-54
-49
-49
-54
-56
-52
-56
-54
-55
-53
-50
-53
-52
-50
-48
-46
-44
-44
-42
-38
-41
-42
-44
-39
-38
-40
-39
-45
-38
-42
-45
-47
-47
-39
-39
-40
-43
-41
-45
-47
-46
-50
-47
-47
-52
-54
-54
-52
-53
-55
-50
-49
-50
-52
-53
-52
-52
-55
-54
-53
-51
-49
-53
-51
-51
-49
-47
-46
-45
-41
-37
-42
-41
-35
-32
-31
-30
-24
-18
-21
-21
-20
-21
-14
-12
-8
-6
-9
-2
-2
-5
2
4
7
5
9
15
11
11
9
11
16
18
19
21
24
24
26
27
31
32
36
36
37
41
39
39
38
42
43
42
41
41
43
42
38
38
40
37
37
37
37
37
33
31
30
31
30
29
28
24
20
20
23
25
22
22
22
18
14
17
17
16
14
11
15
18
16
16
13
13
14
15
15
17
21
22
20
20
26
28
25
28
30
26
27
28
27
32
31
30
36
35
36
35
35
32
30
33
31
32
36
32
28
24
28
27
24
26
26
25
24
18
22
19
16
17
15
20
18
14
12
8
11
14
8
8
5
4
9
9
5
4
5
4
2
3
1
0
-1
-1
2
1
0
-2
0
2
1
-1
-2
-1
-1
-1
-2
0
-3
-4
-6
-9
-4
-4
-4
-7
-8
-6
-5
-12
-11
-9
-5
-8
-11
-10
-14
-9
-9
-8
-6
-8
-15
-13
-11
-12
-8
-12
-17
-15
-14
-12
-15
-15
-16
-14
-15
-17
-13
-14
-14
-19
-20
-19
-22
-19
-20
-23
-24
-25
-25
-24
-24
-25
-27
-26
-27
-27
-27
-31
-31
-31
-31
-31
-32
-31
-31
-34
-34
-35
-37
-35
-34
-34
-32
-31
-34
-33
-31
-31
-32
-30
-34
-35
-31
-31
-31
-36
-31
-31
-33
-30
-35
-31
-29
-30
-31
-29
-29
-26
-28
-30
-29
-29
-27
-29
-26
-24
-28
-26
-26
-22
-17
-23
-23
-22
-18
-17
-19
-16
-15
-14
-14
-17
-14
-12
-14
-13
-13
-10
-9
-9
-6
-6
-5
-3
-3
-3
0
2
0
-2
3
6
4
5
5
6
9
10
9
10
17
17
12
15
19
21
19
24
26
28
31
31
32
32
37
38
37
40
41
46
42
49
51
44
51
43
50
57
53
53
52
55
57
54
53
52
54
55
54
53
54
56
53
55
52
47
51
50
47
52
52
49
45
39
43
45
41
40
40
41
40
34
33
34
33
30
29
34
39
33
35
32
29
29
25
25
26
27
26
28
26
31
27
25
22
20
22
23
21
21
23
25
20
19
20
23
26
22
23
17
14
12
11
11
13
11
10
7
6
9
3
0
-3
-3
-3
-6
-7
-9
-14
-17
-21
-15
-19
-25
-29
-34
-26
-33
-36
-38
-41
-40
-45
-43
-43
-46
-47
-48
-46
-48
-50
-46
-48
-51
-51
-54
-54
-51
-49
-47
-46
-49
-46
-46
-44
-44
-43
-42
-42
-43
-42
-41
-40
-40
-39
-36
-35
-32
-36
-37
-35
-37
-33
-31
-34
-32
-33
-38
-32
-34
-38
-35
-37
-38
-39
-39
-38
-35
-38
-41
