1
0
0
2
2
1
-1
-1
-2
-4
-3
-1
-1
0
0
0
0
-3
-2
-3
-4
-1
-3
-3
0
0
1
2
1
-1
5
5
0
0
-1
0
0
-2
-1
2
-1
-2
-1
-3
-1
-1
-3
-3
1
3
-1
-1
-1
-3
-4
-1
-1
0
-1
-2
-2
-1
2
3
-1
2
4
2
2
0
1
2
0
1
-3
-3
0
0
1
0
-1
-5
-6
-2
-3
-5
-3
-3
0
1
2
1
-1
-3
-3
-2
-2
-2
1
-2
-1
0
-1
4
2
0
3
0
0
1
3
-1
1
2
-1
-1
-1
0
0
3
-2
0
0
-2
1
1
0
-3
-4
-2
0
0
-1
0
0
0
0
1
0
0
1
-1
-4
-2
-1
-3
0
-1
-1
-1
-1
0
-3
0
-1
-2
-3
-4
-1
-1
-1
-2
-4
-4
0
-1
-3
-2
-2
0
0
1
1
3
2
-1
0
0
1
0
0
1
3
2
1
-1
2
3
4
1
-2
2
1
-3
-1
1
2
2
4
1
-2
-3
-4
-2
-4
0
0
-3
-2
-3
-3
-3
-3
-2
-3
-1
2
1
-1
-2
-4
-5
-1
-1
0
-2
-4
-2
0
-1
0
5
3
1
2
3
1
4
2
3
1
-1
0
0
0
0
2
0
2
0
-2
0
0
1
0
1
2
1
1
-1
1
-1
-2
-2
0
1
-2
2
-2
-1
-2
1
2
-1
0
-2
-1
-3
0
1
2
3
1
2
-2
2
2
2
2
0
-1
-3
1
1
5
3
0
4
1
1
2
4
4
5
5
4
5
5
9
7
5
5
3
4
2
3
3
5
1
5
4
0
2
1
3
3
-1
3
3
2
4
7
5
2
5
3
6
9
5
3
4
1
1
2
0
-1
0
-1
-2
1
1
-1
1
2
2
0
-1
-2
2
-3
-3
-1
-4
-4
-6
-4
-5
-2
-3
-3
-3
-5
-5
-3
-6
-5
-5
-4
-3
-4
-3
-4
-2
-4
-5
-3
-2
-3
-4
-3
-3
-2
-4
-7
-5
-6
-5
-3
-2
-2
-3
-2
-2
-3
-2
-4
-1
-1
-1
-5
-4
-6
-4
-3
-7
-4
-8
-7
-4
-8
-5
-5
-6
-4
-2
-4
-4
-2
-2
-4
-4
-1
-2
0
-1
-5
-5
-4
-5
-8
-5
-3
-3
0
1
1
-1
0
-3
1
2
-2
-2
-3
-2
-3
2
1
1
0
1
6
1
0
3
3
3
3
4
8
4
4
3
3
4
4
3
3
2
1
3
3
3
1
2
3
1
4
5
3
4
3
2
3
2
0
0
1
-1
1
0
-2
2
1
-4
-2
-2
1
-1
-1
-1
-1
2
0
-2
-1
3
3
7
2
2
2
1
2
1
2
1
2
5
-1
-1
0
1
1
0
-1
2
0
-1
-1
-1
-1
-1
2
2
1
3
1
1
4
0
2
4
3
5
3
1
1
1
3
1
-2
-1
1
-3
-4
-2
-1
2
2
-1
0
-5
-3
-3
-1
1
-2
-1
-6
-4
-3
-3
-4
-5
-2
-4
-2
-1
-3
-6
-5
-7
-5
-2
-5
-2
-1
1
1
2
2
1
0
3
2
1
2
0
0
3
1
1
2
2
0
-1
1
3
2
1
1
0
4
3
2
2
1
1
2
3
2
1
2
0
2
1
-1
0
1
1
0
0
-2
-2
0
-2
-1
0
-1
-3
-3
-4
-3
-3
-2
0
-1
1
0
3
-1
1
2
1
1
-5
-2
-1
-2
3
1
1
-1
-3
-1
-2
-4
-4
-2
-2
-1
-2
0
0
0
3
1
2
3
6
4
3
1
1
2
0
-1
1
-2
-1
1
2
2
0
2
-1
-2
-1
-1
-1
-2
-1
0
-2
-7
-3
-3
-2
-3
-4
-3
-3
-1
-3
-4
-2
-2
-4
-2
-3
-4
-1
-2
-2
1
-2
-1
-1
0
-1
-2
0
-3
-2
0
-2
-2
0
1
1
-3
-1
-1
-4
-3
-3
0
0
0
2
2
3
4
5
5
6
4
4
-1
0
2
3
3
3
7
5
8
6
6
4
8
7
9
8
10
7
5
6
3
6
8
5
5
4
4
3
2
3
2
2
4
4
3
5
3
5
4
3
1
0
3
4
6
2
1
3
2
1
2
2
3
2
3
3
1
2
0
-1
1
1
2
3
0
4
2
4
2
3
0
-1
2
1
1
0
2
2
1
-1
0
2
2
1
0
0
2
0
3
1
1
3
1
-2
1
2
-4
-3
0
-2
-3
-3
-5
-3
-4
-7
-7
-5
-5
-5
-5
-5
-7
-6
-7
-5
-8
-6
-5
-10
-7
-7
-8
-6
-8
-3
-4
-7
-4
-7
-7
-5
-6
-4
-6
-6
-5
-5
-6
-6
-9
-7
-5
-9
-7
-10
-10
-8
-8
-5
-7
-7
-7
-7
-5
-9
-5
-8
-8
-5
-9
-6
-7
-4
-4
-4
-5
-7
-7
-5
-7
-6
-8
-8
-7
-5
-7
-9
-8
-7
-6
-6
-4
-4
-5
-9
-6
-6
-3
-6
-4
-2
-2
-2
-4
-2
-7
-6
-3
-3
-4
-1
0
-2
2
-1
-2
-2
0
0
-4
-5
-4
-5
-5
-6
-6
-3
-4
-1
-1
-3
-2
-1
-2
-3
-3
-2
-1
-1
-2
-1
1
0
0
1
3
2
2
2
2
1
0
-1
0
-2
1
2
3
1
3
1
1
0
-1
1
-1
-2
1
0
-2
-2
0
1
1
2
2
3
4
1
0
0
-2
2
1
1
0
1
6
1
2
9
6
5
7
5
4
3
4
6
4
5
5
7
6
4
6
8
8
10
9
8
9
7
8
7
7
7
6
10
9
7
5
7
6
6
9
7
9
8
7
11
10
7
7
8
5
6
4
5
7
7
7
5
8
7
4
6
4
3
5
6
5
4
8
6
5
6
5
6
4
5
5
5
7
6
8
7
5
3
2
3
3
3
2
5
3
4
4
4
2
2
3
5
7
5
5
3
3
4
1
1
3
0
2
4
4
5
4
5
0
2
2
2
3
4
4
4
5
3
6
3
0
2
2
-1
-1
-1
-3
1
1
-1
1
0
1
-2
-3
0
-1
-3
-1
0
0
-4
-2
1
-3
0
-4
-1
-1
-1
-3
-6
-4
-2
-5
-2
-1
-6
-4
-1
-2
-4
-1
-2
-5
-4
-4
-5
-1
-3
-4
-2
-2
-3
-2
-1
-1
0
-3
-1
0
-3
-2
-2
-2
-3
-2
-1
-2
1
0
-4
-1
0
-1
1
2
2
1
1
4
2
1
1
4
-1
2
3
1
1
-2
-2
-2
-2
-1
3
2
2
-1
-3
0
0
2
2
0
1
5
2
0
2
3
4
2
1
0
-2
-2
3
1
3
2
2
2
2
0
2
6
2
2
3
2
5
4
3
3
2
7
4
4
3
2
3
3
7
3
5
5
2
5
3
6
1
-2
1
0
-1
2
3
-1
0
2
0
3
2
2
3
4
2
2
2
1
0
-1
0
-3
2
1
-1
2
1
2
3
-1
1
1
-2
0
-1
1
2
1
3
1
2
2
-1
0
-1
1
-1
-2
-3
-5
-2
-5
-8
-3
-3
-2
-4
-3
-1
-2
1
-2
-3
-1
-3
-1
-1
-2
-3
-3
-1
-1
-2
0
-3
2
-2
2
1
-2
-1
0
0
1
1
1
-1
-3
2
-1
-3
-4
-3
-1
-2
0
1
-1
1
0
-1
-2
1
1
0
-1
-3
1
0
2
3
3
0
-2
0
1
-1
1
-1
-1
1
-1
0
0
-1
-1
-1
-3
-5
-5
-6
-4
-7
-7
-5
-8
-8
-3
-3
-8
-6
-5
-5
-3
-1
-6
-5
-4
-4
-1
-1
-2
-1
-2
-4
-5
-4
-6
-1
-5
-6
-4
-6
-3
-4
-5
-5
-3
-7
-7
-5
-2
-2
-3
-2
-1
1
-2
1
1
2
-2
-2
-2
1
3
-2
-2
-1
1
0
2
0
1
2
-1
2
0
0
1
2
0
1
1
-2
3
1
3
1
-2
0
2
0
-1
-1
-3
-1
-2
-1
-2
-3
-3
-7
-5
-5
-6
-7
-12
-9
-9
-9
-8
-11
-11
-11
-9
-10
-11
-14
-7
-8
-9
-9
-11
-10
-11
-10
-10
-7
-9
-6
-5
-5
-3
-5
-2
-1
-1
-3
-4
2
1
2
2
2
1
0
1
2
4
2
4
3
7
5
5
7
6
7
5
6
8
8
3
3
3
7
10
7
4
2
7
6
1
1
1
5
4
3
-1
1
6
2
-3
1
1
3
5
0
2
5
2
-1
1
3
3
-2
0
5
3
0
-2
1
2
0
-2
0
2
1
-4
-4
-1
1
-1
-1
-1
1
0
-3
0
3
5
-1
0
3
7
5
4
4
6
8
3
2
2
5
6
5
5
4
10
10
11
9
8
11
13
13
13
15
16
20
21
21
21
24
26
26
23
23
27
27
25
24
23
25
24
21
18
12
11
12
11
3
-10
-15
-6
-5
-21
-45
-47
-35
-34
-51
-72
-76
-74
-76
-80
-87
-93
-107
-125
-118
-99
-99
-128
-163
-161
-123
-101
-121
-158
-170
-139
-96
-94
-128
-145
-118
-68
-46
-67
-87
-60
3
26
8
16
61
88
89
114
176
217
182
147
222
345
365
276
259
374
454
396
357
468
569
446
244
346
681
750
376
73
302
711
684
245
43
321
554
346
3
51
354
359
-10
-267
-80
232
171
-209
-417
-242
-25
-104
-361
-437
-277
-207
-383
-568
-483
-245
-225
-485
-682
-556
-291
-244
-441
-582
-489
-339
-355
-447
-407
-265
-250
-398
-479
-337
-120
-97
-270
-382
-293
-134
-95
-158
-183
-146
-139
-177
-179
-112
-56
-76
-142
-194
-208
-186
-110
-35
-87
-276
-397
-286
-85
-59
-247
-411
-378
-261
-228
-280
-286
-255
-290
-384
-378
-218
-78
-122
-277
-324
-165
51
101
-5
-53
77
252
302
251
281
458
598
559
481
608
851
909
756
722
990
1212
1035
715
807
1307
1513
1064
551
716
1323
1467
936
470
658
1071
986
514
341
637
781
383
-71
4
405
439
-49
-469
-373
-55
-70
-425
-657
-552
-426
-590
-847
-848
-625
-555
-827
-1113
-1049
-752
-637
-836
-1048
-1000
-815
-762
-851
-858
-712
-636
-752
-870
-744
-466
-358
-512
-676
-600
-369
-225
-266
-338
-315
-237
-190
-177
-128
-60
-28
-48
-91
-109
-71
31
109
53
-101
-197
-109
58
93
-50
-199
-198
-135
-112
-110
-99
-119
-216
-280
-226
-71
41
-18
-129
-150
-15
186
334
347
243
251
468
739
842
794
829
1008
1186
1207
1219
1413
1612
1514
1261
1396
1854
1989
1550
1128
1354
1836
1829
1253
884
1165
1407
1080
549
509
759
636
195
-180
-155
35
-60
-472
-854
-809
-660
-781
-1066
-1249
-1177
-1154
-1346
-1581
-1586
-1320
-1284
-1579
-1808
-1695
-1402
-1329
-1451
-1561
-1488
-1275
-1207
-1243
-1161
-936
-823
-903
-872
-656
-379
-216
-246
-284
-165
120
297
331
398
469
538
559
639
744
787
842
775
561
337
483
814
740
302
-167
-225
86
284
-95
-726
-738
-536
-696
-943
-907
-806
-1003
-1161
-1270
-1149
-728
-601
-880
-1048
-596
-142
-1
115
152
386
825
1269
1337
1345
1802
2153
2408
2561
2469
2270
2445
3338
3648
3008
2280
2204
2923
3301
2886
1967
1671
2150
1868
1091
839
1195
1040
50
-569
-681
-400
-269
-848
-1641
-2044
-1773
-1652
-1930
-2144
-2338
-2385
-2500
-2683
-2711
-2445
-2094
-2369
-2830
-2770
-2298
-1920
-1951
-2036
-2055
-1880
-1552
-1398
-1232
-965
-751
-812
-875
-546
-119
219
301
147
125
405
789
923
991
1089
1022
956
1003
1130
1222
1268
1210
879
456
253
513
895
673
-174
-894
-801
-258
-131
-770
-1530
-1626
-1378
-1353
-1541
-1571
-1558
-1722
-1868
-1844
-1446
-973
-890
-1138
-1180
-680
-58
379
528
552
812
1301
1846
2140
2288
2590
3000
3367
3421
3259
3108
3431
4347
4638
3722
2643
2780
3766
4046
3279
2247
2066
2424
2070
1250
1021
1414
1123
-1
-745
-725
-295
-273
-972
-1880
-2300
-1977
-1715
-1955
-2380
-2600
-2594
-2756
-2952
-2878
-2488
-2221
-2604
-3158
-3084
-2357
-1866
-2026
-2290
-2299
-2019
-1677
-1454
-1290
-1052
-821
-937
-1033
-618
5
332
226
27
65
476
936
1040
944
904
960
980
990
1080
1218
1223
870
445
336
599
818
470
-179
-507
-377
-337
-574
-723
-943
-1228
-1378
-1413
-1380
-1297
-1213
-1474
-1673
-1370
-1028
-781
-599
-547
-571
-268
409
805
1025
1263
1470
1792
2101
2396
2742
3257
3689
3558
3114
2796
3309
4596
5018
3799
2251
2343
3723
4238
3289
2036
1913
2297
1781
915
820
1408
1125
-251
-1277
-1269
-544
-337
-1107
-2205
-2787
-2497
-2196
-2315
-2642
-2875
-2950
-3256
-3594
-3444
-2727
-2282
-2891
-3702
-3596
-2755
-2132
-2125
-2323
-2419
-2284
-1980
-1678
-1282
-810
-617
-908
-1129
-683
172
732
650
321
256
610
1125
1397
1446
1391
1262
982
893
1329
1600
1318
747
314
199
363
585
165
-450
-663
-877
-1162
-1164
-950
-1263
-1762
-1909
-2038
-1965
-1601
-1454
-1806
-1965
-1569
-1237
-952
-651
-543
-391
61
582
835
1227
1855
2105
2107
2328
2920
3439
3704
4020
3986
3469
3078
3805
5157
5238
3778
2296
2622
4130
4466
3076
1793
2155
2478
1462
566
912
1484
765
-613
-1506
-1397
-631
-567
-1513
-2627
-2927
-2618
-2506
-2627
-2955
-3135
-3168
-3506
-3922
-3742
-2804
-2466
-3299
-4020
-3726
-2857
-2359
-2352
-2540
-2616
-2371
-2075
-1817
-1349
-780
-704
-1081
-1141
-571
272
757
667
282
269
781
1247
1475
1512
1533
1335
1030
1025
1201
1540
1641
1166
263
-248
279
867
639
-276
-1027
-1071
-794
-647
-948
-1246
-1361
-1632
-1881
-1670
-1023
-790
-1206
-1617
-1487
-707
81
271
-54
-116
497
1243
1790
2067
2214
2336
2565
2999
3501
4016
4394
4273
3471
2976
3935
5547
5561
3736
2375
2911
4295
4417
3160
2206
2430
2573
1454
605
1109
1706
955
-630
-1458
-1298
-630
-566
-1510
-2553
-2908
-2629
-2629
-2877
-3023
-3072
-3223
-3770
-4195
-3863
-2954
-2643
-3492
-4229
-3918
-3075
-2579
-2586
-2661
-2716
-2596
-2329
-1994
-1416
-812
-701
-1146
-1281
-585
360
840
756
452
408
822
1391
1687
1830
1844
1480
1036
1241
1871
2025
1615
990
518
462
804
845
270
-266
-574
-889
-981
-874
-943
-1370
-1763
-2025
-2079
-1596
-1222
-1420
-1820
-1827
-1366
-873
-369
-180
-237
-18
425
1065
1551
1926
2169
2286
2622
2887
3284
3890
4476
4348
3153
2664
4090
5904
5465
3109
2036
3241
4708
4298
2596
1967
2609
2613
1227
333
1123
1713
699
-950
-1685
-1246
-662
-760
-1762
-2792
-2897
-2604
-2716
-3114
-3168
-2925
-3194
-3930
-4361
-3826
-2777
-2716
-3683
-4373
-3855
-2901
-2656
-2778
-2857
-2728
-2585
-2456
-2090
-1518
-850
-819
-1280
-1369
-599
450
824
669
353
431
946
1412
1671
1701
1774
1460
1046
1227
1511
1720
1616
1170
307
-163
461
804
414
-369
-1128
-1328
-989
-634
-1159
-1714
-1766
-1953
-2031
-1725
-1285
-1330
-1593
-1648
-1523
-867
-90
120
-98
-4
579
1190
1771
2181
2210
2266
2682
3075
3278
3749
4458
4283
3102
2702
4091
5705
5181
2996
1991
3269
4706
3963
2191
1909
2744
2445
874
284
1139
1518
419
-1119
-1716
-1245
-731
-1069
-2112
-2894
-2932
-2790
-2917
-3253
-3373
-3211
-3372
-4029
-4490
-3906
-2934
-3011
-3939
-4408
-3796
-2957
-2755
-2916
-2948
-2688
-2510
-2444
-2104
-1440
-878
-922
-1274
-1240
-478
454
772
566
330
589
1131
1486
1598
1721
1890
1493
1180
1512
1764
1690
1532
1345
710
331
626
698
517
45
-650
-1069
-811
-458
-926
-1397
-1579
-1741
-1690
-1489
-1269
-1326
-1317
-1284
-1307
-842
-150
281
184
174
729
1407
1945
2120
2246
2616
3167
3486
3264
3546
4637
5074
3853
2766
4017
5992
5846
3660
2326
3445
5079
4720
2652
1861
2993
3260
1591
285
994
1806
998
-630
-1631
-1357
-618
-617
-1827
-3062
-3040
-2511
-2588
-3279
-3610
-3331
-3222
-3772
-4554
-4271
-3104
-2812
-3860
-4666
-4031
-3016
-2767
-3030
-3158
-2881
-2519
-2357
-2269
-1800
-1036
-783
-1155
-1287
-645
281
796
677
387
559
1159
1572
1609
1733
1756
1565
1532
1542
1510
1518
1647
1427
771
326
189
533
681
-31
-893
-1131
-800
-875
-1142
-1309
-1657
-1784
-1831
-1718
-1451
-1232
-1199
-1461
-1299
-788
-213
208
199
316
746
1475
2001
2132
2354
2677
3132
3426
3557
3773
4245
4874
4439
3165
3249
5255
6356
4479
2232
2565
4589
5180
3336
1643
2110
3221
2344
429
321
1509
1436
-290
-1652
-1595
-871
-575
-1386
-2685
-3279
-2841
-2430
-2891
-3514
-3578
-3298
-3482
-4206
-4431
-3606
-2728
-3246
-4478
-4495
-3301
-2516
-2787
-3194
-3071
-2642
-2288
-2145
-1879
-1305
-882
-1037
-1288
-895
22
713
723
393
328
780
1409
1733
1638
1441
1579
1543
1047
1073
1811
2027
1176
243
-177
169
1183
1012
-725
-1663
-891
-357
-967
-1345
-1482
-1807
-1783
-1797
-1925
-1527
-913
-1262
-2063
-1603
-552
-50
-4
-145
-103
435
1475
1941
1713
1976
2541
2775
2939
3579
4034
3858
4111
4308
3503
3114
4603
6088
4929
2622
2166
3759
5080
4153
2102
1551
2647
2683
917
132
1143
1425
-119
-1641
-1800
-1267
-910
-1284
-2519
-3562
-3447
-2857
-2912
-3490
-3824
-3819
-3842
-4167
-4540
-4112
-3131
-3104
-4279
-4853
-3817
-2681
-2634
-3023
-3116
-2844
-2419
-2021
-1724
-1332
-806
-764
-1057
-810
59
910
1143
885
614
829
1666
2201
2112
1945
1904
1649
1240
1767
2525
2057
1010
524
709
855
964
583
-444
-699
-555
-890
-1250
-1068
-1062
-1904
-2230
-2059
-1887
-1407
-1357
-1849
-2135
-1436
-734
-785
-540
-272
-28
423
924
1352
1577
2162
2495
2474
2909
3650
4233
3992
3869
4539
4649
3809
3642
5293
6297
4698
2662
2701
4515
5415
3964
1988
1891
2955
2443
804
577
1373
997
-555
-1672
-1755
-1256
-913
-1540
-3016
-3906
-3493
-2819
-3016
-3795
-4192
-4086
-3998
-4327
-4654
-4077
-3164
-3495
-4755
-4852
-3479
-2558
-2768
-3207
-3244
-2821
-2230
-1832
-1630
-1223
-800
-879
-991
-522
374
1077
1088
730
595
1101
1933
2152
1871
1811
2098
1720
872
1369
2498
2399
1045
-99
-116
705
1590
696
-1259
-1528
-638
-601
-1365
-1512
-1471
-1925
-2148
-2387
-2300
-1438
-1004
-1791
-2576
-1810
-647
-336
-437
-589
-271
471
1163
1406
1431
2015
2606
2650
2684
3356
4237
4203
4021
4324
4014
3433
4180
5868
5841
3797
2440
3082
4786
5244
3471
1734
2059
2983
2076
650
937
1524
640
-911
-1659
-1486
-1021
-851
-1784
-3316
-3791
-3159
-2766
-3173
-3755
-4025
-4099
-4158
-4445
-4519
-3735
-3114
-3887
-4984
-4576
-3209
-2642
-2940
-3190
-3164
-2830
-2220
-1766
-1497
-1081
-793
-963
-987
-226
679
1105
1120
760
663
1289
2148
2437
2098
1820
1669
1772
1904
1635
1732
2036
1616
416
-285
338
1076
987
-453
-2041
-1699
-533
-576
-1825
-2410
-2125
-2228
-2331
-2390
-2198
-1704
-1780
-2293
-2419
-1391
-361
-450
-766
-762
41
1101
1532
1521
1498
2216
2939
2971
3077
3720
4628
4559
4069
4137
4013
4100
5043
6029
5175
3068
2613
3877
5089
4606
2736
1780
2252
2538
1408
604
1319
1350
-217
-1776
-1850
-1053
-787
-1405
-2776
-3781
-3613
-3021
-2974
-3507
-3915
-4166
-4427
-4468
-4329
-4010
-3507
-3466
-4298
-4828
-3881
-2582
-2477
-2915
-2892
-2640
-2344
-1869
-1264
-730
-378
-502
-894
-420
725
1386
1370
1138
1077
1291
1907
2247
1992
2085
2353
2033
1318
1241
1949
2280
1736
544
-170
347
1012
683
-438
-1081
-1041
-1027
-1169
-1388
-1507
-1667
-2049
-2402
-2293
-1673
-1257
-1549
-2059
-1978
-1181
-300
-85
-377
-362
299
1160
1517
1661
2009
2429
2832
2996
3263
3847
4477
4589
4165
4518
5081
4473
3709
4585
6291
5703
3219
2040
3366
5311
4807
2383
1104
1966
2624
1269
216
728
929
-335
-1938
-2282
-1666
-1059
-1429
-2979
-4183
-4001
-3145
-2965
-3605
-4250
-4479
-4338
-4292
-4469
-4222
-3387
-3218
-4239
-4847
-3867
-2442
-2157
-2698
-3067
-2842
-2066
-1396
-1109
-890
-545
-430
-610
-251
623
1296
1500
1181
803
1003
1841
2512
2398
2031
1674
1342
1520
2014
2255
1769
851
280
211
621
681
148
-547
-1335
-1622
-1425
-1106
-1284
-2025
-2515
-2758
-2519
-2082
-1997
-2142
-2420
-2399
-2053
-1321
-693
-656
-684
-556
-28
722
1450
1821
1784
2002
2340
2945
3517
3743
3886
4089
4670
4865
4815
4576
4009
4285
5303
6069
4980
3008
2714
3980
5142
4169
2237
1620
2192
2459
1260
349
583
678
-248
-1748
-2148
-1609
-1252
-1834
-3217
-3974
-3709
-3155
-3313
-4007
-4359
-4353
-4268
-4374
-4472
-4182
-3624
-3538
-4165
-4432
-3664
-2608
-2343
-2717
-2881
-2507
-1861
-1424
-1161
-850
-506
-356
-376
-78
577
1208
1395
1142
947
1193
1811
2220
2110
1853
1849
1988
1712
1098
1102
1904
2203
965
-659
-872
307
1197
201
-1930
-2735
-1539
-570
-1485
-2714
-2796
-2447
-2502
-2812
-2781
-2300
-1894
-2318
-3036
-2479
-940
-239
-786
-1270
-829
314
1409
1605
1162
1261
2274
2997
2998
3157
3558
3865
3883
4108
4574
4929
5103
4220
3232
3890
5722
6148
3903
2095
2622
4200
4645
3089
1603
1571
2316
1851
242
13
804
660
-843
-2175
-2092
-1444
-1160
-2010
-3424
-3847
-3302
-2896
-3311
-3804
-3762
-3635
-3763
-4096
-4061
-3346
-2674
-2955
-3758
-3684
-2644
-1879
-1984
-2269
-2160
-1739
-1298
-1103
-868
-388
26
-58
-327
44
806
1328
1312
935
823
1156
1775
1984
1703
1620
1646
1570
1317
1154
1137
1126
1271
840
-219
-750
-309
270
-169
-1268
-2076
-2013
-1307
-1258
-2070
-2677
-2591
-2372
-2369
-2232
-2046
-2016
-2068
-2111
-1812
-1000
-292
-260
-536
-374
382
1258
1789
1796
1728
2060
2632
3165
3444
3544
3591
3684
3919
4244
4636
4750
4379
3631
3187
3840
5030
5198
3569
1895
2051
3408
3903
2647
1321
1248
1600
963
-227
-225
515
284
-1274
-2656
-2516
-1612
-1332
-2263
-3451
-3782
-3441
-3123
-3266
-3497
-3484
-3471
-3711
-4030
-3768
-2880
-2252
-2670
-3540
-3504
-2448
-1524
-1474
-1769
-1816
-1551
-1221
-999
-584
-51
164
-139
-439
-28
744
1260
1157
692
543
818
1322
1529
1403
1306
1105
907
854
842
614
537
987
737
-530
-1313
-755
205
112
-1190
-2629
-2502
-1041
-728
-1927
-2730
-2430
-2074
-2053
-1971
-1874
-1625
-1500
-1853
-1901
-914
177
176
-369
-432
299
1374
1982
1824
1523
1923
2681
3128
3191
3203
3420
3521
3661
3920
4191
4394
4373
4114
3370
3100
3939
4926
4737
3046
1763
2082
3328
3612
2288
1263
1184
1244
585
-162
84
424
-80
-1467
-2466
-2203
-1543
-1348
-2109
-3150
-3531
-3271
-2868
-2842
-3010
-3192
-3402
-3535
-3572
-3215
-2475
-2167
-2689
-3318
-3121
-2190
-1465
-1405
-1766
-1967
-1704
-1285
-835
-453
-278
-376
-642
-604
-128
538
877
686
268
103
510
1069
1325
1202
920
643
552
767
743
701
938
749
-160
-872
-442
308
429
-402
-1830
-2106
-978
-344
-1139
-1986
-1964
-1908
-1848
-1586
-1443
-1326
-1286
-1613
-1822
-1063
-18
179
-209
-394
-52
787
1602
1685
1400
1590
2129
2521
2765
3081
3285
3184
3060
3245
3774
4239
4252
3928
3501
3176
3212
3732
4473
4360
2956
1693
1956
3174
3391
2324
1364
1094
1069
583
124
328
501
-164
-1512
-2251
-1885
-1257
-1178
-2018
-3045
-3433
-3092
-2546
-2501
-2869
-3228
-3377
-3419
-3378
-2952
-2313
-2145
-2668
-3244
-3060
-2133
-1361
-1356
-1796
-2044
-1814
-1325
-884
-582
-450
-454
-688
-761
-259
449
833
658
231
24
377
1053
1332
1185
924
703
606
740
1006
1120
1052
618
-32
-309
64
561
329
-525
-1354
-1438
-833
-561
-1018
-1753
-2004
-1853
-1731
-1616
-1597
-1566
-1727
-1954
-1845
-1341
-655
-527
-791
-875
-446
369
822
899
802
976
1485
1873
2225
2471
2657
2711
2676
2840
3190
3626
3736
3599
3658
3771
3373
2795
3097
4120
4548
3430
1870
1595
2711
3618
2807
1450
891
971
962
504
310
180
-185
-911
-1869
-1981
-1418
-1039
-1617
-2828
-3358
-3120
-2516
-2314
-2763
-3187
-3327
-3215
-3187
-3003
-2436
-2139
-2468
-3039
-3050
-2339
-1532
-1355
-1814
-2127
-1861
-1374
-1077
-774
-537
-600
-781
-828
-472
98
545
514
68
-28
296
817
1223
1189
967
755
840
1021
1113
1272
1090
781
556
391
386
403
458
64
-524
-780
-871
-747
-752
-1095
-1688
-2022
-1740
-1523
-1529
-1714
-1959
-1929
-1715
-1427
-1266
-1080
-868
-873
-764
-357
207
625
723
705
872
1384
1959
2180
2150
2258
2516
2779
2864
2910
3119
3298
3466
3525
3644
3654
3134
2739
2977
3828
4164
3125
1858
1555
2483
3136
2436
1449
1011
1108
882
339
251
303
87
-748
-1649
-1743
-1281
-957
-1418
-2300
-2795
-2703
-2272
-2175
-2508
-2748
-2749
-2788
-2984
-2869
-2317
-1984
-2243
-2695
-2742
-2231
-1593
-1402
-1697
-1921
-1740
-1457
-1283
-1043
-776
-723
-830
-894
-722
-280
158
226
-29
-130
126
556
827
809
720
677
713
799
932
1140
1256
953
153
-78
826
1454
732
-528
-880
-291
305
53
-1072
-1574
-1032
-803
-1368
-1702
-1306
-1161
-1540
-1886
-1815
-1118
-598
-946
-1533
-1333
-464
73
75
-62
72
598
1034
1064
1133
1543
1918
1910
1793
2114
2556
2634
2435
2287
2684
3192
3217
2824
2616
3139
3247
2573
2209
2769
3693
3319
1974
1204
1759
2894
2722
1696
1049
945
1019
716
516
395
215
-124
-910
-1314
-1115
-766
-805
-1491
-2197
-2471
-2095
-1670
-1900
-2383
-2614
-2571
-2575
-2587
-2344
-2081
-2130
-2495
-2775
-2563
-1954
-1578
-1769
-2146
-2235
-2004
-1663
-1289
-1096
-1167
-1251
-1247
-1061
-628
-150
-26
-224
-324
-152
253
672
808
674
588
651
834
1158
1285
1133
1043
985
711
605
1065
1243
677
27
-223
-33
259
163
-584
-1132
-911
-807
-1055
-1169
-1123
-1277
-1570
-1628
-1544
-1234
-922
-1107
-1457
-1391
-856
-422
-311
-301
-272
-32
315
507
647
918
1204
1223
1176
1457
1870
2114
2151
2070
2195
2534
2791
2803
2886
3242
3007
2297
2343
3297
4063
3377
2087
1627
2318
3223
2921
2106
1623
1378
1227
964
966
888
620
156
-748
-1148
-845
-399
-552
-1505
-2237
-2389
-2003
-1740
-2107
-2514
-2739
-2845
-3005
-3035
-2575
-2273
-2546
-3084
-3317
-2922
-2241
-1855
-2108
-2604
-2589
-2144
-1763
-1436
-1219
-1216
-1236
-1173
-948
-521
63
387
119
-103
117
666
1272
1411
1274
1151
1239
1522
1664
1920
2115
1958
1398
837
1392
2272
2070
865
-94
217
917
1028
175
-883
-855
-559
-870
-1413
-1438
-1188
-1546
-2088
-2371
-2090
-1436
-1434
-2061
-2435
-1967
-1296
-1129
-1156
-1189
-994
-555
-250
-71
159
558
832
817
973
1394
1863
2056
1976
2130
2393
2662
2942
2996
3088
3350
3722
3504
2698
2753
3580
4287
3995
2757
1995
2245
3223
3357
2434
1844
1481
1265
1027
936
938
463
-25
-717
-1263
-1149
-939
-984
-1703
-2465
-2740
-2686
-2359
-2441
-2832
-3175
-3351
-3376
-3421
-3104
-2716
-2803
-3140
-3302
-3067
-2566
-2034
-1914
-2223
-2314
-1962
-1540
-1172
-816
-696
-737
-671
-478
-102
429
821
707
450
577
986
1496
1720
1627
1434
1357
1552
1722
1907
1991
1832
1370
771
936
1579
1645
894
-52
-283
-8
275
-69
-940
-1244
-1266
-1517
-1808
-1770
-1593
-1919
-2336
-2594
-2501
-1927
-1682
-1937
-2300
-2174
-1633
-1292
-1063
-1036
-939
-605
-323
5
348
793
986
818
936
1407
2027
2269
2117
1993
2104
2604
2888
2881
2834
2839
3098
3328
3409
2851
2266
2716
3473
3638
2699
1757
1759
2254
2646
2111
1486
1246
924
671
402
447
299
-224
-687
-1312
-1506
-1291
-1172
-1485
-2251
-2582
-2562
-2401
-2243
-2448
-2694
-2815
-2855
-2868
-2704
-2248
-2096
-2382
-2522
-2348
-2015
-1618
-1413
-1451
-1588
-1504
-1201
-977
-702
-529
-556
-595
-579
-318
21
302
360
148
87
316
638
832
891
918
854
776
885
1113
1238
1230
1036
690
526
806
1156
961
368
-64
-120
103
176
-131
-585
-857
-955
-1141
-1228
-1119
-1199
-1480
-1764
-1790
-1559
-1317
-1270
-1527
-1648
-1455
-1198
-924
-716
-628
-618
-465
-216
5
317
623
703
615
774
1115
1383
1559
1554
1564
1571
1702
1971
2121
2325
2253
2240
2541
2751
2662
2014
2013
2712
3199
3107
2166
1653
1805
2439
2800
2093
1567
1370
1407
1283
828
795
735
588
-42
-856
-812
-389
-239
-869
-1661
-1837
-1692
-1492
-1678
-2004
-2152
-2234
-2382
-2579
-2438
-2076
-1994
-2387
-2763
-2658
-2185
-1770
-1853
-2102
-2178
-1971
-1717
-1580
-1345
-1252
-1211
-1139
-1081
-861
-518
-110
-90
-266
-109
221
568
769
890
911
886
1060
1217
1367
1570
1730
1653
1435
1365
1307
1425
1696
1668
1076
424
417
704
922
565
-368
-905
-730
-429
-767
-1227
-1365
-1613
-1754
-1837
-1857
-1761
-1780
-2015
-2392
-2207
-1677
-1475
-1518
-1711
-1729
-1385
-857
-566
-595
-529
-317
-93
182
577
901
1034
994
1033
1464
1953
2255
2122
1933
2294
2810
3199
3222
3186
3002
2611
3055
3746
3854
3403
2916
2873
2706
2813
2968
2807
2642
2006
1404
1202
1366
1421
827
303
-273
-857
-968
-855
-878
-1423
-2010
-2327
-2554
-2493
-2404
-2539
-2823
-3143
-3355
-3336
-2947
-2564
-2718
-3027
-3024
-2875
-2590
-2189
-1912
-1904
-2012
-1910
-1700
-1301
-803
-673
-735
-776
-590
-184
250
621
601
507
635
922
1272
1498
1692
1626
1442
1509
1662
1872
1976
1904
1610
1331
1361
1237
1105
1138
947
498
-16
-242
-292
-257
-380
-1135
-1750
-1728
-1574
-1706
-2079
-2305
-2556
-2673
-2501
-2459
-2429
-2366
-2368
-2466
-2423
-1959
-1587
-1486
-1456
-1418
-1108
-531
-54
3
25
359
686
948
1272
1601
1803
1934
1961
2040
2493
2827
2745
2538
2659
3084
3273
3291
3213
3347
3337
2703
2624
3172
3514
3188
2568
2295
1927
1931
2168
2116
1991
1247
496
346
638
737
66
-412
-795
-1274
-1375
-1295
-1154
-1455
-1995
-2288
-2399
-2197
-2008
-2017
-2215
-2537
-2662
-2531
-2171
-1796
-1822
-2094
-2125
-2030
-1833
-1455
-1137
-1130
-1414
-1411
-1175
-860
-455
-387
-479
-565
-479
-201
88
417
398
225
224
353
601
848
1092
991
682
599
732
969
1075
1033
773
550
555
623
754
625
243
33
218
265
-189
-461
-399
-318
-459
-836
-1182
-1210
-855
-886
-1385
-1661
-1491
-1217
-1318
-1518
-1626
-1522
-1270
-1264
-1288
-1156
-864
-775
-951
-824
-471
-128
-13
-106
-141
92
576
732
601
635
869
1126
1272
1299
1276
1497
1729
1706
1638
1800
2166
2282
2315
2466
2701
2615
2116
2367
3042
3109
2628
2308
2463
2329
2246
2329
2310
2361
1832
1156
1074
1450
1472
724
291
52
-317
-379
-380
-481
-857
-1240
-1476
-1736
-1738
-1683
-1762
-1999
-2427
-2700
-2590
-2263
-2143
-2441
-2712
-2616
-2524
-2472
-2232
-1958
-1927
-2192
-2269
-2038
-1658
-1267
-1265
-1365
-1286
-1095
-803
-518
-213
-109
-143
-20
189
516
853
1007
967
895
1071
1352
1514
1651
1675
1570
1499
1540
1628
1664
1707
1401
834
829
1151
1083
606
174
-53
-153
-68
-394
-986
-1021
-909
-1301
-1887
-1834
-1549
-1726
-2103
-2468
-2456
-2156
-2000
-2123
-2305
-2144
-1947
-1847
-1707
-1518
-1273
-1132
-1019
-897
-621
-165
148
215
308
690
1066
1321
1518
1621
1739
1948
2212
2284
2491
2812
2841
2836
2881
3184
3495
3520
3183
2737
3161
3625
3365
2960
2803
2914
2511
2134
2209
2342
2306
1462
739
722
883
750
64
-353
-637
-1054
-1272
-1414
-1442
-1681
-2029
-2292
-2576
-2570
-2404
-2367
-2581
-2908
-3052
-2891
-2538
-2357
-2443
-2487
-2318
-2268
-2223
-1869
-1499
-1366
-1520
-1589
-1365
-949
-494
-402
-460
-389
-259
-22
260
566
679
602
650
754
890
1136
1359
1333
1106
1087
1305
1412
1410
1364
1166
985
914
919
938
948
871
390
-45
35
312
357
-153
-727
-857
-622
-494
-939
-1273
-1169
-1150
-1380
-1622
-1472
-1286
-1392
-1619
-1842
-1665
-1287
-1181
-1335
-1493
-1345
-1072
-838
-688
-702
-593
-384
-267
-208
-33
279
453
462
468
659
1000
1219
1265
1258
1365
1530
1702
1803
1784
1927
2079
2072
2063
2175
2459
2610
2557
2170
1886
2426
2883
2534
1982
2048
2396
1998
1459
1486
1957
2117
1264
436
552
1106
984
155
-204
-235
-429
-631
-775
-883
-1126
-1306
-1494
-1859
-1962
-1812
-1742
-1992
-2446
-2643
-2441
-2044
-2024
-2403
-2492
-2269
-2224
-2306
-2073
-1721
-1715
-1873
-1872
-1702
-1367
-1006
-911
-981
-890
-675
-481
-247
-10
61
96
242
321
396
681
997
1058
945
951
1097
1272
1415
1406
1286
1209
1244
1307
1313
1352
1365
1155
804
656
838
977
735
281
-29
-56
-72
-324
-571
-638
-809
-1212
-1504
-1461
-1384
-1532
-1821
-2123
-2217
-2089
-2014
-2131
-2293
-2268
-2115
-1970
-1841
-1719
-1556
-1429
-1358
-1228
-930
-531
-306
-289
-189
129
490
740
917
1076
1254
1448
1662
1864
2071
2189
2172
2250
2461
2697
2846
2862
2956
3143
3072
2620
2589
3308
3464
2710
2299
2706
2854
2149
1583
1774
2236
1962
818
190
651
997
315
-544
-655
-674
-998
-1300
-1448
-1568
-1743
-1912
-2208
-2470
-2388
-2149
-2093
-2395
-2752
-2726
-2328
-2057
-2270
-2436
-2127
-1860
-1972
-1981
-1564
-1235
-1278
-1419
-1424
-1129
-629
-369
-495
-574
-369
-100
121
278
344
446
637
700
688
884
1189
1284
1151
1082
1203
1392
1508
1416
1282
1232
1250
1259
1151
1121
1105
947
720
552
456
240
187
244
-29
-426
-684
-767
-796
-729
-845
-1393
-1654
-1457
-1385
-1614
-1798
-1734
-1761
-1844
-1883
-1887
-1742
-1681
-1739
-1774
-1620
-1312
-1179
-1157
-1173
-1092
-813
-546
-391
-382
-303
-82
67
236
442
604
743
857
960
1089
1329
1516
1427
1445
1688
1861
1972
2061
2164
2202
2324
2680
2830
2613
2224
2390
3107
3075
2430
2345
2937
2994
2089
1663
2167
2748
2356
1128
744
1299
1523
867
132
80
-9
-332
-661
-930
-921
-991
-1222
-1650
-2063
-1999
-1770
-1738
-2162
-2603
-2471
-2161
-2093
-2346
-2415
-2068
-1977
-2261
-2349
-1915
-1492
-1560
-1748
-1785
-1568
-1156
-914
-902
-874
-653
-394
-233
-86
86
348
541
492
475
782
1215
1389
1309
1262
1384
1570
1685
1763
1766
1685
1622
1561
1493
1491
1541
1440
1156
947
837
810
783
456
7
-133
-61
-283
-694
-830
-918
-1181
-1474
-1685
-1756
-1786
-1860
-2075
-2351
-2444
-2400
-2340
-2447
-2648
-2617
-2483
-2402
-2383
-2311
-2072
-1879
-1797
-1735
-1515
-1112
-853
-741
-617
-353
48
364
561
733
978
1255
1447
1634
1852
2061
2201
2259
2360
2542
2654
2676
2726
2782
2873
2947
3019
3150
3123
2782
2465
2823
3235
2733
2117
2330
2820
2367
1327
1124
1766
2110
1209
0
10
608
471
-398
-829
-720
-935
-1380
-1693
-1711
-1637
-1749
-1983
-2359
-2535
-2353
-2066
-2047
-2474
-2715
-2391
-1921
-1898
-2176
-1966
-1492
-1458
-1723
-1568
-974
-651
-724
-865
-766
-383
-26
95
46
112
282
391
506
594
717
881
930
760
619
865
1164
1102
865
760
812
862
871
851
767
703
606
420
331
394
443
284
-21
-208
-220
-152
-168
-355
-611
-896
-976
-797
-772
-1034
-1380
-1474
-1336
-1282
-1440
-1734
-1722
-1493
-1590
-1871
-1891
-1566
-1465
-1737
-1871
-1720
-1397
-1281
-1404
-1413
-1222
-918
-797
-750
-589
-357
-106
-37
47
285
573
765
757
863
1067
1276
1430
1436
1458
1540
1761
1823
1692
1743
1880
2005
1985
1940
1938
1979
2219
2231
2204
2367
2370
2164
2069
2494
2610
2161
2094
2412
2518
1888
1387
1795
2277
1986
957
527
1026
1198
677
46
-8
29
-370
-729
-869
-831
-855
-1125
-1497
-1783
-1662
-1384
-1400
-1693
-2015
-1974
-1600
-1473
-1693
-1731
-1441
-1336
-1593
-1609
-1238
-916
-892
-1094
-1140
-897
-609
-459
-429
-374
-310
-244
-117
-28
93
265
337
278
191
300
557
674
559
379
370
500
537
483
397
325
313
208
127
168
184
115
-34
-180
-282
-220
-121
-255
-427
-529
-733
-855
-676
-488
-725
-1180
-1326
-1142
-928
-1033
-1401
-1524
-1373
-1345
-1534
-1604
-1412
-1334
-1515
-1688
-1605
-1321
-1192
-1272
-1353
-1268
-994
-782
-713
-673
-576
-390
-212
-62
54
213
410
469
483
635
882
1015
1032
1033
1057
1202
1350
1382
1330
1363
1472
1506
1539
1564
1592
1667
1758
1831
1869
2005
2092
1931
1822
2088
2341
2063
1834
2230
2503
1957
1307
1550
2245
2290
1441
742
1021
1485
1130
402
321
542
219
-348
-572
-447
-380
-607
-1040
-1445
-1485
-1268
-1158
-1373
-1809
-1933
-1682
-1544
-1786
-1943
-1643
-1429
-1737
-2035
-1774
-1329
-1276
-1515
-1645
-1532
-1287
-1120
-1126
-1125
-1025
-938
-925
-901
-785
-590
-370
-365
-586
-535
-162
88
25
-70
51
202
260
288
378
526
567
486
425
501
688
788
707
511
383
480
619
566
413
318
185
-75
-174
48
104
-288
-778
-877
-614
-552
-871
-1249
-1300
-1187
-1313
-1501
-1534
-1475
-1525
-1702
-1790
-1749
-1560
-1423
-1540
-1660
-1533
-1230
-1063
-1040
-948
-790
-593
-417
-281
-115
130
334
378
452
678
970
1154
1194
1207
1353
1606
1681
1672
1777
1914
1980
2010
2090
2180
2312
2369
2326
2455
2638
2755
2801
2717
2579
2621
2843
2659
2337
2639
2938
2392
1441
1370
2112
2372
1597
487
350
914
785
-27
-486
-282
-344
-984
-1499
-1522
-1215
-1201
-1674
-2180
-2345
-2076
-1810
-1884
-2195
-2410
-2247
-2022
-2101
-2221
-1946
-1505
-1629
-2071
-1955
-1395
-1046
-1119
-1322
-1343
-1122
-806
-708
-713
-555
-443
-440
-409
-276
-29
222
271
52
-5
324
603
604
495
489
557
546
547
633
720
699
569
417
329
425
567
482
271
112
19
54
121
47
-80
-132
-227
-406
-449
-379
-373
-388
-543
-839
-922
-706
-548
-681
-914
-1088
-1064
-837
-768
-930
-1025
-978
-981
-1016
-899
-728
-673
-758
-849
-754
-455
-190
-176
-271
-206
58
290
376
455
573
688
779
891
1004
1110
1237
1253
1188
1212
1373
1507
1448
1350
1344
1395
1414
1460
1573
1587
1542
1515
1540
1610
1684
1868
1976
1812
1552
1660
2043
1885
1512
1737
2165
1785
830
744
1566
1995
1197
15
8
724
713
-104
-508
-206
-286
-847
-1272
-1222
-928
-941
-1308
-1799
-1999
-1780
-1458
-1379
-1788
-2152
-1942
-1589
-1649
-1902
-1684
-1273
-1382
-1791
-1771
-1269
-905
-988
-1247
-1290
-1056
-795
-727
-697
-589
-560
-551
-500
-432
-261
1
95
-179
-346
-49
271
304
175
141
181
174
210
289
390
420
290
137
95
224
375
356
205
36
-11
92
154
97
34
18
-64
-219
-221
-101
-61
-114
-268
-401
-420
-328
-200
-222
-381
-575
-579
-359
-276
-370
-488
-517
-496
-504
-420
-323
-299
-362
-479
-438
-260
-94
-87
-196
-184
-69
46
109
126
146
166
216
239
258
350
371
283
237
280
331
375
414
324
250
322
385
422
506
618
637
656
747
801
930
1091
1240
1440
1493
1322
1254
1708
2118
1738
1344
1736
2333
2021
1120
1098
1933
2292
1469
543
779
1405
1258
487
168
495
500
24
-405
-434
-263
-330
-628
-1030
-1251
-1106
-904
-1040
-1543
-1804
-1504
-1279
-1608
-1985
-1802
-1441
-1609
-2052
-2077
-1685
-1418
-1600
-1881
-1818
-1536
-1347
-1365
-1363
-1202
-1041
-955
-915
-808
-540
-294
-218
-281
-222
113
390
427
407
516
708
795
849
931
1036
1161
1170
1099
1094
1224
1372
1345
1227
1155
1161
1204
1164
1085
1041
989
905
733
620
649
631
456
209
84
47
-10
-93
-253
-464
-631
-704
-730
-806
-950
-1083
-1201
-1312
-1384
-1381
-1348
-1402
-1517
-1604
-1586
-1446
-1339
-1360
-1384
-1304
-1175
-1088
-980
-805
-695
-648
-572
-415
-210
-80
1
86
193
297
372
496
629
698
756
817
890
930
981
1146
1277
1299
1269
1320
1466
1564
1589
1609
1717
1887
1855
1653
1650
1974
2200
1870
1445
1603
2064
1980
1286
955
1364
1679
1216
485
394
754
698
102
-321
-202
-56
-343
-822
-1043
-953
-850
-994
-1344
-1602
-1526
-1301
-1367
-1706
-1857
-1623
-1414
-1604
-1870
-1752
-1436
-1402
-1653
-1709
-1430
-1200
-1237
-1369
-1313
-1076
-888
-826
-847
-791
-597
-402
-311
-313
-199
36
171
152
164
359
569
605
567
616
769
880
873
831
879
1013
1066
985
907
946
1036
1054
984
899
895
941
908
780
713
759
761
618
447
376
438
436
200
-69
-89
42
-61
-396
-607
-577
-520
-672
-974
-1128
-1065
-1040
-1237
-1478
-1488
-1403
-1446
-1608
-1700
-1597
-1476
-1496
-1605
-1615
-1443
-1260
-1196
-1216
-1165
-973
-806
-734
-665
-506
-306
-209
-164
-65
96
244
300
354
464
595
671
684
745
862
942
1006
1074
1148
1234
1329
1417
1464
1519
1630
1775
1936
1981
1865
1824
2042
2331
2283
1970
1874
2107
2296
2024
1566
1506
1770
1772
1273
797
790
949
772
279
-32
-25
-29
-305
-688
-854
-802
-822
-1072
-1372
-1477
-1389
-1349
-1494
-1724
-1770
-1621
-1571
-1717
-1823
-1695
-1523
-1558
-1708
-1691
-1453
-1258
-1301
-1395
-1296
-1045
-893
-911
-885
-710
-502
-430
-441
-350
-155
32
108
103
171
328
478
540
570
643
749
823
835
875
969
1056
1067
1027
1045
1126
1186
1172
1109
1089
1112
1095
1041
989
961
928
830
683
575
547
532
402
170
-28
-85
-85
-229
-493
-704
-778
-813
-957
-1181
-1344
-1384
-1425
-1589
-1745
-1782
-1777
-1847
-1960
-1995
-1931
-1861
-1900
-1962
-1895
-1733
-1632
-1622
-1580
-1419
-1238
-1129
-1064
-930
-730
-552
-453
-352
-185
21
183
272
372
535
716
854
951
1051
1181
1332
1460
1555
1648
1758
1873
1994
2108
2206
2264
2336
2461
2571
2569
2537
2642
2793
2742
2472
2319
2519
2769
2575
1979
1648
1850
2058
1755
1154
832
868
828
413
-58
-186
-147
-386
-908
-1280
-1270
-1155
-1318
-1736
-2044
-2018
-1895
-1967
-2185
-2269
-2149
-2074
-2185
-2277
-2122
-1834
-1733
-1864
-1912
-1669
-1325
-1188
-1236
-1194
-977
-742
-620
-564
-412
-190
-35
3
51
228
468
629
633
616
720
907
1031
1073
1107
1177
1223
1214
1201
1244
1349
1373
1274
1144
1099
1126
1128
1043
905
788
711
614
486
376
290
192
18
-170
-292
-381
-474
-605
-765
-933
-1092
-1191
-1239
-1290
-1424
-1627
-1771
-1803
-1789
-1835
-1934
-2044
-2111
-2119
-2098
-2079
-2051
-2044
-2055
-2043
-1958
-1821
-1694
-1628
-1572
-1462
-1290
-1103
-953
-807
-666
-531
-384
-203
15
194
310
416
542
687
838
1000
1127
1178
1215
1294
1427
1528
1567
1607
1686
1744
1742
1766
1866
1949
1936
1909
1952
2033
2080
2067
2062
2086
2106
2086
2022
2014
2088
2137
1959
1596
1448
1719
1996
1688
977
664
1001
1258
870
255
120
323
206
-315
-612
-402
-246
-600
-1141
-1275
-1018
-858
-1057
-1360
-1472
-1368
-1263
-1298
-1379
-1353
-1226
-1186
-1302
-1377
-1186
-877
-795
-982
-1096
-913
-623
-514
-573
-564
-441
-345
-335
-297
-145
20
63
-12
-55
47
232
339
289
197
207
308
359
335
333
379
381
292
214
253
369
393
264
120
105
188
218
154
64
20
0
-49
-124
-157
-137
-154
-276
-430
-488
-450
-449
-571
-731
-803
-797
-820
-924
-1019
-1061
-1113
-1196
-1243
-1247
-1264
-1328
-1401
-1427
-1406
-1369
-1362
-1389
-1386
-1343
-1287
-1241
-1202
-1146
-1064
-968
-891
-811
-702
-584
-492
-400
-257
-98
12
89
199
348
486
589
680
803
945
1043
1089
1164
1269
1358
1427
1506
1584
1621
1625
1651
1710
1768
1822
1844
1839
1823
1837
1878
1906
1886
1878
1913
1944
1896
1797
1749
1754
1756
1772
1781
1619
1269
1056
1274
1572
1357
663
246
486
797
534
-68
-307
-173
-245
-692
-984
-853
-706
-1005
-1530
-1731
-1525
-1311
-1431
-1739
-1928
-1856
-1718
-1699
-1770
-1743
-1586
-1524
-1635
-1710
-1490
-1140
-1026
-1177
-1257
-1056
-788
-681
-682
-594
-430
-349
-363
-316
-128
76
126
34
4
126
314
416
378
325
342
419
454
466
493
521
489
410
362
378
419
413
355
239
147
94
70
42
-17
-105
-215
-311
-414
-472
-505
-560
-682
-806
-876
-915
-967
-1024
-1078
-1143
-1196
-1230
-1230
-1232
-1254
-1293
-1310
-1290
-1242
-1184
-1136
-1123
-1125
-1064
-936
-806
-747
-705
-626
-490
-353
-235
-141
-28
116
253
369
465
595
726
855
934
1005
1093
1203
1296
1345
1396
1424
1449
1453
1499
1538
1562
1526
1481
1451
1442
1447
1439
1418
1336
1269
1226
1239
1197
1147
1106
1076
1017
932
914
909
877
771
715
686
655
588
535
510
456
365
263
248
257
252
143
-35
-170
-126
36
28
-245
-542
-494
-258
-211
-489
-714
-633
-480
-558
-786
-794
-628
-569
-775
-935
-848
-652
-621
-747
-814
-742
-626
-605
-620
-603
-488
-408
-408
-448
-399
-232
-94
-88
-151
-112
23
140
149
146
220
306
314
262
298
423
505
450
343
342
428
490
438
362
327
330
292
239
213
197
165
55
-33
-79
-68
-104
-183
-272
-329
-364
-430
-481
-528
-527
-584
-671
-752
-745
-710
-732
-798
-852
-822
-792
-793
-821
-801
-752
-717
-705
-661
-571
-493
-447
-410
-345
-228
-99
-3
46
89
201
342
459
501
553
649
775
822
825
874
973
1043
1026
998
1017
1084
1097
1060
1002
994
997
977
935
911
905
857
785
739
751
766
722
634
582
588
601
565
526
500
492
468
454
452
437
405
372
350
317
313
360
405
278
51
-10
235
444
248
-191
-324
-29
190
-13
-374
-415
-232
-236
-505
-654
-515
-375
-543
-834
-901
-710
-580
-695
-887
-926
-804
-734
-787
-858
-788
-668
-641
-739
-766
-617
-423
-390
-498
-531
-399
-219
-178
-205
-174
-50
21
14
16
121
253
284
219
187
274
378
393
320
280
304
338
299
235
199
198
153
72
6
-10
-18
-76
-171
-261
-290
-298
-320
-395
-460
-517
-543
-578
-598
-615
-649
-704
-768
-790
-789
-790
-840
-877
-900
-896
-922
-936
-932
-900
-909
-948
-956
-891
-797
-764
-778
-780
-697
-600
-518
-479
-421
-354
-278
-223
-147
-55
32
96
144
203
265
338
386
445
475
523
550
591
613
635
663
686
691
687
702
711
717
686
691
704
706
664
640
635
627
585
542
538
524
478
410
386
377
368
318
272
228
188
163
167
158
103
32
6
36
42
12
-22
-27
-28
-38
-40
-20
-1
-11
-19
-4
6
8
19
51
75
65
58
84
110
125
137
153
166
157
160
175
199
194
185
189
201
205
201
206
203
199
184
191
179
156
135
138
139
113
68
32
29
28
-4
-61
-106
-139
-158
-180
-221
-276
-330
-359
-385
-429
-481
-523
-539
-562
-597
-634
-652
-657
-665
-678
-690
-694
-705
-697
-678
-671
-671
-662
-629
-588
-571
-569
-555
-512
-460
-426
-413
-398
-361
-311
-254
-222
-202
-168
-118
-62
-22
8
45
96
138
177
221
265
297
325
361
407
441
465
494
530
560
582
596
628
651
660
670
688
702
706
709
714
722
721
716
712
700
675
651
629
617
586
541
495
470
440
396
341
286
242
188
127
63
6
-50
-107
-173
-229
-280
-331
-390
-445
-494
-531
-582
-640
-673
-696
-713
-751
-793
-810
-800
-799
-817
-832
-821
-793
-768
-765
-759
-735
-685
-640
-627
-618
-582
-518
-465
-443
-425
-375
-304
-257
-247
-225
-170
-104
-66
-64
-44
10
75
93
97
107
162
214
221
193
207
260
303
284
248
253
299
320
279
242
243
276
265
225
196
201
199
179
141
121
112
100
79
50
28
5
-3
-21
-27
-51
-70
-82
-89
-97
-113
-128
-137
-133
-134
-134
-148
-150
-148
-137
-135
-131
-128
-114
-106
-99
-86
-71
-46
-33
-12
6
31
44
67
95
140
162
175
200
239
283
310
327
347
391
425
452
461
482
506
529
536
544
555
561
563
555
544
538
527
509
495
479
453
419
383
357
336
297
251
207
174
145
106
57
13
-13
-45
-93
-139
-178
-212
-238
-278
-324
-355
-371
-395
-424
-462
-479
-475
-483
-499
-517
-514
-498
-489
-491
-479
-455
-431
-405
-382
-353
-320
-274
-238
-200
-161
-118
-75
-29
6
45
88
134
167
197
233
273
307
329
355
384
411
429
443
452
467
475
473
469
464
456
444
430
413
393
365
338
306
269
229
188
143
102
53
9
-41
-88
-129
-174
-218
-262
-307
-347
-376
-405
-436
-468
-494
-514
-525
-536
-548
-553
-548
-542
-537
-527
-509
-488
-463
-440
-420
-389
-358
-321
-282
-248
-211
-171
-125
-85
-43
-3
36
81
119
160
197
234
274
309
344
375
410
439
466
496
517
536
555
572
582
589
591
589
586
576
558
536
515
487
453
415
370
326
285
235
183
130
78
25
-26
-77
-126
-178
-217
-255
-296
-329
-361
-388
-408
-427
-449
-455
-460
-463
-456
-447
-436
-420
-402
-373
-340
-315
-282
-254
-216
-174
-133
-87
-44
-6
39
85
122
164
197
232
266
291
315
333
354
370
381
387
389
387
385
381
375
357
340
319
297
276
246
217
183
148
116
82
49
17
-19
-58
-91
-127
-166
-198
-233
-268
-300
-333
-354
-376
-403
-422
-439
-452
-468
-484
-492
-499
-502
-504
-502
-500
-493
-483
-469
-452
-443
-423
-402
-377
-356
-326
-297
-270
-237
-210
-173
-140
-107
-76
-48
-16
14
48
75
101
125
146
165
182
194
206
214
223
231
231
239
246
255
262
266
267
273
280
287
300
305
309
320
329
339
344
353
356
361
363
364
375
373
375
372
364
353
345
338
326
307
284
263
246
224
198
173
142
113
80
48
12
-21
-54
-86
-116
-147
-175
-199
-219
-238
-255
-275
-288
-296
-298
-302
-303
-295
-290
-283
-268
-253
-241
-223
-202
-181
-161
-138
-108
-83
-61
-37
-15
6
28
51
71
90
106
124
139
157
168
179
187
194
193
190
187
186
184
179
172
168
161
152
143
129
120
106
85
68
50
31
9
-19
-44
-74
-102
-128
-157
-191
-223
-255
-290
-321
-350
-379
-407
-431
-456
-472
-481
-487
-488
-485
-478
-460
-441
-413
-383
-356
-323
-286
-249
-209
-169
-127
-79
-36
4
47
91
127
161
192
220
247
267
294
318
336
351
370
385
403
413
422
435
439
443
445
450
450
445
444
441
431
422
411
402
390
371
358
343
324
305
281
255
229
202
180
154
123
95
69
47
21
-11
-37
-65
-91
-120
-145
-169
-194
-216
-236
-250
-269
-283
-297
-311
-324
-336
-340
-341
-342
-351
-351
-343
-336
-328
-318
-308
-297
-286
-274
-256
-229
-213
-197
-176
-150
-129
-105
-78
-53
-29
-7
19
45
68
90
113
131
140
153
175
193
197
189
189
200
207
208
202
192
183
169
153
142
130
111
95
83
72
50
34
17
2
-16
-38
-58
-72
-86
-100
-116
-139
-160
-168
-167
-178
-200
-218
-218
-217
-220
-227
-230
-228
-217
-217
-219
-215
-200
-177
-166
-161
-152
-130
-102
-81
-70
-61
-39
-6
19
30
44
63
88
108
127
145
170
186
191
197
211
228
240
249
247
251
257
270
269
251
244
250
253
243
219
209
203
193
171
156
145
132
114
88
70
53
40
26
8
-20
-38
-46
-60
-80
-105
-117
-122
-134
-154
-166
-169
-177
-189
-200
-201
-203
-211
-217
-214
-212
-214
-210
-205
-201
-191
-185
-181
-179
-168
-154
-140
-132
-133
-117
-94
-81
-78
-72
-51
-33
-27
-21
-4
16
38
52
59
71
91
117
136
142
149
165
188
209
218
220
226
242
253
260
267
269
261
252
251
257
257
250
236
222
212
200
190
177
159
138
128
119
96
76
57
43
26
-1
-17
-28
-44
-68
-89
-106
-120
-135
-154
-173
-189
-202
-213
-227
-246
-258
-262
-256
-266
-284
-300
-298
-281
-278
-280
-282
-275
-257
-245
-232
-218
-202
-182
-158
-129
-111
-93
-67
-41
-10
13
41
75
104
124
137
160
192
217
230
241
250
264
281
289
291
287
287
295
295
276
258
251
243
230
207
182
160
136
114
86
55
28
6
-12
-41
-76
-102
-118
-133
-162
-187
-198
-208
-223
-237
-244
-247
-246
-246
-239
-238
-241
-237
-218
-202
-202
-194
-172
-153
-139
-123
-109
-89
-67
-50
-28
-5
12
24
46
73
93
110
132
155
172
185
204
230
249
260
271
286
299
304
309
320
325
320
321
325
328
317
299
296
292
275
248
232
215
185
159
138
112
83
51
23
-8
-41
-75
-108
-136
-162
-196
-228
-251
-275
-309
-329
-347
-367
-386
-406
-418
-429
-442
-449
-448
-449
-451
-452
-449
-445
-435
-431
-422
-402
-383
-368
-351
-322
-305
-287
-254
-225
-205
-176
-140
-105
-76
-44
-11
23
61
96
123
152
185
216
239
268
295
315
339
356
366
373
390
400
399
391
388
381
368
352
331
312
285
256
227
195
160
123
92
60
19
-17
-54
-80
-114
-149
-178
-200
-219
-240
-250
-260
-272
-284
-283
-270
-259
-261
-250
-232
-211
-197
-179
-150
-118
-92
-69
-39
-9
21
50
82
110
135
163
194
225
244
263
283
304
321
328
340
353
359
359
357
357
351
343
336
325
308
286
274
257
243
219
189
167
144
123
99
72
43
23
0
-19
-39
-67
-86
-101
-123
-144
-163
-181
-193
-207
-221
-236
-249
-256
-261
-269
-280
-287
-288
-290
-291
-293
-296
-289
-285
-276
-271
-263
-253
-240
-220
-211
-197
-187
-174
-153
-133
-124
-112
-89
-74
-56
-45
-31
-15
1
12
26
39
48
59
75
88
91
96
107
121
130
134
139
150
158
166
172
181
188
187
193
197
202
199
200
209
206
196
192
193
190
183
167
157
146
132
117
103
87
69
47
32
20
-2
-21
-38
-55
-71
-87
-97
-106
-122
-132
-146
-152
-156
-163
-161
-165
-168
-169
-164
-155
-149
-145
-136
-129
-122
-107
-97
-88
-73
-64
-50
-33
-20
-6
8
21
33
48
62
73
85
95
105
118
120
128
138
142
147
148
147
146
148
142
135
130
123
115
107
99
86
69
59
50
37
22
5
-5
-21
-38
-51
-66
-82
-95
-111
-125
-138
-151
-160
-172
-179
-193
-198
-202
-207
-211
-218
-218
-216
-213
-208
-203
-198
-192
-185
-173
-163
-153
-141
-127
-112
-96
-79
-63
-43
-26
-10
3
19
36
55
69
87
100
114
131
142
156
162
169
179
189
201
202
207
213
215
218
218
221
217
214
210
208
201
201
198
188
182
173
164
157
147
135
123
109
95
79
64
47
34
17
3
-11
-25
-45
-60
-73
-90
-100
-115
-125
-136
-148
-160
-162
-172
-172
-173
-179
-175
-172
-170
-165
-160
-163
-156
-154
-148
-139
-137
-122
-114
-106
-92
-80
-71
-62
-51
-47
-38
-26
-16
0
9
17
26
35
49
62
67
78
86
91
101
103
108
114
115
114
116
112
109
109
104
98
90
79
79
73
63
52
40
29
21
10
0
-7
-17
-29
-37
-50
-60
-70
-80
-91
-103
-108
-117
-125
-129
-137
-142
-145
-149
-152
-153
-155
-156
-153
-152
-146
-141
-139
-132
-120
-106
-101
-88
-74
-66
-54
-39
-24
-10
5
24
39
54
72
85
101
113
128
140
156
174
180
193
202
210
218
226
234
237
239
239
242
243
239
239
230
219
213
198
188
178
161
152
134
115
100
81
62
48
25
-2
-14
-32
-48
-69
-91
-108
-125
-139
-150
-162
-175
-183
-197
-204
-204
-208
-209
-208
-216
-220
-212
-208
-201
-194
-192
-183
-176
-167
-152
-144
-133
-125
-116
-105
-87
-79
-70
-51
-45
-28
-17
-7
7
16
26
37
45
56
66
70
80
80
80
88
92
93
94
93
90
88
84
78
78
75
72
67
59
52
47
41
39
35
26
24
18
14
4
-2
-3
-5
-11
-21
-23
-31
-32
-34
-45
-42
-47
-51
-46
-51
-56
-54
-57
-59
-52
-50
-47
-41
-40
-37
-33
-32
-21
-16
-11
-6
-4
0
15
32
35
41
46
56
67
69
80
86
89
105
109
109
124
127
129
134
134
137
146
145
141
141
135
134
133
131
131
123
113
104
95
89
85
73
56
50
37
21
12
-3
-13
-22
-38
-55
-61
-71
-77
-87
-100
-106
-117
-118
-122
-133
-138
-134
-140
-142
-140
-140
-137
-141
-142
-138
-136
-133
-131
-129
-125
-119
-116
-114
-107
-98
-93
-92
-91
-83
-79
-73
-68
-63
-51
-43
-38
-35
-32
-25
-13
-9
-4
1
4
11
12
20
28
34
38
46
52
59
68
68
73
80
83
88
89
90
95
97
100
99
109
109
109
102
91
94
92
89
83
77
69
66
60
45
42
35
25
18
6
-7
-16
-25
-37
-44
-54
-58
-64
-74
-74
-85
-87
-94
-98
-97
-97
-97
-99
-99
-95
-89
-87
-82
-76
-70
-64
-60
-50
-42
-33
-21
-15
-4
5
17
30
33
44
56
58
72
83
85
97
105
106
116
125
121
132
130
126
141
136
129
136
129
124
129
112
103
105
85
84
80
60
59
47
25
21
3
-13
-16
-36
-52
-57
-75
-86
-94
-116
-122
-136
-153
-154
-165
-176
-176
-187
-191
-187
-195
-195
-194
-198
-191
-178
-174
-164
-156
-151
-135
-126
-109
-91
-78
-63
-48
-35
-13
6
22
44
59
77
95
109
128
144
155
165
179
187
195
205
208
216
215
213
213
213
208
202
191
180
167
154
147
129
109
94
75
56
40
24
6
-14
-35
-50
-71
-86
-102
-116
-128
-141
-153
-164
-169
-180
-179
-181
-186
-182
-181
-177
-173
-167
-158
-145
-131
-116
-103
-93
-77
-61
-47
-38
-21
-3
10
25
38
53
66
77
94
105
114
122
129
137
139
144
148
151
153
154
156
149
145
145
139
133
126
116
106
102
88
77
72
57
47
38
21
8
-3
-11
-22
-33
-40
-50
-58
-62
-74
-82
-86
-93
-96
-101
-106
-106
-110
-110
-108
-107
-110
-105
-107
-108
-104
-102
-98
-92
-87
-86
-81
-80
-76
-70
-63
-59
-51
-46
-38
-33
-30
-23
-21
-9
0
2
10
18
25
32
39
46
49
53
62
70
74
76
78
82
88
94
94
93
97
97
97
95
91
85
84
85
82
79
75
69
64
57
47
40
35
30
19
11
2
-4
-10
-18
-22
-32
-38
-43
-49
-57
-64
-70
-75
-73
-73
-80
-82
-81
-78
-77
-79
-74
-73
-69
-62
-61
-59
-59
-53
-51
-47
-43
-43
-40
-37
-36
-34
-33
-30
-26
-23
-20
-20
-21
-17
-15
-12
-7
-4
5
10
15
16
20
22
31
35
35
40
42
48
51
54
55
57
60
60
59
57
56
54
51
48
44
39
33
30
21
19
16
9
7
1
-4
-14
-14
-20
-25
-25
-29
-31
-38
-39
-41
-42
-42
-42
-40
-41
-43
-45
-48
-46
-45
-45
-44
-40
-42
-38
-38
-35
-29
-26
-22
-17
-12
-8
-2
1
6
14
24
29
39
45
52
63
70
78
86
91
99
104
113
124
127
132
140
144
150
154
154
155
152
154
153
151
147
144
135
127
121
110
103
93
78
65
52
37
24
9
-9
-26
-37
-57
-75
-91
-105
-116
-129
-143
-154
-166
-179
-185
-196
-203
-212
-217
-218
-220
-222
-218
-221
-217
-209
-203
-195
-189
-179
-172
-159
-153
-135
-122
-105
-87
-70
-54
-40
-21
-6
10
25
41
59
76
88
102
116
130
141
155
161
171
176
181
185
188
190
191
189
188
182
177
171
160
156
146
137
124
114
101
92
78
64
53
39
24
12
-2
-17
-25
-36
-45
-57
-68
-75
-82
-92
-98
-104
-109
-113
-115
-117
-118
-119
-122
-119
-118
-117
-114
-114
-109
-104
-98
-91
-81
-75
-68
-60
-55
-49
-40
-30
-18
-12
-3
7
16
21
30
35
43
54
59
66
70
78
83
86
88
92
94
93
95
97
91
91
89
86
85
78
69
62
59
49
38
34
22
13
0
-11
-23
-35
-44
-52
-62
-76
-88
-97
-108
-117
-123
-129
-135
-142
-148
-150
-154
-160
-159
-155
-154
-149
-147
-141
-138
-135
-131
-120
-112
-103
-91
-80
-72
-56
-46
-29
-15
-6
11
20
33
44
53
69
81
93
104
113
123
129
137
145
156
160
166
169
173
175
174
174
176
178
174
171
160
156
152
149
144
139
133
124
114
103
93
83
74
65
56
43
32
24
10
0
-9
-17
-29
-36
-52
-61
-71
-82
-87
-93
-98
-107
-113
-120
-123
-128
-129
-130
-131
-134
-132
-129
-134
-130
-127
-121
-116
-113
-106
-104
-96
-93
-87
-75
-71
-57
-56
-46
-43
-31
-18
-12
0
5
13
19
28
33
40
50
58
62
71
71
80
79
85
90
89
90
88
88
82
86
79
75
80
73
69
63
56
49
43
39
32
25
12
10
-3
-10
-19
-25
-27
-42
-45
-53
-62
-70
-75
-77
-80
-83
-84
-86
-88
-89
-91
-90
-87
-81
-76
-73
-70
-64
-59
-48
-42
-32
-25
-16
-8
1
8
17
27
38
50
62
70
77
83
90
101
105
115
121
126
131
135
135
135
136
134
132
127
125
124
118
113
110
100
94
83
73
64
54
46
35
26
15
0
-12
-27
-35
-45
-57
-68
-81
-92
-99
-107
-112
-122
-123
-126
-134
-137
-145
-151
-152
-147
-148
-139
-139
-134
-131
-126
-118
-113
-103
-100
-86
-77
-69
-58
-47
-36
-25
-14
-4
3
14
24
32
43
51
66
73
80
84
84
91
91
96
98
97
100
96
98
92
89
88
81
75
68
58
51
42
33
26
15
10
0
-8
-14
-30
-35
-44
-53
-54
-62
-71
-74
-83
-86
-91
-95
-98
-100
-99
-100
-96
-97
-91
-88
-82
-79
-78
-72
-66
-57
-49
-41
-29
-20
-10
-2
7
19
23
37
42
52
60
65
76
85
90
97
103
109
115
114
116
114
120
125
127
125
121
119
116
109
105
98
95
91
84
79
70
66
60
54
44
34
25
17
5
-2
-8
-14
-19
-24
-33
-41
-50
-54
-63
-69
-72
-79
-81
-89
-88
-93
-92
-92
-92
-91
-90
-91
-87
-85
-84
-79
-77
-70
-68
-64
-57
-55
-48
-43
-35
-25
-23
-15
-9
-2
2
9
16
20
26
33
37
43
46
51
58
58
63
62
65
63
64
62
66
66
65
63
61
57
53
51
44
41
37
35
29
25
21
19
12
7
3
-6
-10
-14
-17
-23
-25
-27
-31
-39
-39
-42
-49
-53
-56
-59
-58
-59
-61
-60
-60
-56
-58
-57
-55
-56
-53
-52
-56
-48
-40
-36
-33
-30
-27
-22
-19
-12
-10
-3
2
4
11
22
24
31
39
41
46
52
55
53
61
63
70
73
72
72
75
77
75
78
80
79
81
79
74
74
71
68
66
64
58
54
49
41
37
36
32
29
24
18
12
2
-3
-11
-16
-22
-25
-32
-37
-39
-50
-51
-55
-62
-62
-69
-69
-73
-76
-78
-75
-76
-81
-78
-77
-75
-74
-75
-70
-66
-64
-63
-61
-55
-53
-50
-47
-39
-35
-26
-25
-20
-9
-4
1
6
15
18
21
26
31
34
39
41
46
48
52
52
52
50
50
49
48
49
46
46
48
46
39
36
34
30
23
23
16
8
5
3
-8
-11
-18
-23
-33
-37
-38
-44
-46
-52
-51
-59
-61
-67
-69
-70
-73
-69
-73
-72
-71
-72
-71
-71
-66
-63
-58
-54
-52
-47
-40
-36
-32
-23
-18
-11
-6
2
6
11
18
23
29
31
40
44
48
56
65
66
70
72
74
77
80
79
83
84
84
85
79
80
74
77
71
69
68
63
59
55
50
46
43
37
34
30
25
18
12
9
3
-3
-8
-11
-17
-22
-26
-37
-40
-43
-49
-52
-54
-57
-60
-62
-62
-60
-63
-64
-64
-66
-65
-64
-65
-62
-62
-57
-56
-52
-49
-45
-39
-36
-29
-26
-24
-17
-11
-8
0
4
7
14
15
17
24
26
31
34
38
38
42
43
45
45
46
46
48
48
46
45
42
44
39
34
34
29
28
27
23
22
21
19
15
11
7
2
-4
-8
-10
-15
-20
-23
-27
-29
-31
-33
-35
-34
-34
-36
-36
-40
-39
-39
-37
-38
-37
-36
-38
-36
-33
-31
-30
-23
-23
-19
-17
-14
-9
-9
-5
3
8
10
12
16
20
24
31
36
40
46
46
49
53
52
53
57
60
59
63
66
68
67
73
69
69
72
66
68
63
63
61
56
53
51
47
44
44
36
30
27
20
12
11
1
-5
-8
-12
-15
-20
-23
-29
-34
-42
-44
-47
-52
-54
-58
-61
-63
-68
-71
-68
-71
-70
-70
-70
-70
-71
-68
-64
-63
-60
-56
-54
-54
-47
-42
-38
-31
-27
-20
-19
-14
-9
-4
2
7
13
20
23
25
29
31
35
40
45
48
49
51
55
53
53
54
53
52
52
51
45
45
37
38
33
31
26
22
17
5
5
-2
-10
-13
-19
-25
-33
-41
-44
-51
-58
-62
-64
-69
-76
-78
-84
-90
-92
-96
-96
-101
-103
-100
-103
-103
-99
-98
-97
-91
-88
-85
-78
-74
-69
-65
-57
-48
-43
-36
-28
-19
-11
1
8
14
21
29
38
48
52
63
73
78
86
89
97
101
103
109
110
113
114
116
117
114
115
115
115
110
108
106
101
95
90
84
79
74
65
59
53
47
38
32
23
15
7
-2
-9
-15
-21
-30
-35
-41
-46
-50
-55
-57
-60
-61
-64
-66
-66
-68
-69
-67
-66
-64
-61
-57
-53
-53
-50
-42
-38
-34
-27
-22
-19
-11
-7
0
4
11
17
22
27
33
37
40
46
48
53
57
57
61
60
61
61
61
61
62
60
57
53
49
50
41
37
35
26
23
14
7
2
-8
-13
-15
-22
-30
-34
-38
-48
-54
-58
-62
-68
-71
-76
-79
-83
-84
-83
-87
-86
-87
-86
-89
-86
-82
-80
-75
-69
-66
-63
-58
-56
-50
-43
-35
-31
-26
-18
-11
-7
3
8
14
21
26
29
36
41
43
47
55
59
60
64
67
67
72
72
75
76
73
79
78
73
73
76
71
67
69
63
60
59
55
55
51
48
45
39
37
33
28
25
18
17
14
14
13
10
5
2
1
-6
-8
-7
-10
-14
-16
-15
-17
-17
-17
-20
-20
-21
-23
-23
-23
-21
-18
-20
-17
-20
-19
-18
-22
-19
-20
-18
-18
-18
-18
-20
-19
-19
-21
-16
-21
-23
-21
-22
-23
-22
-20
-23
-26
-23
-24
-26
-28
-27
-28
-31
-30
-32
-35
-35
-37
-39
-37
-42
-44
-43
-43
-45
-45
-46
-47
-49
-48
-49
-51
-49
-50
-46
-45
-43
-43
-44
-41
-36
-37
-37
-32
-29
-28
-26
-21
-18
-15
-14
-11
-8
-9
-4
-1
0
6
10
14
19
21
27
29
30
33
36
35
34
35
34
37
41
38
41
42
41
44
43
42
42
42
41
42
41
37
40
32
33
33
28
30
26
24
26
25
23
22
19
19
18
15
13
13
15
13
12
11
10
9
6
6
5
4
7
3
2
4
0
2
2
2
3
3
3
2
1
0
-3
-2
-2
-3
-2
-1
1
1
5
5
5
3
2
4
7
7
8
9
9
8
5
10
4
7
7
9
11
12
16
12
14
14
13
16
13
12
12
12
11
12
12
11
10
7
9
8
4
4
1
-1
-4
-4
-3
-5
-6
-6
-6
-13
-15
-15
-20
-21
-26
-25
-26
-29
-31
-32
-32
-33
-35
-33
-34
-35
-33
-35
-34
-34
-30
-32
-32
-30
-30
-27
-27
-23
-23
-24
-19
-15
-12
-6
-4
-2
5
4
11
16
21
25
27
27
32
36
40
44
44
50
56
58
60
63
62
65
66
67
69
70
69
68
67
68
68
68
65
62
61
55
54
48
45
43
36
36
31
28
23
18
15
8
4
-3
-9
-13
-18
-22
-28
-33
-37
-41
-45
-49
-53
-57
-58
-61
-65
-63
-68
-69
-68
-70
-70
-69
-69
-67
-64
-66
-63
-60
-57
-55
-48
-47
-43
-40
-34
-29
-30
-22
-19
-17
-12
-6
-4
-3
5
8
11
15
17
23
25
23
21
23
25
29
28
26
27
25
22
21
22
19
18
16
14
10
10
4
1
0
-6
-7
-10
-13
-15
-16
-22
-26
-26
-30
-30
-32
-34
-35
-37
-40
-39
-41
-43
-44
-40
-40
-43
-40
-41
-36
-38
-36
-34
-36
-31
-30
-26
-20
-20
-16
-16
-10
-9
-7
1
1
3
11
11
13
18
18
22
28
28
30
34
34
36
37
40
41
41
42
44
42
41
44
44
43
41
41
41
41
37
36
36
33
33
31
25
25
24
24
20
19
16
10
9
6
5
3
1
-1
-2
-5
-6
-9
-11
-10
-12
-13
-16
-19
-18
-19
-26
-23
-21
-22
-19
-22
-23
-23
-21
-20
-18
-21
-19
-17
-18
-17
-17
-15
-14
-11
-8
-4
-3
-2
-1
2
3
6
7
7
11
10
11
10
16
15
13
16
18
17
20
22
18
17
20
20
18
19
15
16
15
12
12
10
10
7
5
6
7
5
4
1
-1
-3
-4
-4
-5
-7
-7
-8
-11
-10
-11
-12
-14
-11
-11
-12
-11
-9
-6
-9
-7
-6
-7
-6
-2
-4
-3
1
3
6
6
12
12
13
12
17
19
19
22
23
28
27
25
28
30
27
29
36
34
34
35
34
35
31
32
28
28
27
26
25
23
21
20
18
14
13
9
7
2
1
0
-5
-7
-12
-13
-14
-18
-21
-24
-26
-29
-32
-34
-35
-37
-38
-39
-39
-42
-43
-40
-45
-44
-42
-42
-41
-39
-38
-33
-31
-34
-32
-30
-27
-25
-24
-19
-19
-15
-10
-11
-5
-3
-2
1
3
8
9
11
18
19
21
25
23
21
28
24
23
27
27
28
23
22
19
20
17
14
14
12
8
1
2
-5
-7
-9
-9
-11
-15
-18
-23
-25
-29
-31
-33
-33
-33
-36
-42
-42
-45
-46
-45
-45
-41
-44
-42
-41
-40
-37
-34
-34
-29
-29
-29
-22
-24
-21
-16
-12
-10
-7
-1
-3
6
6
10
15
17
20
24
27
29
32
31
35
35
37
38
41
41
41
43
41
45
41
39
40
39
35
30
31
28
29
27
24
22
16
15
13
11
5
3
-1
-5
-4
-9
-9
-14
-15
-18
-21
-20
-25
-24
-26
-27
-26
-26
-26
-27
-27
-27
-26
-23
-19
-21
-17
-13
-14
-12
-11
-7
-7
-3
1
4
4
10
14
14
19
20
23
27
32
35
36
39
38
38
39
41
43
42
47
47
44
42
40
40
39
36
41
38
34
35
33
28
26
25
21
16
13
8
4
-1
-1
-2
-5
-10
-12
-14
-20
-21
-23
-28
-27
-28
-29
-30
-33
-34
-34
-36
-37
-35
-33
-35
-36
-30
-35
-34
-32
-32
-29
-28
-26
-25
-25
-22
-19
-16
-14
-14
-13
-10
-12
-11
-6
-8
-6
-2
-7
-3
-2
-1
3
3
3
4
4
3
3
6
6
7
10
11
9
8
5
6
7
7
9
7
5
6
6
2
5
5
1
4
6
1
1
3
0
0
1
0
-1
-1
-5
-2
-4
-2
1
-2
0
-1
-1
-2
-1
1
-1
-1
-2
0
0
1
4
0
2
0
-1
-2
2
-3
0
2
0
3
4
2
5
3
3
5
4
7
8
9
11
13
13
13
15
16
15
19
18
21
20
19
16
16
19
19
22
20
20
17
19
19
21
17
15
16
10
12
12
5
5
4
-1
-5
-7
-6
-7
-14
-17
-21
-25
-26
-32
-34
-36
-38
-41
-44
-47
-56
-53
-57
-60
-59
-63
-65
-64
-67
-68
-65
-66
-68
-65
-65
-65
-62
-58
-56
-54
-49
-47
-44
-42
-41
-36
-31
-28
-24
-21
-17
-13
-6
-2
1
8
12
20
22
24
31
33
38
43
49
51
54
54
57
61
60
62
61
64
61
60
61
61
56
56
54
52
53
48
46
46
40
39
39
32
27
25
21
19
17
15
12
7
5
1
-2
-5
-5
-2
-7
-9
-10
-8
-6
-9
-8
-7
-8
-9
-5
-2
-4
2
2
3
7
10
12
15
16
19
23
24
29
31
36
38
37
41
45
46
44
42
42
43
41
42
42
40
42
38
32
29
25
21
16
16
12
11
5
-2
-5
-14
-21
-26
-27
-33
-37
-41
-47
-52
-57
-58
-61
-65
-70
-70
-76
-75
-75
-78
-81
-80
-82
-83
-84
-81
-76
-71
-70
-67
-63
-63
-54
-53
-49
-43
-39
-33
-28
-24
-21
-12
-8
0
5
7
15
20
25
29
33
37
45
50
54
57
60
63
63
67
66
67
67
64
68
68
64
66
62
60
55
56
56
51
47
42
38
34
30
29
20
14
10
7
4
-3
-2
-6
-11
-11
-12
-16
-21
-19
-23
-23
-21
-25
-25
-24
-24
-21
-21
-18
-16
-16
-13
-13
-10
-9
-5
0
0
3
8
11
14
18
21
19
23
24
27
26
30
32
31
35
37
35
34
34
32
32
28
28
27
26
25
23
18
16
15
8
9
5
-3
-4
-8
-11
-15
-18
-24
-25
-26
-32
-32
-35
-43
-42
-44
-52
-50
-51
-54
-58
-59
-59
-62
-61
-62
-61
-62
-62
-60
-58
-57
-56
-53
-49
-48
-45
-41
-40
-34
-34
-29
-23
-23
-17
-12
-8
-1
2
3
6
10
15
19
20
23
28
30
34
37
39
41
43
47
45
48
47
47
50
49
49
49
49
46
45
46
43
42
40
39
36
32
30
29
26
21
21
16
14
12
5
3
-2
-3
-3
-7
-9
-13
-15
-17
-21
-22
-23
-26
-28
-26
-28
-26
-28
-28
-24
-26
-23
-18
-19
-17
-16
-16
-11
-10
-6
-4
-2
-2
2
6
6
13
11
13
15
19
20
19
21
21
28
28
27
30
27
31
32
30
34
30
29
28
26
26
22
22
19
16
12
8
5
3
2
0
-3
-5
-7
-15
-17
-21
-25
-23
-27
-31
-34
-39
-40
-40
-41
-44
-43
-44
-46
-44
-44
-43
-44
-45
-40
-39
-40
-35
-33
-31
-25
-24
-23
-19
-13
-14
-7
-2
1
7
12
14
20
26
25
32
35
36
41
45
47
47
50
50
54
54
56
57
58
61
57
59
56
53
54
48
49
47
39
38
36
30
25
19
15
9
5
1
-4
-10
-16
-20
-26
-33
-35
-40
-44
-49
-55
-58
-62
-67
-69
-69
-71
-76
-71
-71
-71
-71
-71
-73
-72
-68
-68
-68
-61
-60
-59
-50
-49
-42
-40
-32
-26
-22
-18
-13
-8
-7
-2
3
10
13
19
23
22
27
33
38
39
42
45
48
46
47
51
53
52
55
58
52
51
55
54
48
47
52
46
39
40
33
30
28
27
21
16
15
13
8
2
-2
-6
-9
-12
-14
-16
-20
-24
-25
-30
-32
-32
-37
-39
-40
-40
-41
-40
-36
-37
-35
-33
-33
-31
-31
-28
-25
-24
-22
-18
-16
-13
-9
-4
-4
1
5
8
11
12
15
16
18
20
25
28
30
33
31
36
39
38
41
40
42
36
38
38
39
39
38
40
33
31
30
27
26
24
22
23
14
11
8
6
-2
-2
-4
-14
-13
-17
-18
-21
-23
-29
-31
-32
-35
-37
-40
-40
-42
-43
-47
-46
-45
-46
-46
-45
-42
-43
-42
-39
-39
-38
-37
-34
-37
-32
-25
-24
-22
-23
-18
-11
-11
-8
-2
-4
-1
2
5
6
10
13
17
20
20
23
24
25
29
31
33
33
37
34
33
36
33
37
38
34
36
34
29
32
33
30
31
30
27
28
25
21
20
20
21
14
12
10
7
7
3
1
-1
-5
-7
-8
-9
-11
-9
-10
-13
-13
-15
-17
-16
-15
-17
-18
-20
-21
-20
-18
-20
-21
-22
-18
-20
-22
-19
-24
-20
-15
-16
-16
-15
-15
-14
-15
-13
-11
-12
-10
-5
-3
-3
-3
-3
1
2
3
2
7
4
5
8
4
7
7
8
9
9
5
8
10
9
11
9
8
8
10
8
7
8
7
9
7
5
3
1
-2
0
-1
-2
-3
-4
-4
-7
-10
-7
-5
-13
-9
-13
-15
-14
-13
-11
-13
-12
-13
-8
-11
-11
-9
-13
-8
-6
-9
-7
-6
-5
-5
2
3
0
1
1
2
4
6
4
9
9
10
17
19
17
16
21
21
18
24
25
23
23
25
28
25
28
29
27
27
24
28
25
18
22
19
20
17
14
13
7
9
8
5
2
0
-2
-2
-5
-6
-7
-10
-13
-16
-15
-16
-19
-20
-22
-24
-27
-31
-27
-29
-35
-29
-31
-34
-31
-31
-29
-32
-29
-26
-25
-25
-27
-23
-23
-19
-15
-15
-13
-15
-10
-6
-4
-5
-4
-3
1
2
7
8
8
12
9
11
11
14
13
16
14
14
14
15
15
15
18
15
17
14
16
14
10
9
6
6
-2
1
-2
-1
2
-5
-7
-12
-11
-14
-14
-13
-17
-15
-15
-13
-14
-15
-16
-14
-12
-10
-12
-12
-14
-12
-8
-9
-7
-6
-5
-1
2
4
8
14
13
15
17
16
21
21
24
26
27
28
26
28
28
28
31
31
30
33
32
30
28
28
29
28
26
22
20
19
18
18
16
17
16
11
9
6
2
-2
-1
-3
-6
-8
-14
-15
-18
-19
-21
-23
-25
-29
-27
-29
-31
-33
-34
-37
-33
-35
-33
-31
-33
-32
-32
-28
-30
-29
-28
-25
-24
-22
-22
-20
-20
-20
-17
-15
-14
-12
-9
-10
-7
-4
2
-1
1
5
7
10
12
8
7
8
7
10
6
7
8
4
7
8
6
7
9
11
8
8
7
6
4
2
3
2
3
-2
0
1
-1
1
-1
0
-3
-1
-2
-3
-1
-1
1
0
-3
-1
2
0
2
6
5
8
12
12
6
11
11
10
10
12
13
14
15
19
20
16
22
24
23
26
25
25
23
26
25
26
24
23
24
23
20
21
22
17
17
15
15
13
12
13
12
8
9
9
3
4
1
-2
-4
-5
-7
-6
-9
-14
-12
-15
-14
-16
-16
-16
-18
-16
-18
-16
-17
-19
-17
-20
-21
-17
-15
-18
-18
-21
-16
-16
-15
-11
-14
-12
-13
-10
