6
6
7
7
3
3
5
3
5
4
2
3
2
2
4
4
-1
-1
3
-1
-2
-1
-2
-2
-5
-4
-2
-5
-3
-6
-6
-4
-6
-6
-2
-3
-2
-6
-5
-3
-7
-4
-3
-4
-3
-4
-5
-6
-5
-5
-8
-6
-7
-8
-8
-8
-8
-7
-5
-6
-6
-5
-6
-7
-4
-9
-7
-6
-4
-2
-4
-3
-4
-4
-6
-4
0
-7
-5
0
-4
1
0
0
-2
-1
0
3
4
2
1
1
0
0
4
2
1
2
3
2
-1
-1
0
-4
-2
1
-4
-1
-2
-4
0
-1
-4
0
-4
-1
3
-3
-2
-1
-2
-2
0
0
-3
-1
-2
-1
-2
-1
1
-1
-3
0
-1
-2
-1
0
2
3
1
2
3
4
3
1
4
6
7
3
3
2
-2
4
5
5
4
3
3
5
4
2
2
4
2
-3
2
-1
2
6
3
1
0
2
0
0
-1
0
2
2
3
2
-2
-1
2
3
1
1
1
2
1
1
3
1
3
3
4
4
1
2
2
4
5
2
1
3
5
5
5
6
6
1
2
4
4
3
2
6
3
5
4
2
3
4
2
0
5
0
3
3
3
4
4
-1
1
4
3
6
3
4
6
3
4
2
2
5
3
3
4
1
2
0
-1
4
1
2
3
5
4
5
3
0
1
3
5
5
6
4
3
5
5
3
1
6
5
6
2
3
5
2
9
4
2
4
2
0
3
2
3
2
2
1
1
0
2
5
2
3
0
5
0
-2
0
-2
-2
-3
1
-2
-2
4
-1
-2
-3
-2
-1
-4
0
-3
-3
-3
0
0
0
4
1
1
-1
2
-1
-2
-1
-1
0
-1
-2
0
2
-1
0
1
-1
0
-1
-2
-2
-2
-3
-2
-2
-6
-2
-3
-4
-1
-3
-3
-2
-2
-1
1
-1
-1
-1
-4
-4
-3
-2
-6
-3
-2
-3
-3
-2
-3
-4
0
-1
-1
-4
-4
-2
-5
-3
-2
-6
-3
-5
-3
-4
-3
-2
0
-2
1
4
-2
-1
0
-1
-4
-1
-2
-3
0
0
1
-1
1
3
3
2
1
2
3
1
3
2
2
-1
0
0
1
2
-1
-2
-3
-1
-1
-1
2
1
3
2
1
3
1
2
4
5
5
3
3
1
3
3
3
3
4
7
5
4
3
2
3
7
2
0
5
3
3
5
6
7
4
6
4
6
7
4
6
9
8
9
9
4
6
5
5
5
6
5
6
4
7
6
4
6
6
4
2
6
8
6
5
7
7
5
6
6
5
4
3
4
6
6
6
3
3
5
3
3
3
3
1
4
3
5
4
3
0
0
2
1
5
5
2
5
2
1
-2
-2
-1
-3
2
-2
-1
-2
-1
-2
-2
0
-3
-5
-5
-3
-4
-3
-5
-4
-3
-5
-1
-2
-3
-3
-4
-4
-4
-4
-5
-6
-9
-6
-7
-8
-3
-5
-5
-3
-5
-4
-3
-2
-2
-2
-5
-5
-5
-6
-6
-4
-2
-4
-6
-2
-4
-7
-5
-5
-3
0
-3
-3
0
-3
-2
-3
-4
-4
-1
-1
-1
-3
-5
-8
-6
-7
-5
-7
-6
-5
-5
-3
-4
-3
-4
-2
-5
-7
-4
-5
-3
-4
-5
-6
-6
-5
-3
-4
-7
-7
-4
-6
-7
-6
-5
-6
-6
-3
-4
-6
-4
-7
-7
-4
-7
-9
-6
-5
-7
-7
-9
-9
-8
-5
-6
-5
-4
-6
-7
-7
-6
-5
-3
-6
-4
-8
-6
-6
-8
-1
-3
-2
-3
-5
-3
-1
0
-4
-4
-5
-4
-4
-7
-6
-4
-4
-5
-8
-7
-6
-5
1
1
2
2
0
-2
-2
-1
-2
-4
-1
0
-5
-3
-2
-3
-1
0
-5
-3
-1
-5
0
-3
-4
-2
-4
-6
-5
-2
-2
-6
-1
-2
-2
2
-3
0
-1
-3
-3
-2
2
0
2
1
1
2
2
-1
2
2
2
5
5
4
1
2
2
3
6
4
3
4
3
5
2
3
4
2
4
2
2
5
5
4
5
0
2
8
4
4
4
3
4
2
2
3
4
3
4
4
2
4
0
0
-1
-1
2
2
2
3
1
5
1
1
3
4
3
2
2
2
4
3
3
6
6
2
3
2
3
5
4
4
3
4
6
3
3
5
2
5
8
7
3
7
6
3
4
2
1
1
1
2
4
2
0
-2
-2
0
2
0
-1
-1
-2
-4
2
-1
-3
0
2
0
-4
-2
0
-2
-1
0
-2
0
-3
-1
-4
-1
-1
-3
-1
-3
-2
-5
-4
0
-4
-3
-2
-4
0
-3
-3
-1
-2
-1
-3
-3
-3
-3
-4
-6
-3
-2
-1
-4
-3
-5
-3
-2
-5
-3
-1
-2
-3
-1
-1
-2
-3
-2
2
0
7
3
1
3
1
5
3
3
4
5
2
0
-3
2
0
-5
0
0
-2
1
-1
-1
-3
-5
-4
-3
-4
-4
-1
1
1
0
-2
-3
-1
-2
-1
1
-2
1
-1
0
3
-2
-1
1
4
1
-1
2
-1
0
1
3
3
2
2
4
4
2
3
3
5
4
3
4
4
3
3
2
-1
-2
0
-1
0
2
0
1
2
0
0
-2
0
2
0
2
0
-1
-2
-3
-3
-2
-5
-3
-3
-3
0
1
4
2
1
1
2
2
0
0
2
2
1
0
-2
1
-2
-1
0
-3
0
1
0
3
3
4
2
2
2
3
2
5
5
5
6
4
6
6
4
7
4
5
9
7
8
5
3
7
7
7
8
7
8
6
6
6
5
6
9
7
7
8
4
2
5
5
6
7
4
9
6
7
7
5
11
5
9
5
3
8
8
9
7
7
8
8
6
2
8
9
7
7
7
7
8
7
4
7
8
1
4
4
4
6
7
6
5
7
5
3
1
3
4
6
4
0
4
5
2
2
2
1
1
-2
2
2
1
1
0
-2
2
-2
-1
-2
-5
-1
-1
0
0
2
-3
-3
1
-2
2
0
-1
-2
-6
-5
-5
-6
-4
-4
-5
-3
-7
-7
-6
-5
-5
-4
-4
-6
-3
-2
-1
-5
-1
-2
-3
1
-2
-4
-6
-5
-6
-7
-4
-7
-5
-5
-5
-6
-7
-1
-4
-4
-2
-4
-4
-4
-2
-2
-3
-3
-2
-3
-6
-5
-3
-4
-4
-3
-4
-5
-5
-7
-5
-6
-6
-7
-10
-8
-7
-8
-9
-11
-10
-6
-6
-5
-8
-8
-8
-6
-5
-7
-5
-4
-5
-4
-4
-2
-3
-5
-2
-6
-4
-4
-2
-1
-4
0
-3
-2
0
-3
-3
-1
0
4
1
-3
0
0
1
1
1
1
0
1
0
0
2
-3
0
0
-2
2
2
0
4
2
2
3
-2
3
5
1
2
2
4
2
3
2
6
3
2
4
4
5
3
3
3
6
4
5
5
0
2
1
2
3
0
2
2
-1
2
3
1
3
2
3
2
0
2
0
-1
1
1
1
-1
0
3
1
3
2
-1
4
0
2
8
4
4
5
2
3
3
0
4
2
2
6
6
4
1
5
5
4
2
6
3
4
3
3
6
2
5
5
5
4
5
5
6
8
6
6
4
3
3
3
5
2
4
2
3
5
2
5
5
3
4
5
4
5
6
3
5
6
3
5
3
2
3
4
7
3
4
2
3
4
3
4
3
2
6
4
3
7
6
3
3
1
0
9
8
5
6
9
10
6
5
7
9
6
7
7
8
13
7
3
5
7
8
2
3
7
8
6
0
1
6
6
4
-2
0
5
10
1
-5
-3
-1
4
0
1
1
-1
-3
-2
0
-1
3
-6
-6
0
-1
1
-3
-7
-8
-1
0
-2
-8
-8
-3
-2
-3
-4
-9
-6
-2
-3
-4
-6
-6
-9
-7
-5
-8
-9
-11
-7
-6
-3
-9
-10
-5
-5
-7
-11
-11
-3
-3
-10
-13
-9
1
-2
-8
-14
-6
0
-3
-10
-15
-8
-3
-2
-7
-6
-1
-4
-3
-7
-7
-6
-7
-5
-6
-3
-4
-6
-2
-1
-1
-1
-6
-7
-5
-2
-3
-2
-4
-8
-5
0
0
-2
-5
-7
-2
1
1
-3
-7
-8
2
5
2
-9
-7
1
8
4
-6
-8
-2
7
8
-1
-6
-6
6
8
1
-4
-8
-3
0
0
0
0
0
-1
-3
1
2
-1
-2
-2
-3
-1
4
3
-4
-5
-4
3
3
-2
-9
-3
8
9
-5
-15
-5
8
10
-7
-15
-1
15
11
-9
-14
2
12
7
-9
-11
5
13
7
-2
4
3
2
2
1
10
5
-6
-5
8
17
9
-5
-4
6
15
12
-1
2
6
6
4
1
7
7
7
4
4
9
6
7
6
6
4
4
2
2
4
0
-3
-1
0
-4
-12
-14
-6
2
-2
-23
-29
-10
8
2
-19
-21
-3
6
-1
-5
1
17
18
-2
-9
12
36
35
8
-9
5
33
42
21
2
10
32
39
22
4
14
28
26
4
-6
6
18
7
-25
-34
-9
15
3
-25
-31
-10
3
-20
-31
0
33
30
-1
4
46
69
51
26
45
85
101
78
52
60
90
110
91
71
82
97
88
75
74
68
61
64
60
44
34
37
42
31
6
0
0
2
2
-6
-28
-49
-47
-42
-55
-63
-43
-26
-53
-92
-90
-55
-33
-62
-89
-69
-21
-13
-57
-96
-82
-32
-26
-81
-132
-59
67
-40
-431
-596
-92
506
201
-857
-1247
-322
664
295
-931
-1308
-450
292
-92
-891
-894
-229
-3
-595
-1057
-621
65
-64
-899
-1222
-544
159
-94
-886
-1040
-376
109
-192
-683
-562
-48
100
-234
-439
-138
284
314
29
-104
126
453
570
549
613
745
811
872
1093
1351
1436
1455
1636
1953
2253
2372
1948
1030
938
2701
4472
3216
-310
-1420
1695
4643
3122
-670
-1627
641
2045
618
-1218
-981
383
380
-1424
-2815
-1907
88
343
-1662
-3334
-2706
-1065
-600
-1362
-1967
-1942
-1782
-1682
-1497
-1256
-1033
-870
-964
-1359
-1486
-899
-98
127
-274
-719
-786
-392
261
648
412
-76
-158
144
363
469
686
816
521
56
7
434
872
966
667
175
-106
111
561
717
481
167
-76
-289
-322
-51
220
29
-579
-1041
-1022
-759
-651
-792
-1053
-1362
-1639
-1717
-1482
-1146
-1126
-1523
-1920
-1872
-1433
-1036
-941
-1043
-1135
-1106
-890
-482
-59
148
77
-50
93
637
1314
1639
1518
1405
1703
2233
2604
2880
3208
3433
3526
3707
3642
2768
2254
3924
6387
5574
1170
-1198
2058
6371
5348
322
-1861
650
2916
1479
-1096
-1143
571
733
-1569
-3653
-2845
-264
491
-1885
-4510
-4283
-2118
-1061
-1918
-2933
-3021
-2862
-2892
-2681
-2099
-1624
-1562
-1829
-2289
-2438
-1686
-434
112
-478
-1295
-1428
-788
188
837
666
-37
-348
55
588
853
1120
1415
1199
475
163
768
1618
1864
1438
754
295
480
1168
1601
1338
735
221
-128
-171
220
668
450
-591
-1607
-1719
-1056
-550
-791
-1587
-2415
-2777
-2488
-1871
-1560
-1974
-2757
-3183
-2849
-2083
-1581
-1579
-1858
-2081
-2018
-1555
-744
-79
25
-294
-463
10
962
1796
2015
1783
1733
2193
2988
3594
3860
4095
4276
4298
4489
4912
4588
3448
3706
6093
7108
3760
-408
628
5590
6867
2027
-2232
-639
2896
2487
-900
-2222
-533
508
-1288
-3920
-4192
-1967
-350
-1783
-4831
-5760
-3708
-1808
-2419
-4060
-4385
-3761
-3573
-3625
-3177
-2538
-2382
-2558
-2703
-2765
-2363
-1271
-298
-468
-1378
-1643
-922
58
665
738
385
16
225
905
1375
1474
1581
1672
1321
812
1020
1930
2459
2024
1255
864
919
1270
1600
1406
690
155
155
181
-193
-589
-523
-405
-1008
-2083
-2441
-1727
-1141
-1762
-3038
-3565
-2954
-2272
-2425
-2995
-3095
-2719
-2513
-2550
-2387
-1851
-1327
-1292
-1479
-1189
-269
548
729
670
868
1373
1999
2635
3162
3372
3387
3624
4243
4864
5111
5191
5532
6107
5980
4413
3096
4665
7988
8018
3116
-928
1439
6794
7048
1516
-2009
442
3470
1675
-2053
-2205
465
1004
-2083
-5112
-4576
-1626
-239
-2313
-5391
-5920
-3855
-2349
-3154
-4387
-4137
-3453
-3806
-4389
-3730
-2342
-1739
-2178
-2848
-3014
-2359
-1067
-64
-242
-1123
-1450
-806
165
824
1041
888
563
459
796
1336
1745
2033
2106
1611
871
932
1954
2705
2350
1417
705
473
748
1339
1575
875
-414
-1144
-731
-86
-310
-1186
-1790
-1955
-2168
-2548
-2685
-2317
-2050
-2709
-3867
-4125
-3070
-1956
-2036
-2981
-3483
-2881
-1834
-1202
-1052
-1021
-890
-627
-175
569
1466
2038
2011
1822
2100
3025
4153
4752
4512
3998
4084
4979
6040
6429
6098
5657
5056
4031
3861
5845
7850
6116
1468
-424
2990
6581
4670
-181
-1316
1395
2110
-876
-2963
-1423
537
-858
-4416
-5944
-4060
-1606
-1711
-4207
-6274
-5901
-4114
-3462
-4367
-4836
-4085
-3729
-4604
-5004
-3685
-2076
-1900
-2782
-3406
-3187
-2143
-763
-88
-597
-1360
-1290
-460
365
857
1131
1127
768
485
852
1701
2342
2447
2032
1324
1023
1636
2528
2572
1754
1094
1023
980
642
494
784
761
-272
-1612
-1850
-935
-370
-1114
-2510
-3367
-3214
-2572
-2327
-2748
-3322
-3669
-3744
-3430
-2847
-2445
-2406
-2566
-2675
-2339
-1496
-677
-253
-95
-65
97
846
1988
2747
2874
2767
2891
3499
4415
5130
5278
4997
4834
5273
6127
6747
6591
5307
3567
3561
6203
8310
6065
1166
-289
3646
7056
4373
-922
-1566
2029
2923
-885
-3778
-1971
897
-280
-4492
-6459
-4281
-1514
-1865
-4752
-6735
-5869
-3798
-3416
-4846
-5502
-4406
-3556
-4345
-5190
-4291
-2577
-2043
-2851
-3605
-3402
-2322
-1026
-433
-866
-1437
-1141
-230
384
536
791
1176
1125
742
873
1699
2447
2578
2222
1655
1320
1690
2446
2677
2051
1188
774
826
993
1002
783
232
-653
-1306
-1199
-756
-875
-1664
-2428
-2761
-2799
-2749
-2620
-2467
-2625
-3215
-3567
-3023
-2051
-1650
-1932
-2185
-1918
-1181
-366
200
499
619
773
1262
2180
3085
3432
3367
3488
4062
4797
5305
5495
5538
5686
5853
5911
6211
6828
6579
4622
3176
5090
8403
7644
2182
-1048
2642
7723
6035
-556
-2748
1478
4146
478
-4037
-3093
659
653
-3583
-6553
-4945
-1706
-1372
-4350
-7014
-6353
-3759
-2928
-4729
-6143
-4978
-3367
-3905
-5287
-4828
-2888
-2024
-2839
-3750
-3546
-2335
-1066
-591
-1055
-1661
-1397
-398
393
526
582
905
978
737
846
1568
2267
2357
1972
1457
1235
1630
2301
2466
1826
1054
713
711
865
906
552
-258
-1138
-1456
-1180
-952
-1410
-2278
-2790
-2891
-2845
-2813
-2805
-2860
-3086
-3368
-3423
-2916
-2161
-1875
-2092
-2227
-1740
-829
-92
192
282
673
1315
1926
2355
2738
3268
3755
4110
4338
4569
4998
5506
5888
5936
5860
5852
5982
6346
6001
4446
3626
5555
8025
6398
1261
-864
3276
7745
5147
-1512
-2999
1603
3883
-157
-4252
-2864
474
-287
-4579
-6658
-4397
-1615
-2145
-5312
-7410
-6341
-3863
-3245
-5050
-6332
-5262
-3847
-4303
-5385
-4633
-2763
-2322
-3408
-4039
-3265
-1943
-1018
-797
-1248
-1638
-1228
-227
466
537
601
825
818
646
965
1797
2223
1977
1608
1409
1267
1386
1976
2302
1689
567
70
586
1209
925
-296
-1241
-1226
-946
-1109
-1704
-2111
-2273
-2585
-3112
-3416
-2923
-2397
-2758
-3590
-3829
-3015
-2083
-1853
-2224
-2395
-1769
-980
-463
-109
338
937
1276
1467
1863
2750
3665
3817
3572
3692
4418
5127
5316
5248
5220
5499
5956
6217
6040
5603
5102
4296
4082
5562
7196
5761
1504
-388
2891
6789
5044
-698
-2520
1164
3316
-114
-3857
-2449
726
-227
-4633
-6686
-4109
-1183
-1855
-5144
-7173
-6091
-3923
-3337
-4750
-5796
-4939
-3900
-4414
-5434
-4559
-2404
-1869
-3248
-4261
-3400
-1723
-734
-635
-1158
-1535
-1212
-299
564
807
874
1023
930
628
826
1914
2709
2349
1562
1177
1272
1568
2100
2377
1667
545
114
638
1060
498
-405
-727
-643
-1205
-2185
-2181
-1333
-1247
-2647
-4049
-3777
-2316
-1621
-2678
-3927
-3684
-2499
-1830
-2051
-2218
-1755
-1054
-755
-770
-179
957
1636
1534
1346
1937
3100
3945
3995
3696
3938
4602
5024
5250
5502
5707
5633
5675
6305
6800
6272
4606
3168
4131
7080
8422
5084
-74
-575
4309
7849
4363
-1877
-2428
2078
3516
-979
-4456
-1975
1433
-377
-5597
-7268
-3706
-444
-1745
-5831
-7747
-5919
-3341
-3145
-5115
-6056
-4749
-3578
-4482
-5738
-4498
-1976
-1559
-3459
-4683
-3482
-1363
-297
-629
-1443
-1668
-1068
-123
505
697
879
1132
928
383
611
1882
2746
2171
1227
1097
1437
1603
1719
2022
1800
652
-311
57
1180
1137
-437
-1700
-1502
-793
-1120
-2057
-2228
-1927
-2249
-3308
-3696
-2677
-1735
-2198
-3548
-3840
-2585
-1437
-1383
-1996
-1950
-997
-226
-36
-12
678
1686
2009
1797
1811
2746
3956
4300
3809
3367
3884
4886
5470
5378
4923
4889
5512
6268
6252
5301
3949
3093
4128
6658
7540
4138
-497
-338
4612
7401
3253
-2490
-2053
2503
3066
-1752
-4370
-1320
1460
-1102
-6028
-6735
-2927
-321
-2239
-6199
-7406
-5228
-3008
-3286
-5237
-5773
-4360
-3535
-4624
-5603
-4074
-1763
-1814
-3707
-4566
-3186
-1197
-366
-778
-1640
-1814
-1107
-180
454
588
676
768
509
170
521
1853
2707
2051
810
281
962
2027
2423
1629
437
219
696
811
260
-154
7
-23
-950
-2202
-2123
-860
-438
-1752
-3420
-3554
-2317
-1283
-1766
-3020
-3187
-2377
-1719
-1704
-1713
-1249
-740
-459
-574
-330
701
1677
2080
1807
1546
2025
3211
4293
4156
3378
3284
4148
5161
5247
4751
4661
5226
5952
6080
5512
4540
3409
3363
5303
7459
6271
1557
-1061
2053
6690
6036
263
-2729
344
3365
871
-3454
-2817
817
774
-3732
-6952
-4800
-967
-780
-4307
-7194
-6351
-3834
-2902
-4251
-5611
-4925
-3678
-4020
-5318
-4909
-2525
-1312
-2696
-4397
-3966
-1921
-491
-494
-1202
-1619
-1278
-523
157
567
748
847
642
172
228
1327
2565
2336
919
214
912
1962
2079
1405
849
737
726
373
45
151
289
-58
-895
-1677
-1781
-1164
-751
-1381
-2532
-3066
-2683
-1960
-1612
-2073
-2758
-2777
-2253
-1672
-1311
-1151
-1103
-952
-481
-40
440
1050
1479
1786
1908
2094
2581
3268
3866
3800
3548
3735
4270
4817
4779
4620
4831
5262
5702
5569
5066
4235
3149
3381
5508
7381
5323
340
-1149
2971
7152
4966
-1161
-2765
1143
3449
-55
-3913
-2228
1185
204
-4596
-6893
-3942
-518
-1145
-4986
-7347
-5912
-3362
-2814
-4526
-5708
-4745
-3589
-4127
-5311
-4531
-2203
-1494
-3126
-4517
-3636
-1601
-449
-643
-1412
-1770
-1358
-525
202
642
698
413
92
45
633
1531
1910
1493
850
750
905
1117
1493
1567
1152
421
61
189
285
369
149
-369
-1044
-1684
-1575
-1032
-798
-1485
-2620
-2905
-2460
-1804
-1637
-2133
-2527
-2606
-2232
-1695
-1166
-803
-1054
-1195
-692
170
872
1083
1305
1643
1946
2250
2653
3381
3843
3664
3440
3737
4389
4740
4750
4674
4696
5150
5792
5821
5040
4009
3245
3435
5074
6692
5411
1345
-867
1897
6134
5494
20
-2960
-27
3152
957
-3224
-2952
359
537
-3575
-6586
-4642
-1070
-847
-4203
-7023
-6315
-3843
-2763
-4044
-5614
-5223
-3941
-3913
-5047
-4918
-2860
-1711
-2916
-4496
-4120
-2154
-761
-690
-1388
-1915
-1602
-681
265
584
345
292
567
731
678
981
1834
2245
1662
764
467
1148
2050
2186
1290
163
7
572
904
495
-295
-641
-712
-996
-1537
-1666
-1156
-1164
-2074
-3066
-3069
-2092
-1483
-1910
-2873
-3127
-2387
-1594
-1185
-1257
-1429
-1261
-707
8
460
802
1091
1310
1690
2171
2724
3213
3507
3499
3398
3717
4272
4703
4905
4796
4571
4748
5506
6170
5984
4950
3624
2965
4134
6419
7069
4209
124
-216
3752
6594
3844
-1153
-1696
1606
2505
-869
-3262
-1127
1239
-803
-5223
-6339
-3056
-363
-1781
-5396
-6932
-5251
-3207
-3175
-4653
-5288
-4298
-3657
-4579
-5419
-4148
-1970
-1759
-3475
-4553
-3558
-1593
-552
-822
-1513
-1720
-1271
-537
266
789
827
597
304
341
922
1790
2299
2015
1267
428
281
1180
2125
2117
1020
-169
-582
-136
592
663
104
-905
-1941
-2012
-1200
-575
-1018
-2089
-2908
-2966
-2120
-1405
-1526
-2051
-2514
-2596
-2100
-1122
-440
-481
-890
-1184
-676
641
1719
1770
1253
1147
1830
2863
3454
3409
3307
3524
3823
3973
4120
4473
4889
4969
4777
4845
5383
5827
5229
3312
1961
3759
7348
7549
2528
-1942
205
6099
7190
1415
-3244
-873
3422
2183
-2702
-3677
-33
1608
-2049
-6372
-5809
-1814
-147
-2898
-6493
-6890
-4509
-2781
-3586
-5363
-5482
-4117
-3706
-4883
-5346
-3627
-1857
-2395
-4165
-4544
-3023
-1343
-879
-1411
-1914
-1784
-1219
-568
88
587
615
239
-109
140
1044
1903
1957
1265
734
788
1199
1661
1877
1642
962
360
355
786
1037
676
-63
-689
-876
-711
-618
-792
-1124
-1628
-2197
-2361
-1941
-1505
-1713
-2384
-2850
-2577
-1706
-1107
-1211
-1568
-1524
-1098
-595
-39
466
820
916
897
1161
1903
2783
3058
2721
2494
2873
3668
4187
4183
3873
3734
4078
4599
4871
4696
4711
5292
5460
3931
1527
1911
6082
8839
5030
-1859
-2672
3851
8463
4397
-2614
-2889
2217
3559
-1114
-4225
-1207
2302
74
-5527
-7198
-3244
572
-589
-5099
-7628
-5910
-2811
-2192
-4204
-5445
-4459
-3505
-4375
-5410
-4220
-1817
-1254
-3264
-5103
-4280
-1683
83
-300
-1890
-2791
-1993
-334
614
522
118
28
116
140
449
1221
1980
1885
937
137
360
1554
2404
1941
700
-71
300
1065
1239
656
-21
-288
-551
-842
-811
-521
-462
-1126
-2083
-2473
-1850
-994
-1050
-1866
-2516
-2352
-1585
-929
-789
-1012
-1124
-1049
-720
58
973
1428
1126
686
981
2071
3064
3066
2579
2543
2994
3392
3585
3874
4070
3954
3738
3847
4429
4833
4784
4818
4927
3873
1628
1509
5237
8425
5548
-1255
-3145
2686
8106
5244
-1879
-3324
1390
3589
-421
-4064
-1734
2090
652
-4831
-7223
-3770
406
-129
-4508
-7394
-6015
-3033
-2183
-3832
-5140
-4441
-3500
-4193
-5262
-4206
-1784
-1172
-3111
-4950
-4215
-1693
-74
-562
-1951
-2477
-1785
-686
58
277
274
180
-104
-348
69
1171
2009
1728
592
-147
274
1407
2109
1728
733
-10
30
594
964
793
196
-429
-816
-923
-791
-619
-590
-983
-1793
-2353
-2118
-1334
-904
-1353
-2219
-2548
-1866
-900
-602
-883
-1146
-1089
-712
-36
766
1244
1160
725
715
1646
2823
3135
2562
2141
2476
3226
3806
3860
3560
3377
3585
4023
4303
4331
4426
4966
5249
3750
1181
1243
5418
8752
5603
-1285
-3050
2889
8216
5201
-1824
-3029
1912
3989
-387
-4224
-1770
2496
1283
-4481
-7305
-3944
522
165
-4233
-7209
-5916
-2876
-2034
-3828
-5227
-4352
-3096
-3778
-5203
-4560
-2098
-940
-2530
-4635
-4482
-2175
-176
-291
-1806
-2676
-1963
-625
48
5
-60
44
-60
-348
-102
909
1809
1605
521
-195
201
1308
2030
1642
565
-127
141
811
1043
691
137
-287
-553
-698
-623
-370
-351
-955
-1869
-2147
-1492
-754
-843
-1631
-2189
-1989
-1311
-812
-776
-872
-831
-763
-652
-213
606
1224
1150
678
611
1434
2543
2908
2422
2014
2362
3043
3416
3355
3160
3250
3625
3818
3617
3526
4168
5277
5649
4031
1159
548
4273
8487
7034
382
-3416
660
7134
6939
283
-3447
134
4088
1506
-3587
-3233
1529
2677
-2465
-7381
-5876
-588
1305
-2360
-6752
-6990
-3903
-1838
-2953
-4968
-4929
-3472
-3378
-4916
-5184
-2875
-775
-1739
-4451
-5209
-3007
-437
-63
-1557
-2685
-2244
-1036
-250
-6
130
191
-12
-279
-65
842
1836
1972
1138
290
341
1236
2098
2110
1276
406
282
808
1269
1206
733
146
-323
-487
-306
-18
-55
-658
-1513
-1876
-1442
-830
-816
-1413
-1993
-2056
-1637
-1135
-869
-824
-918
-1054
-989
-559
120
755
962
680
396
675
1557
2489
2797
2234
1507
1658
2694
3691
3823
3031
2269
2629
3828
4451
4049
3682
4190
5074
4773
2608
862
2724
7041
8027
3068
-2437
-1390
5045
8035
3276
-2625
-1998
2575
3018
-1270
-3356
-413
2109
-721
-5636
-6219
-2077
918
-1226
-5705
-7269
-4862
-2177
-2423
-4482
-5288
-4227
-3496
-4396
-5111
-3751
-1724
-1840
-3964
-5075
-3668
-1399
-501
-1314
-2481
-2717
-1884
-749
-22
127
-138
-486
-543
-144
614
1364
1589
1095
410
290
867
1580
1839
1473
796
369
483
921
1214
1076
476
-297
-656
-335
196
216
-501
-1380
-1673
-1303
-945
-1085
-1454
-1660
-1695
-1741
-1725
-1395
-860
-705
-1174
-1518
-960
88
561
171
-220
184
1066
1497
1272
1245
1808
2331
2185
1736
1965
2953
3645
3128
2116
2276
3609
4368
3654
2815
3377
4721
5372
4512
2501
1098
2533
6376
7913
3812
-1927
-1828
4552
8441
3967
-2794
-2602
2872
4074
-813
-3889
-815
2735
421
-5097
-6498
-2268
1456
-376
-5128
-7050
-4705
-1715
-1622
-3868
-5194
-4075
-2765
-3449
-4601
-3724
-1562
-1113
-3015
-4662
-3750
-1155
217
-814
-2520
-2737
-1401
-98
184
-173
-288
-64
-20
-119
260
1217
1775
1281
372
96
805
1761
2028
1396
549
338
738
1187
1238
834
307
-77
-224
-239
-139
45
-138
-890
-1676
-1707
-951
-361
-745
-1824
-2417
-1905
-1046
-797
-1162
-1446
-1322
-1036
-759
-435
-33
213
131
-54
170
884
1547
1673
1426
1392
1686
1989
2215
2550
2886
2711
2191
2258
3153
3898
3579
2849
2928
3795
4446
4489
4429
3956
2482
1479
3287
6753
6960
2199
-1977
292
6164
7085
1406
-2827
-204
3963
2454
-2338
-2942
1013
2623
-1401
-5777
-4757
-289
1287
-1989
-5717
-5687
-2911
-1335
-2614
-4474
-4360
-2938
-2762
-4148
-4618
-2936
-1187
-1739
-3817
-4597
-3004
-846
-380
-1666
-2785
-2412
-1143
-299
-257
-428
-372
-199
-237
-273
237
1168
1610
1028
185
106
924
1846
1900
1077
300
319
856
1162
1013
506
68
61
174
29
-303
-439
-448
-652
-1147
-1723
-1645
-916
-704
-1567
-2509
-2343
-1465
-998
-1330
-1915
-1883
-1315
-945
-909
-756
-394
-284
-409
-295
238
913
1128
801
577
911
1482
1719
1710
1810
1953
1989
2020
2206
2398
2389
2386
2638
3051
3316
3317
3436
3924
3924
2477
864
1962
5515
6904
3189
-1727
-1380
3930
6747
2936
-2115
-1604
2320
2587
-1302
-3135
-329
2057
-489
-4975
-5555
-1886
710
-1185
-4993
-6260
-4293
-2203
-2423
-4094
-4816
-3987
-3337
-3996
-4666
-3733
-2071
-1936
-3527
-4697
-3829
-1748
-604
-1352
-2755
-2992
-1833
-538
-143
-480
-699
-452
-162
-120
86
795
1415
1279
582
153
555
1470
2028
1617
680
231
643
1334
1473
935
293
65
154
95
-128
-222
-304
-720
-1354
-1611
-1311
-936
-1041
-1694
-2281
-2238
-1762
-1424
-1460
-1686
-1853
-1750
-1349
-937
-700
-572
-516
-492
-309
150
640
844
739
535
621
1145
1735
1925
1717
1556
1674
1935
2213
2427
2517
2439
2277
2339
2747
3222
3337
3182
3417
4029
3831
2198
1017
2742
6045
6331
2059
-1854
-94
5078
6385
1860
-2148
-559
2891
2153
-1576
-2349
605
1805
-1604
-5404
-4554
-514
966
-2083
-5661
-5718
-3147
-1638
-2679
-4315
-4325
-3249
-3181
-4206
-4238
-2551
-1243
-2103
-3945
-4239
-2405
-438
-290
-1611
-2471
-1893
-667
32
13
-120
-13
100
-17
16
713
1620
1750
992
287
454
1310
2045
1944
1126
479
510
903
1153
1113
836
394
-79
-418
-389
5
172
-360
-1243
-1731
-1540
-984
-686
-1112
-1943
-2364
-2001
-1306
-987
-1250
-1619
-1552
-1147
-806
-601
-374
-134
-128
-292
-163
490
1204
1301
877
588
908
1695
2274
2222
1746
1421
1643
2317
2967
2962
2400
2106
2490
3161
3417
3163
2960
3429
4447
4733
3347
1253
1148
4289
7385
5837
391
-2317
1527
6811
6169
307
-2840
256
3712
1837
-2321
-2357
1148
1836
-2244
-5789
-4076
175
888
-2830
-6146
-5406
-2466
-1280
-2777
-4500
-4305
-3076
-2927
-3817
-3832
-2389
-1297
-2026
-3530
-3663
-1986
-299
-253
-1432
-2138
-1578
-461
253
293
64
2
143
308
532
981
1414
1414
1035
691
728
1149
1635
1654
1088
517
447
823
1150
1036
559
126
-5
-29
-86
-95
-153
-455
-953
-1333
-1305
-966
-765
-1110
-1714
-1922
-1562
-1087
-992
-1254
-1489
-1386
-1031
-730
-491
-282
-132
-131
-186
18
538
1100
1212
913
735
975
1531
1897
1971
1888
1745
1735
1946
2476
2804
2542
2207
2286
2865
3260
3181
3067
3249
3842
4249
4027
2947
1581
2140
4943
6798
4288
-519
-1365
3078
6949
4582
-1086
-2392
1305
3559
739
-2638
-1655
1136
630
-3222
-5193
-2720
293
-339
-3769
-5671
-4306
-2120
-1726
-3104
-4117
-3707
-2990
-3044
-3515
-3155
-2038
-1604
-2470
-3492
-3103
-1533
-370
-623
-1701
-2122
-1378
-325
129
-30
-223
-176
16
137
262
707
1217
1204
615
170
475
1277
1770
1327
403
67
533
1138
1137
557
16
-36
218
92
-346
-532
-397
-378
-889
-1522
-1610
-1131
-856
-1366
-2038
-2105
-1657
-1336
-1537
-1845
-1793
-1442
-1215
-1236
-1090
-703
-374
-316
-385
-235
157
531
693
704
759
916
1157
1504
1709
1624
1470
1543
1904
2161
2142
1999
2006
2332
2486
2372
2441
2883
3381
3338
3175
3389
3636
3192
1973
2095
4340
5896
3856
-160
-770
2956
5908
3792
-857
-1714
1428
3018
394
-2493
-1425
1072
474
-2971
-4758
-2554
99
-580
-3690
-5355
-3887
-1864
-1814
-3387
-4314
-3587
-2728
-2966
-3666
-3371
-2146
-1658
-2513
-3430
-2981
-1525
-623
-952
-1802
-1956
-1212
-436
-205
-263
-222
-150
-120
-65
214
727
1034
830
458
460
808
1111
1216
1040
665
458
543
766
843
636
264
-44
-101
-91
-200
-352
-619
-941
-1195
-1292
-1197
-1223
-1373
-1682
-1917
-1835
-1659
-1505
-1571
-1632
-1572
-1495
-1267
-1028
-745
-546
-525
-467
-283
188
513
487
432
511
783
990
1098
1224
1461
1613
1417
1249
1527
2042
2247
2007
1734
1843
2374
2717
2563
2348
2510
3062
3427
3591
3509
3220
2675
2013
2694
4541
5348
3107
-175
-75
3379
5590
3097
-1050
-1322
1698
2837
120
-2308
-1031
1026
7
-3259
-4351
-1918
176
-1018
-4014
-5003
-3292
-1643
-2013
-3552
-4036
-3120
-2458
-2952
-3562
-2986
-1769
-1595
-2653
-3344
-2534
-1095
-553
-1191
-1920
-1767
-878
-152
-132
-317
-281
-24
202
277
435
778
1147
1091
678
612
1051
1508
1451
1006
680
745
1046
1086
825
556
419
219
16
32
82
-72
-498
-834
-885
-723
-663
-1006
-1333
-1347
-1196
-1223
-1388
-1372
-1245
-1103
-1102
-1242
-1181
-826
-449
-427
-602
-592
-308
203
502
371
204
445
922
1158
1064
870
962
1465
1812
1599
1233
1348
1822
2146
2134
1905
2007
2373
2552
2428
2459
2897
3236
3465
3532
3312
2811
2177
2296
3602
4895
4066
1169
-316
1532
4297
4136
864
-1271
-68
1792
971
-1344
-1551
-34
46
-2221
-4027
-2968
-843
-763
-2961
-4748
-4253
-2773
-2226
-2961
-3828
-3798
-3306
-3171
-3471
-3384
-2618
-2091
-2472
-3211
-3180
-2144
-1079
-937
-1578
-2034
-1643
-795
-227
-177
-302
-267
-68
119
303
645
1029
1114
741
411
633
1195
1463
1131
657
561
820
1059
916
572
372
284
174
84
91
-61
-423
-650
-700
-714
-809
-991
-1164
-1238
-1267
-1467
-1606
-1434
-1241
-1345
-1623
-1649
-1345
-985
-883
-1010
-943
-642
-393
-307
-149
196
418
414
341
543
959
1211
1213
1089
1250
1619
1768
1686
1675
1994
2141
1993
1956
2145
2456
2433
2354
2568
2913
3067
2978
3239
3436
3121
2648
2331
2575
3284
3924
3412
1638
526
1315
3191
3466
1176
-880
-328
1327
925
-1062
-1688
-673
-241
-1783
-3524
-3156
-1428
-1034
-2801
-4437
-4125
-2737
-2096
-2816
-3759
-3721
-3013
-2749
-3100
-3145
-2462
-1840
-2078
-2756
-2766
-1762
-744
-730
-1443
-1840
-1299
-450
-120
-275
-383
-188
40
151
273
547
881
914
670
483
621
1032
1368
1255
722
412
635
1041
1140
792
350
168
260
265
95
-41
-224
-492
-738
-872
-887
-897
-1018
-1328
-1542
-1489
-1399
-1396
-1475
-1516
-1475
-1412
-1331
-1191
-970
-840
-779
-607
-309
-53
59
148
316
557
724
755
874
1028
1123
1222
1361
1495
1488
1531
1710
1765
1669
1605
1904
2334
2343
2048
1896
2239
2767
2929
2887
2928
3156
3204
2968
2800
2524
2463
3071
3795
3374
1471
195
1216
3299
3469
847
-1355
-623
1237
1043
-1053
-2007
-1073
-461
-1663
-3320
-3155
-1636
-1126
-2518
-4095
-3952
-2654
-1943
-2499
-3409
-3506
-2876
-2432
-2612
-2761
-2317
-1830
-1958
-2421
-2408
-1703
-888
-766
-1375
-1812
-1394
-467
42
-180
-617
-608
-37
427
450
375
560
892
898
656
626
1008
1435
1350
905
592
669
1001
1107
863
492
198
68
92
225
134
-289
-710
-912
-855
-778
-924
-1193
-1379
-1463
-1640
-1750
-1527
-1259
-1313
-1651
-1857
-1610
-1188
-989
-1084
-1144
-931
-650
-445
-311
-132
83
191
251
362
604
896
1038
963
862
995
1259
1466
1556
1478
1380
1481
1768
1945
1919
1851
1826
2009
2254
2342
2414
2593
2826
2912
2927
2844
2659
2598
2463
2361
2757
3332
2958
1376
342
1229
2902
2847
486
-1281
-351
1330
893
-1111
-1862
-941
-438
-1551
-2894
-2603
-1408
-1305
-2561
-3590
-3325
-2447
-2073
-2581
-3278
-3316
-2834
-2506
-2608
-2712
-2468
-2140
-2154
-2441
-2363
-1755
-1167
-1103
-1462
-1572
-1109
-434
-124
-250
-347
-169
214
499
534
604
831
999
959
901
1025
1270
1491
1405
1032
841
988
1131
1030
813
666
571
419
186
58
113
1
-418
-775
-796
-711
-846
-1147
-1336
-1322
-1344
-1533
-1629
-1466
-1268
-1347
-1617
-1684
-1376
-988
-915
-1040
-1045
-857
-541
-243
-56
21
76
178
337
611
862
942
924
935
1032
1174
1336
1495
1569
1535
1427
1448
1686
1938
2016
1872
1777
1915
2164
2325
2344
2392
2540
2769
2838
2566
2366
2493
2536
2301
2401
2979
2921
1658
470
1016
2757
3049
960
-933
-304
1293
1081
-620
-1408
-699
-290
-1340
-2568
-2288
-1141
-1089
-2411
-3440
-3105
-2153
-1855
-2441
-3063
-3000
-2555
-2402
-2503
-2392
-2039
-1908
-2113
-2240
-1949
-1382
-985
-1002
-1197
-1175
-805
-318
-23
48
35
121
317
535
760
971
1050
986
944
1036
1158
1238
1330
1377
1247
960
828
971
1072
878
537
350
320
228
-6
-207
-217
-260
-601
-996
-1093
-970
-936
-1138
-1467
-1661
-1585
-1452
-1452
-1510
-1562
-1611
-1556
-1372
-1228
-1160
-1088
-1031
-986
-840
-591
-342
-166
-100
-79
85
398
625
693
691
704
797
975
1079
1074
1146
1273
1241
1132
1225
1478
1591
1497
1414
1532
1780
1891
1820
1809
2044
2425
2757
2771
2349
2017
2260
2645
2591
2454
2744
2860
2023
985
1247
2619
2982
1319
-422
-139
1226
1273
-118
-1031
-707
-395
-1108
-2079
-2079
-1366
-1265
-2181
-3113
-3131
-2465
-2017
-2294
-2913
-3143
-2831
-2480
-2422
-2446
-2284
-2068
-2068
-2202
-2110
-1660
-1199
-1086
-1260
-1341
-1063
-584
-252
-167
-198
-188
-33
238
469
608
696
696
647
693
864
1044
1150
1086
879
778
846
923
936
871
669
462
443
482
358
130
-31
-69
-130
-388
-685
-687
-540
-706
-1133
-1356
-1232
-1059
-1156
-1482
-1639
-1459
-1250
-1272
-1384
-1389
-1270
-1121
-1057
-1021
-879
-694
-600
-554
-415
-202
-20
77
106
147
247
386
517
589
554
522
644
844
889
794
854
1162
1374
1222
1077
1422
1990
2101
1730
1574
2073
2823
3119
2852
2532
2553
2913
3258
3147
2729
2756
3301
3291
2186
1215
1804
3204
3101
1058
-494
242
1653
1261
-520
-1335
-637
-202
-1167
-2379
-2304
-1409
-1370
-2510
-3426
-3156
-2342
-2147
-2781
-3393
-3280
-2744
-2536
-2724
-2781
-2507
-2238
-2258
-2363
-2158
-1646
-1224
-1173
-1340
-1332
-928
-376
-78
-110
-169
36
425
711
795
882
1073
1232
1277
1308
1417
1559
1685
1709
1583
1445
1492
1695
1794
1572
1125
869
1009
1190
982
488
121
64
115
-70
-491
-821
-891
-898
-1100
-1445
-1711
-1776
-1718
-1750
-1941
-2126
-2108
-1945
-1870
-1944
-2011
-1907
-1679
-1541
-1548
-1521
-1338
-1064
-864
-798
-751
-597
-344
-136
-49
3
141
338
481
560
666
842
1028
1173
1293
1421
1571
1704
1825
1998
2226
2420
2500
2513
2639
2889
3053
3073
3174
3396
3390
3004
2739
2973
3244
3009
2594
2578
2599
1980
1182
1365
2252
2084
430
-857
-337
760
419
-1102
-1896
-1403
-1042
-1785
-2717
-2641
-1969
-2018
-2977
-3701
-3379
-2569
-2357
-2954
-3505
-3298
-2678
-2400
-2559
-2620
-2344
-2025
-1967
-2004
-1789
-1322
-957
-934
-1022
-872
-441
0
200
186
222
457
759
960
1077
1179
1243
1273
1317
1383
1445
1491
1489
1390
1251
1162
1140
1123
1021
816
588
387
201
96
94
4
-357
-840
-1065
-924
-795
-1029
-1526
-1858
-1811
-1651
-1689
-1905
-2057
-2084
-2105
-2143
-2107
-1948
-1823
-1875
-1999
-1956
-1677
-1395
-1323
-1392
-1334
-1092
-834
-682
-579
-401
-154
49
168
308
536
775
936
999
1068
1256
1514
1686
1696
1713
1872
2091
2204
2188
2175
2248
2373
2477
2535
2529
2474
2464
2591
2800
2917
2762
2407
2270
2557
2845
2523
1856
1770
2355
2468
1465
519
968
2001
1723
103
-814
-54
812
189
-1181
-1563
-911
-641
-1359
-2140
-2090
-1569
-1511
-2087
-2600
-2482
-1954
-1716
-2019
-2406
-2314
-1831
-1523
-1597
-1702
-1525
-1211
-1011
-957
-886
-675
-398
-215
-177
-161
-2
288
514
546
500
565
766
945
1002
984
959
966
997
1027
1006
969
968
943
832
676
614
659
667
532
292
67
-83
-140
-160
-216
-405
-737
-1034
-1082
-956
-955
-1226
-1610
-1812
-1740
-1626
-1691
-1874
-2006
-2029
-1993
-1902
-1780
-1721
-1749
-1756
-1633
-1431
-1257
-1157
-1075
-973
-840
-655
-412
-189
-61
17
132
323
557
791
939
982
977
1039
1250
1501
1635
1609
1533
1582
1794
1987
2014
1922
1889
2004
2153
2199
2152
2133
2232
2359
2349
2240
2299
2547
2576
2181
1876
2152
2517
2177
1476
1478
2108
2032
922
284
1060
1871
1049
-568
-831
309
769
-365
-1555
-1339
-483
-589
-1611
-2118
-1590
-1059
-1414
-2170
-2314
-1771
-1369
-1608
-2052
-2064
-1645
-1342
-1429
-1583
-1478
-1222
-1092
-1113
-1089
-923
-736
-680
-710
-677
-535
-361
-238
-198
-189
-141
-17
128
174
161
202
293
309
229
186
261
345
267
104
21
33
9
-103
-240
-371
-477
-578
-712
-929
-1111
-1109
-1033
-1167
-1571
-1862
-1739
-1443
-1489
-1913
-2219
-2067
-1743
-1727
-2001
-2124
-1882
-1607
-1629
-1775
-1649
-1297
-1109
-1212
-1254
-963
-580
-455
-544
-502
-215
72
168
190
330
545
667
704
786
960
1109
1125
1087
1158
1318
1387
1328
1295
1406
1570
1619
1543
1479
1513
1619
1724
1826
1881
1802
1694
1797
2099
2302
2256
2137
2129
2164
2177
2296
2465
2313
1872
1783
2286
2571
1888
1014
1226
2147
2136
843
-73
467
1309
882
-411
-905
-259
155
-546
-1514
-1589
-973
-787
-1436
-2137
-2073
-1506
-1323
-1797
-2247
-2079
-1600
-1491
-1809
-1971
-1696
-1345
-1344
-1538
-1523
-1232
-972
-956
-1049
-1006
-785
-558
-454
-454
-416
-280
-110
-15
11
54
133
212
235
228
246
301
334
289
223
206
254
281
219
86
-9
9
54
16
-162
-388
-482
-383
-276
-390
-712
-973
-921
-686
-633
-930
-1267
-1299
-1115
-1063
-1240
-1386
-1323
-1210
-1250
-1360
-1294
-1086
-993
-1079
-1160
-1033
-800
-694
-744
-765
-602
-374
-235
-187
-109
53
231
364
469
553
636
740
855
928
983
1110
1252
1298
1278
1344
1552
1723
1718
1626
1643
1791
1965
2146
2249
2221
2209
2403
2711
2908
2956
2957
2918
2879
3014
3313
3322
2818
2467
2876
3378
2853
1700
1476
2396
2768
1528
49
90
1078
1073
-276
-1335
-1092
-509
-892
-1973
-2460
-2027
-1652
-2112
-2938
-3211
-2762
-2326
-2534
-3100
-3280
-2880
-2437
-2435
-2698
-2715
-2348
-1976
-1950
-2048
-1860
-1429
-1159
-1196
-1241
-996
-554
-280
-306
-372
-227
66
286
310
254
335
534
626
549
482
578
738
736
557
436
523
647
613
436
271
243
287
238
49
-134
-243
-354
-511
-655
-729
-813
-1025
-1321
-1448
-1343
-1301
-1536
-1868
-2009
-1900
-1749
-1786
-1957
-2021
-1929
-1842
-1817
-1745
-1565
-1378
-1349
-1416
-1309
-972
-684
-629
-619
-445
-149
83
189
317
560
781
873
963
1164
1391
1529
1547
1553
1657
1793
1876
1926
2005
2057
2018
1940
1946
2120
2292
2258
2108
2115
2276
2379
2386
2386
2429
2524
2695
2869
2809
2373
2106
2616
3309
2908
1629
1254
2358
3118
1947
181
267
1862
2164
281
-1311
-682
663
340
-1350
-2160
-1379
-687
-1379
-2541
-2678
-1907
-1532
-2141
-2945
-2952
-2268
-1845
-2161
-2664
-2643
-2145
-1794
-1878
-2043
-1874
-1511
-1363
-1427
-1422
-1185
-827
-624
-690
-777
-613
-279
-32
-28
-130
-63
189
359
330
292
383
518
572
519
471
539
640
603
475
388
383
406
377
269
142
62
6
-38
-90
-188
-323
-442
-540
-640
-691
-691
-725
-860
-1076
-1213
-1118
-931
-964
-1228
-1437
-1378
-1155
-1076
-1205
-1267
-1112
-983
-1034
-1063
-867
-587
-496
-597
-598
-329
-19
90
80
153
335
546
720
828
932
1068
1162
1204
1291
1455
1611
1646
1555
1490
1587
1724
1709
1601
1559
1601
1619
1562
1496
1495
1519
1489
1502
1628
1708
1623
1512
1596
1828
1984
2017
2012
1937
1770
1812
2208
2374
1815
1234
1613
2446
2170
702
6
1145
2297
1396
-566
-1000
304
1010
-113
-1505
-1425
-520
-569
-1680
-2341
-1854
-1210
-1464
-2321
-2720
-2282
-1711
-1762
-2254
-2453
-2131
-1765
-1772
-1961
-1905
-1577
-1354
-1432
-1544
-1397
-1040
-783
-806
-934
-889
-629
-381
-322
-377
-359
-215
-77
-20
4
48
132
221
257
221
192
257
352
353
245
159
193
281
276
168
93
107
122
54
-36
-67
-45
-102
-300
-460
-423
-311
-363
-585
-782
-817
-754
-718
-769
-886
-1002
-1035
-963
-898
-924
-963
-908
-830
-843
-872
-759
-574
-512
-561
-548
-386
-211
-132
-115
-68
39
175
303
380
408
447
540
636
680
694
734
768
780
773
759
751
778
802
754
687
719
828
882
833
790
875
995
1052
1110
1270
1443
1473
1388
1390
1673
2129
2332
1980
1518
1756
2570
2765
1870
1215
1985
3034
2418
647
291
1921
2924
1447
-634
-555
1096
1469
-144
-1483
-1011
-17
-343
-1651
-2192
-1502
-885
-1367
-2349
-2625
-2025
-1487
-1729
-2372
-2568
-2183
-1835
-1919
-2153
-2131
-1891
-1762
-1829
-1863
-1691
-1426
-1290
-1325
-1405
-1349
-1082
-771
-648
-726
-760
-567
-263
-90
-91
-66
115
299
316
271
376
612
743
657
555
631
825
909
833
752
774
832
812
735
694
680
618
511
435
421
398
281
106
5
18
-4
-160
-361
-461
-439
-444
-587
-786
-854
-780
-757
-876
-1024
-1048
-961
-906
-970
-1029
-967
-857
-837
-863
-797
-632
-508
-518
-537
-422
-216
-103
-125
-120
29
221
308
276
277
401
551
600
568
593
688
768
752
717
758
870
982
1007
950
916
1024
1204
1292
1241
1238
1434
1694
1753
1610
1533
1710
2083
2372
2289
1844
1619
2063
2651
2414
1526
1336
2238
2712
1579
183
572
2132
2246
360
-1043
-258
1108
732
-946
-1653
-833
-194
-922
-2036
-2139
-1429
-1173
-1835
-2601
-2590
-1978
-1659
-2030
-2554
-2555
-2104
-1794
-1886
-2051
-1937
-1658
-1515
-1535
-1487
-1238
-936
-789
-807
-819
-645
-301
-28
6
-68
5
254
482
532
507
585
757
846
772
739
874
1037
1008
823
722
817
941
881
690
574
584
608
550
438
351
302
252
163
84
67
61
-45
-214
-281
-214
-188
-340
-535
-561
-447
-440
-605
-734
-693
-633
-703
-801
-766
-655
-656
-779
-848
-738
-591
-584
-679
-701
-598
-512
-526
-580
-529
-388
-326
-416
-486
-378
-195
-143
-237
-295
-199
-61
-24
-77
-78
3
73
56
2
21
106
185
186
165
200
257
286
330
453
587
643
682
805
974
1091
1177
1290
1451
1647
1852
1943
1824
1732
2033
2516
2445
1805
1617
2350
2853
2034
842
1018
2277
2515
1040
-273
172
1301
1124
-265
-1069
-584
-12
-496
-1515
-1865
-1371
-1010
-1478
-2277
-2475
-1969
-1580
-1883
-2456
-2526
-2072
-1745
-1893
-2144
-2055
-1704
-1488
-1532
-1588
-1427
-1092
-841
-825
-891
-755
-405
-125
-83
-129
-26
240
436
460
460
575
746
823
807
798
879
1020
1095
1043
970
1002
1109
1176
1138
1059
1053
1126
1147
1066
980
971
988
935
799
694
684
669
527
283
119
118
161
36
-268
-525
-584
-542
-607
-837
-1062
-1128
-1128
-1233
-1424
-1527
-1509
-1510
-1620
-1759
-1785
-1710
-1682
-1740
-1779
-1754
-1698
-1624
-1521
-1444
-1414
-1381
-1292
-1136
-975
-867
-792
-707
-605
-478
-330
-213
-144
-59
73
191
266
335
419
504
581
666
768
871
951
1023
1104
1188
1296
1427
1536
1625
1751
1910
2024
2064
2099
2194
2349
2541
2697
2642
2374
2280
2596
2873
2566
2039
2086
2524
2344
1432
947
1511
2010
1279
53
-169
507
632
-273
-1107
-1008
-566
-779
-1571
-2014
-1772
-1453
-1665
-2211
-2474
-2232
-1887
-1926
-2253
-2390
-2141
-1822
-1753
-1845
-1818
-1578
-1312
-1211
-1223
-1134
-851
-527
-387
-434
-421
-187
132
316
320
308
435
637
771
800
824
919
1038
1094
1059
1052
1147
1243
1214
1116
1085
1118
1146
1120
1015
892
819
800
772
657
467
318
264
187
-7
-204
-297
-380
-548
-764
-914
-996
-1112
-1303
-1466
-1527
-1598
-1767
-1946
-1997
-1974
-2017
-2156
-2251
-2216
-2162
-2186
-2226
-2183
-2091
-2037
-2018
-1942
-1797
-1681
-1617
-1524
-1369
-1207
-1073
-956
-815
-641
-492
-395
-281
-83
126
238
287
385
561
738
830
894
997
1104
1169
1251
1382
1459
1462
1516
1634
1733
1773
1814
1900
1966
1996
2044
2164
2275
2289
2269
2315
2432
2509
2473
2388
2422
2611
2633
2297
1989
2215
2649
2379
1446
1096
1861
2414
1509
96
57
1255
1601
254
-1051
-711
340
216
-1044
-1743
-1196
-552
-939
-1893
-2171
-1593
-1129
-1462
-2108
-2206
-1710
-1323
-1515
-1897
-1853
-1419
-1143
-1262
-1419
-1281
-951
-755
-786
-828
-696
-443
-258
-226
-268
-209
-2
198
239
191
225
371
498
489
442
493
606
637
554
483
503
561
542
438
352
343
334
269
167
69
16
-7
-63
-190
-326
-382
-390
-450
-610
-753
-788
-796
-910
-1070
-1128
-1133
-1205
-1354
-1470
-1485
-1459
-1482
-1561
-1641
-1694
-1682
-1621
-1577
-1580
-1595
-1562
-1479
-1402
-1348
-1298
-1216
-1090
-953
-835
-777
-733
-622
-447
-278
-161
-81
-7
87
203
332
449
552
636
707
792
883
966
1038
1106
1182
1271
1341
1372
1424
1517
1584
1586
1617
1715
1812
1837
1831
1870
1934
1984
1996
2044
2109
2115
2094
2088
2107
2132
2148
2121
2065
2041
2031
1927
1761
1777
1961
1832
1210
771
1182
1840
1483
196
-441
332
1201
651
-741
-1190
-410
75
-671
-1657
-1615
-894
-809
-1673
-2357
-2035
-1319
-1297
-2016
-2493
-2178
-1611
-1567
-2001
-2214
-1903
-1523
-1521
-1739
-1742
-1444
-1155
-1142
-1271
-1219
-942
-690
-654
-730
-676
-460
-250
-178
-198
-159
-30
100
163
176
202
276
351
380
381
396
440
482
491
478
462
448
447
440
403
347
313
282
203
100
54
48
-30
-203
-338
-349
-385
-572
-757
-750
-689
-842
-1160
-1303
-1137
-973
-1124
-1463
-1590
-1403
-1221
-1294
-1479
-1491
-1334
-1232
-1275
-1308
-1170
-988
-949
-1005
-945
-718
-509
-465
-496
-420
-186
46
138
152
226
407
587
687
770
901
1042
1129
1178
1272
1423
1546
1600
1623
1658
1703
1760
1829
1877
1858
1806
1803
1843
1860
1843
1808
1773
1730
1684
1686
1705
1668
1578
1515
1511
1523
1501
1445
1385
1342
1325
1266
1099
954
1042
1212
1017
398
35
462
1043
704
-416
-950
-284
448
-17
-1173
-1533
-848
-406
-1025
-1843
-1762
-1082
-970
-1672
-2212
-1889
-1222
-1152
-1724
-2106
-1806
-1268
-1156
-1474
-1634
-1357
-1002
-975
-1161
-1141
-825
-557
-599
-762
-717
-422
-160
-147
-263
-246
-38
163
195
146
193
341
439
418
385
453
588
649
579
492
507
606
666
586
443
381
425
430
311
184
155
148
42
-118
-204
-217
-265
-385
-489
-558
-681
-820
-849
-763
-775
-1013
-1263
-1245
-1018
-926
-1135
-1395
-1388
-1170
-1041
-1131
-1254
-1204
-1049
-973
-990
-965
-813
-650
-615
-634
-556
-338
-122
-66
-98
-40
169
390
469
454
495
650
800
864
871
912
995
1061
1085
1090
1115
1142
1148
1133
1123
1119
1121
1116
1092
1058
1033
1013
1000
999
986
965
929
896
887
902
933
937
903
864
865
913
959
956
911
880
886
936
978
956
877
792
782
836
904
890
709
439
323
519
775
625
64
-329
-125
296
223
-364
-764
-597
-330
-515
-977
-1106
-842
-748
-1118
-1524
-1459
-1096
-991
-1311
-1627
-1563
-1289
-1175
-1288
-1371
-1289
-1173
-1148
-1134
-1021
-853
-765
-774
-740
-614
-438
-289
-211
-166
-115
-16
132
260
341
375
419
488
549
604
648
682
690
672
644
628
624
605
551
467
401
351
277
157
42
-13
-39
-138
-322
-499
-571
-547
-570
-739
-970
-1099
-1073
-1008
-1086
-1288
-1426
-1403
-1332
-1349
-1428
-1461
-1417
-1393
-1402
-1369
-1260
-1147
-1107
-1095
-1017
-855
-676
-550
-468
-383
-256
-101
55
203
318
418
510
608
724
856
960
1012
1037
1078
1152
1219
1238
1225
1232
1247
1237
1200
1190
1198
1174
1104
1026
989
983
950
871
786
729
695
675
636
573
513
478
479
477
445
385
364
405
459
451
393
381
465
567
571
514
513
597
669
687
664
653
659
677
726
759
714
622
604
652
641
535
466
495
472
305
136
160
282
236
-24
-239
-208
-97
-126
-317
-473
-493
-475
-522
-620
-651
-632
-628
-693
-773
-775
-701
-645
-669
-717
-730
-674
-605
-565
-549
-516
-466
-441
-426
-391
-324
-267
-262
-291
-292
-247
-213
-218
-225
-209
-202
-247
-307
-292
-210
-197
-338
-487
-468
-322
-267
-424
-593
-573
-420
-386
-514
-623
-583
-480
-493
-598
-647
-572
-483
-490
-564
-601
-543
-433
-376
-412
-466
-457
-361
-258
-228
-253
-256
-195
-115
-52
-14
16
55
96
122
154
215
273
304
302
303
349
422
461
444
429
465
513
518
487
473
505
552
544
496
481
506
536
537
510
506
522
516
480
468
517
574
567
487
432
492
612
638
546
455
474
590
651
598
504
491
564
631
613
527
483
530
605
579
480
428
474
535
500
405
357
380
389
337
276
242
218
162
98
64
46
-4
-91
-158
-178
-198
-269
-358
-413
-420
-446
-521
-603
-619
-601
-614
-669
-718
-716
-694
-705
-731
-722
-701
-697
-705
-696
-649
-607
-602
-607
-575
-519
-493
-495
-483
-446
-408
-395
-394
-381
-351
-333
-321
-309
-296
-286
-289
-295
-306
-304
-284
-279
-295
-328
-353
-336
-310
-317
-357
-388
-380
-369
-386
-418
-436
-421
-407
-425
-444
-445
-433
-415
-387
-359
-349
-368
-364
-283
-184
-168
-197
-164
-46
67
89
92
173
310
396
404
433
555
688
757
760
785
892
1021
1102
1117
1129
1156
1221
1319
1396
1402
1346
1317
1377
1479
1511
1432
1329
1302
1344
1390
1345
1212
1064
1001
1043
1052
913
680
526
525
539
412
188
17
-37
-75
-205
-368
-476
-527
-597
-729
-853
-911
-910
-929
-1025
-1130
-1166
-1131
-1092
-1105
-1165
-1183
-1125
-1058
-1030
-1027
-1001
-934
-870
-825
-789
-722
-637
-576
-535
-481
-419
-357
-282
-220
-178
-146
-126
-82
-3
53
60
43
47
77
115
132
123
106
77
52
50
64
54
11
-40
-64
-68
-81
-114
-146
-164
-182
-217
-255
-261
-262
-269
-296
-332
-337
-330
-331
-337
-342
-339
-347
-362
-351
-314
-286
-303
-337
-329
-267
-214
-211
-241
-255
-216
-160
-136
-129
-128
-134
-122
-99
-68
-29
-15
-35
-53
-36
24
66
72
67
62
90
138
174
221
254
260
283
323
391
466
510
522
539
592
677
742
761
757
794
869
912
904
889
925
974
986
948
898
900
935
926
868
788
742
748
748
689
585
503
475
467
413
312
208
165
148
94
3
-90
-140
-155
-196
-281
-353
-384
-404
-444
-496
-537
-544
-550
-585
-617
-620
-591
-576
-590
-610
-614
-573
-520
-509
-519
-529
-510
-451
-403
-396
-399
-391
-367
-338
-316
-310
-306
-295
-294
-295
-282
-275
-279
-280
-289
-299
-305
-309
-317
-328
-344
-367
-376
-375
-374
-390
-410
-427
-430
-408
-402
-423
-441
-437
-410
-387
-390
-390
-359
-323
-311
-310
-285
-225
-164
-150
-183
-175
-78
19
51
33
18
89
204
260
251
249
299
380
427
434
444
490
560
592
597
597
620
669
709
706
679
668
682
722
751
729
679
656
683
731
751
709
646
636
679
712
698
668
649
664
683
675
675
697
708
675
626
601
629
672
642
531
438
438
489
501
399
238
157
186
212
137
-26
-157
-183
-152
-189
-315
-439
-482
-467
-480
-568
-673
-714
-709
-716
-762
-818
-849
-848
-840
-843
-849
-863
-881
-869
-836
-817
-822
-816
-786
-742
-713
-703
-680
-610
-543
-523
-512
-479
-410
-333
-298
-294
-262
-195
-131
-108
-99
-62
8
57
47
30
60
121
153
131
99
104
146
167
140
110
104
113
115
80
38
24
21
8
-21
-51
-80
-100
-110
-128
-146
-160
-198
-237
-238
-220
-221
-240
-274
-286
-254
-211
-196
-211
-228
-223
-163
-69
-30
-59
-77
-10
119
208
204
171
205
310
400
431
428
434
482
555
609
626
615
613
657
705
709
670
636
652
690
700
652
605
608
627
615
583
555
539
518
470
433
432
436
387
314
287
298
305
260
178
123
121
115
73
6
-69
-118
-123
-123
-162
-238
-309
-346
-347
-352
-405
-480
-535
-564
-575
-579
-601
-644
-674
-673
-668
-666
-678
-695
-703
-696
-676
-659
-652
-658
-645
-599
-536
-488
-489
-499
-465
-397
-340
-316
-320
-313
-269
-209
-173
-156
-127
-89
-63
-52
-39
-16
20
36
18
11
35
73
95
97
83
91
129
155
152
137
136
140
152
167
173
184
187
173
175
205
237
247
226
192
189
210
234
232
212
194
189
207
227
235
232
215
217
244
265
247
228
243
291
327
303
280
305
376
420
401
368
377
436
484
473
422
405
440
482
492
456
413
405
431
453
434
382
334
327
336
317
275
237
230
223
193
158
146
147
126
92
59
47
30
0
-20
-30
-31
-53
-87
-109
-106
-91
-101
-132
-166
-189
-190
-181
-187
-203
-238
-268
-259
-232
-223
-262
-312
-318
-281
-273
-318
-374
-386
-358
-344
-373
-413
-432
-424
-410
-416
-441
-461
-464
-455
-457
-471
-473
-464
-454
-451
-436
-404
-386
-400
-404
-361
-290
-255
-279
-299
-269
-192
-118
-87
-96
-101
-70
1
78
108
98
90
122
189
235
244
244
264
292
308
314
330
363
374
343
308
327
377
393
337
261
233
273
319
296
214
132
111
160
197
151
44
-28
0
52
35
-55
-123
-113
-64
-64
-128
-187
-179
-128
-105
-144
-209
-227
-182
-137
-139
-197
-235
-200
-128
-101
-146
-195
-176
-96
-48
-79
-139
-138
-72
-10
6
-28
-50
-21
40
102
118
88
65
93
159
193
176
142
142
181
213
228
234
230
209
192
210
245
249
195
128
117
166
207
182
123
78
63
87
108
101
44
-40
-77
-50
-8
-24
-100
-149
-143
-111
-120
-155
-169
-172
-182
-213
-237
-230
-214
-205
-215
-231
-228
-208
-178
-158
-157
-178
-194
-183
-147
-109
-107
-123
-129
-108
-53
-14
-3
-18
-44
-34
14
65
81
56
35
61
126
173
192
201
206
218
236
266
308
332
327
306
307
345
401
439
426
380
356
386
436
442
390
313
287
316
333
297
232
187
177
165
126
78
47
14
-36
-104
-157
-170
-169
-199
-259
-309
-325
-321
-320
-340
-387
-428
-437
-414
-405
-430
-454
-434
-393
-386
-411
-408
-357
-313
-316
-348
-351
-298
-225
-200
-230
-249
-205
-111
-44
-45
-77
-67
1
77
117
113
112
145
203
256
284
297
317
357
394
413
417
424
436
456
462
455
433
400
393
399
404
369
314
277
256
236
199
169
134
76
12
-23
-14
-9
-66
-143
-172
-136
-105
-144
-216
-245
-204
-174
-189
-218
-232
-216
-200
-169
-140
-119
-124
-143
-126
-75
-42
-56
-75
-59
-23
-11
-18
2
48
74
60
36
51
93
111
93
77
78
94
112
134
151
133
106
117
165
188
145
90
95
147
164
115
69
82
111
98
56
35
50
52
18
-27
-55
-61
-63
-77
-101
-140
-183
-199
-194
-191
-214
-263
-302
-314
-308
-310
-330
-358
-380
-382
-381
-389
-395
-397
-392
-382
-377
-381
-392
-380
-352
-328
-324
-345
-340
-306
-268
-245
-236
-224
-198
-177
-162
-139
-109
-79
-60
-55
-50
-24
33
80
85
75
99
160
212
220
195
194
242
298
318
291
270
289
337
366
346
312
300
315
318
293
258
239
240
228
194
153
130
132
128
103
49
2
-12
-1
3
-35
-79
-99
-82
-50
-59
-95
-110
-86
-51
-45
-76
-85
-63
-21
5
3
-2
12
45
70
88
96
105
114
137
160
181
194
203
220
241
261
271
277
279
287
295
292
293
285
278
273
268
260
247
230
210
193
169
140
114
93
68
40
9
-17
-27
-49
-69
-94
-114
-128
-143
-162
-178
-183
-189
-194
-207
-214
-214
-204
-204
-203
-218
-222
-218
-213
-210
-222
-229
-235
-227
-222
-223
-230
-234
-231
-226
-227
-230
-232
-235
-230
-223
-223
-218
-213
-210
-201
-196
-189
-186
-179
-176
-171
-165
-158
-147
-142
-130
-120
-106
-93
-81
-59
-35
-14
6
24
47
76
112
149
166
190
217
257
291
309
322
336
367
390
402
393
392
406
420
412
390
368
359
358
343
308
264
246
235
219
186
143
113
103
90
68
30
-5
-16
-24
-38
-62
-84
-98
-102
-109
-123
-138
-144
-142
-146
-153
-160
-161
-151
-140
-144
-143
-136
-119
-101
-89
-82
-70
-51
-38
-21
-9
8
29
47
59
70
87
105
118
116
116
119
134
137
126
110
102
109
107
93
69
47
39
34
15
-14
-45
-58
-61
-70
-96
-122
-134
-139
-141
-154
-176
-191
-195
-195
-198
-214
-226
-233
-227
-223
-232
-239
-249
-246
-242
-244
-250
-256
-258
-255
-248
-248
-249
-246
-235
-224
-215
-206
-196
-189
-178
-162
-145
-134
-120
-101
-80
-60
-40
-24
-6
17
40
64
73
87
112
134
150
168
183
196
219
237
250
259
271
286
297
306
315
320
331
341
343
342
345
346
353
345
337
330
321
316
308
290
268
257
241
224
202
181
156
136
118
98
72
44
21
-2
-17
-34
-59
-80
-94
-104
-118
-133
-146
-155
-161
-167
-170
-177
-177
-177
-172
-166
-164
-157
-151
-141
-132
-124
-115
-109
-98
-86
-79
-69
-58
-48
-38
-34
-27
-24
-19
-17
-15
-13
-18
-18
-20
-29
-30
-35
-41
-47
-52
-61
-71
-82
-89
-99
-110
-120
-127
-135
-142
-147
-155
-162
-169
-170
-177
-181
-181
-182
-183
-181
-176
-176
-167
-161
-154
-145
-133
-123
-112
-102
-88
-78
-64
-46
-34
-16
-2
15
32
47
57
71
82
94
111
121
126
140
153
162
170
174
182
190
195
199
198
197
200
202
203
202
203
199
198
196
195
196
191
189
182
176
174
172
167
161
157
159
154
154
149
142
144
143
139
130
121
120
121
117
113
105
102
103
100
96
86
78
71
68
63
49
37
29
20
16
4
-9
-20
-32
-36
-48
-66
-79
-91
-103
-112
-126
-140
-150
-159
-168
-181
-193
-202
-208
-216
-223
-232
-240
-243
-242
-247
-251
-250
-245
-237
-235
-231
-227
-217
-210
-203
-195
-185
-173
-160
-142
-128
-115
-102
-83
-65
-54
-41
-29
-15
1
12
26
32
43
56
65
71
78
81
86
90
90
90
83
85
80
76
69
62
59
51
45
34
22
17
8
-3
-15
-25
-31
-41
-45
-55
-59
-63
-69
-72
-76
-77
-74
-73
-72
-71
-61
-55
-49
-38
-32
-20
-8
7
20
33
46
56
72
84
96
112
119
134
144
157
166
172
183
191
198
200
207
212
213
214
217
216
211
211
212
204
199
196
187
178
171
162
149
139
128
115
101
87
73
58
45
31
17
3
-13
-29
-44
-62
-77
-91
-107
-120
-132
-144
-153
-165
-174
-187
-198
-208
-217
-226
-233
-238
-246
-250
-253
-254
-254
-256
-253
-249
-248
-241
-233
-234
-226
-212
-201
-192
-177
-166
-149
-127
-114
-95
-76
-59
-41
-21
-5
10
33
49
69
86
102
116
130
143
155
164
171
179
180
184
187
186
188
186
182
179
174
169
160
149
137
128
114
101
90
75
64
50
38
25
12
3
-11
-24
-35
-39
-50
-56
-60
-64
-66
-66
-64
-67
-62
-55
-48
-40
-34
-24
-12
-3
12
27
39
52
69
84
95
109
122
133
147
157
165
168
179
184
188
193
189
190
183
181
174
165
159
148
135
120
106
90
74
59
41
23
5
-12
-29
-50
-65
-81
-102
-115
-128
-145
-154
-166
-178
-186
-199
-205
-210
-217
-218
-224
-227
-223
-220
-216
-214
-208
-203
-195
-186
-177
-170
-163
-150
-142
-132
-120
-108
-98
-86
-76
-67
-58
-47
-37
-33
-26
-20
-16
-12
-4
0
3
10
13
16
21
21
25
25
30
31
30
32
34
36
40
42
45
51
50
55
54
58
61
66
67
70
75
78
81
79
85
87
87
88
91
94
95
96
98
98
97
96
96
96
93
93
86
84
82
75
72
67
61
55
46
42
36
25
18
12
7
1
-13
-15
-20
-29
-33
-43
-48
-53
-56
-61
-59
-63
-65
-60
-65
-64
-61
-58
-55
-54
-49
-45
-40
-36
-28
-23
-17
-13
-5
3
9
13
19
23
26
32
35
35
39
42
44
43
45
47
40
45
39
33
29
22
18
12
10
5
0
-7
-14
-21
-26
-35
-40
-51
-59
-61
-70
-74
-78
-82
-86
-92
-94
-97
-102
-102
-103
-101
-99
-99
-99
-98
-91
-86
-81
-79
-71
-62
-60
-49
-41
-35
-24
-15
-5
4
14
27
34
40
51
58
67
76
81
90
94
101
105
108
116
115
121
123
122
123
124
124
120
121
116
115
111
107
105
102
96
94
90
79
75
68
60
58
49
44
35
26
21
9
2
-7
-18
-27
-38
-44
-56
-65
-72
-85
-93
-105
-112
-116
-122
-126
-134
-141
-144
-147
-147
-148
-149
-146
-144
-141
-134
-133
-127
-117
-111
-106
-96
-89
-81
-67
-58
-49
-37
-29
-17
-3
8
20
31
41
56
62
70
81
92
99
106
113
117
125
130
132
135
135
136
136
132
128
126
124
117
110
106
93
85
79
69
60
51
42
33
28
18
9
4
-6
-15
-21
-25
-30
-34
-36
-38
-41
-45
-44
-41
-43
-42
-39
-37
-34
-31
-31
-25
-19
-15
-8
-4
1
7
11
16
22
26
30
34
36
39
40
44
44
46
46
44
44
43
35
35
33
28
25
21
16
9
9
0
-4
-8
-19
-20
-27
-33
-35
-42
-48
-50
-55
-58
-60
-63
-64
-64
-70
-74
-75
-76
-75
-77
-74
-74
-78
-77
-75
-74
-74
-72
-72
-75
-72
-76
-75
-74
-72
-72
-72
-71
-71
-72
-71
-68
-69
-67
-69
-67
-66
-64
-62
-58
-55
-55
-49
-47
-43
-35
-32
-27
-22
-13
-11
-4
5
9
19
26
33
42
49
55
65
70
75
83
90
97
102
106
106
112
116
121
123
127
128
129
130
134
132
129
129
125
126
121
118
113
108
101
92
89
83
74
66
65
57
46
43
35
27
20
15
10
3
0
-8
-18
-22
-25
-30
-35
-37
-44
-45
-48
-49
-50
-52
-53
-53
-52
-57
-52
-51
-49
-45
-44
-44
-39
-38
-38
-30
-28
-23
-18
-17
-15
-11
-8
-7
-4
-2
-2
2
4
5
10
11
11
12
12
13
12
11
10
9
7
4
1
1
-4
-8
-9
-13
-21
-22
-28
-34
-40
-46
-52
-58
-63
-70
-73
-79
-84
-90
-96
-97
-103
-106
-108
-114
-114
-119
-121
-118
-113
-116
-110
-105
-106
-105
-97
-94
-89
-81
-75
-64
-56
-47
-39
-27
-18
-7
6
18
30
41
55
69
80
90
101
111
122
133
147
158
161
173
180
184
188
193
198
197
204
201
199
199
197
192
191
186
179
175
165
158
149
139
132
121
108
98
84
71
59
44
29
17
3
-10
-20
-33
-42
-56
-69
-83
-92
-101
-110
-115
-123
-127
-135
-139
-140
-141
-143
-143
-140
-138
-137
-129
-122
-118
-112
-103
-100
-95
-85
-80
-68
-57
-52
-45
-32
-22
-20
-10
-3
-2
8
9
13
18
21
22
26
23
23
24
18
13
10
7
-3
-8
-11
-19
-26
-30
-38
-45
-53
-61
-70
-79
-86
-90
-99
-102
-104
-116
-114
-120
-123
-120
-122
-122
-120
-118
-115
-110
-105
-100
-95
-88
-82
-72
-60
-49
-41
-29
-19
-12
4
10
25
35
46
63
67
80
88
97
110
116
125
128
138
143
146
151
152
156
158
156
157
159
156
156
155
149
147
145
138
135
132
124
117
110
102
96
91
83
78
70
61
53
44
40
33
27
23
15
8
0
-3
-7
-13
-18
-20
-25
-33
-35
-39
-45
-48
-49
-53
-57
-59
-64
-63
-68
-72
-72
-72
-76
-78
-77
-79
-80
-81
-85
-85
-85
-86
-84
-82
-81
-81
-80
-81
-82
-82
-81
-77
-76
-74
-70
-70
-70
-67
-65
-64
-58
-56
-53
-48
-46
-45
-42
-42
-39
-38
-33
-27
-27
-19
-18
-16
-13
-13
-14
-12
-10
-12
-8
-7
-7
-7
-2
-2
2
4
6
7
6
10
7
9
11
13
13
19
21
23
28
28
30
33
34
36
44
44
48
51
55
60
62
67
69
73
79
80
85
88
90
97
99
101
106
107
108
110
115
114
117
120
120
120
120
115
113
113
108
105
100
96
92
87
81
74
74
68
62
54
48
43
35
30
22
17
13
7
-2
-6
-15
-25
-30
-39
-44
-53
-64
-66
-76
-82
-86
-91
-94
-100
-102
-108
-112
-114
-117
-120
-121
-120
-125
-126
-124
-125
-124
-124
-122
-119
-117
-112
-111
-108
-102
-99
-96
-92
-84
-82
-76
-69
-65
-54
-52
-46
-38
-34
-29
-26
-20
-11
-7
-4
0
7
14
15
18
22
26
28
34
38
39
44
42
45
44
44
45
46
46
46
44
45
43
44
44
42
41
38
34
34
33
29
28
30
31
27
28
29
29
29
27
27
27
30
30
29
33
34
35
35
35
35
37
40
38
41
40
39
42
44
40
37
38
37
38
36
39
36
36
38
32
32
29
26
24
20
17
15
12
8
7
3
-1
-5
-5
-10
-15
-18
-21
-24
-25
-26
-29
-33
-34
-35
-39
-40
-41
-43
-46
-47
-45
-49
-48
-48
-52
-52
-53
-49
-50
-50
-49
-52
-53
-54
-54
-55
-52
-50
-51
-47
-46
-47
-43
-42
-41
-38
-34
-32
-33
-27
-26
-20
-21
-21
-18
-15
-13
-9
-5
-2
4
6
9
12
19
21
22
27
29
31
37
41
42
42
46
50
46
50
55
53
55
56
55
53
53
55
55
55
54
53
49
49
47
45
42
39
36
31
28
26
25
20
19
15
14
6
7
3
2
6
0
0
-2
-3
-4
-4
-5
-2
-1
-5
-5
-5
-2
-5
-6
-4
-6
-5
-3
-4
-2
5
0
0
1
-2
2
-2
-1
-1
-5
-4
-2
-5
-4
-4
-6
-6
-6
-9
-11
-14
-15
-16
-18
-18
-22
-21
-22
-23
-26
-25
-25
-30
-29
-28
-30
-30
-29
-28
-30
-30
-28
-31
-28
-26
-25
-26
-27
-23
-25
-21
-21
-22
-20
-24
-25
-19
-22
-17
-16
-22
-18
-18
-17
-14
-15
-13
-11
-13
-13
-12
-8
-8
-6
-4
-3
-1
0
4
8
7
13
12
15
20
18
23
22
26
28
31
32
39
42
42
51
51
53
54
59
60
60
66
65
64
65
67
66
67
67
68
65
63
62
63
59
57
56
48
44
38
37
31
30
26
19
13
6
1
-2
-8
-13
-20
-28
-26
-35
-42
-42
-49
-52
-60
-62
-67
-70
-74
-76
-77
-82
-80
-81
-84
-86
-89
-86
-89
-87
-85
-82
-84
-80
-77
-75
-74
-69
-66
-65
-59
-57
-54
-50
-46
-44
-37
-32
-27
-22
-17
-13
-7
-4
0
4
6
10
13
18
18
25
27
27
35
35
36
41
43
43
44
45
46
44
43
44
44
42
39
42
40
36
33
33
32
29
27
24
20
19
19
16
13
11
11
7
3
2
0
-2
-3
-4
-2
-3
-7
-6
-7
-3
-2
0
0
1
3
2
5
6
7
11
14
17
22
22
25
31
31
32
38
40
42
47
48
51
54
59
56
57
58
60
58
57
59
55
55
52
49
47
43
40
32
32
29
25
19
11
7
2
-3
-6
-8
-19
-24
-31
-37
-46
-49
-52
-59
-61
-67
-74
-77
-79
-86
-86
-85
-91
-90
-91
-92
-89
-86
-88
-87
-85
-84
-80
-76
-72
-69
-63
-59
-56
-53
-47
-43
-36
-27
-23
-18
-14
-8
-3
2
9
12
17
22
23
31
30
36
40
40
45
43
46
47
50
53
53
52
52
52
49
51
51
49
46
48
46
43
39
39
38
37
40
38
35
35
32
32
33
34
33
30
32
32
30
32
35
35
33
35
32
31
31
30
30
34
33
31
32
32
31
32
30
30
30
25
27
26
25
21
17
18
17
15
14
11
10
4
2
-2
-4
-6
-12
-12
-13
-17
-20
-22
-24
-27
-30
-34
-37
-40
-41
-44
-43
-47
-50
-49
-51
-56
-55
-53
-57
-58
-59
-59
-62
-60
-61
-64
-63
-63
-63
-63
-63
-63
-61
-57
-60
-57
-56
-57
-51
-54
-53
-51
-47
-42
-43
-41
-35
-35
-29
-28
-29
-27
-26
-25
-19
-16
-14
-11
-7
-5
-4
0
1
2
3
8
12
11
15
16
18
18
17
22
20
23
27
28
27
29
32
30
31
32
31
34
37
34
34
33
31
33
34
35
34
36
37
36
37
36
36
37
38
37
36
36
37
38
38
42
36
37
37
33
36
36
33
33
34
31
26
29
27
23
23
25
23
20
20
20
17
13
13
14
10
9
9
8
5
3
4
1
-2
-2
-4
-8
-12
-14
-18
-18
-22
-23
-24
-26
-27
-31
-29
-34
-34
-35
-42
-42
-39
-42
-42
-45
-43
-44
-46
-43
-43
-45
-41
-45
-42
-40
-44
-41
-42
-41
-39
-39
-41
-38
-36
-35
-36
-32
-30
-35
-30
-28
-26
-27
-26
-26
-25
-24
-26
-24
-23
-25
-20
-22
-21
-20
-19
-17
-18
-18
-18
-15
-14
-11
-7
-5
-3
-1
2
7
12
15
22
24
27
35
39
42
50
52
55
64
67
67
75
79
79
83
87
88
93
95
99
99
101
102
99
100
100
99
97
91
89
84
80
79
72
69
63
54
51
44
38
33
24
19
14
7
4
-1
-12
-16
-20
-27
-28
-32
-36
-40
-43
-49
-49
-50
-55
-51
-51
-54
-52
-52
-49
-52
-52
-49
-50
-48
-44
-44
-43
-39
-39
-40
-34
-32
-35
-33
-28
-29
-26
-26
-25
-25
-25
-21
-22
-24
-23
-21
-22
-28
-24
-25
-25
-28
-25
-23
-27
-26
-26
-27
-28
-28
-28
-31
-31
-28
-27
-30
-25
-26
-27
-27
-28
-24
-26
-23
-22
-21
-20
-20
-20
-20
-18
-17
-16
-14
-9
-13
-9
-6
-5
-5
-1
-2
-4
0
-2
0
3
3
5
9
12
15
15
19
24
27
28
31
35
37
40
44
46
46
50
51
53
53
57
58
62
63
65
65
66
67
67
67
65
66
66
62
62
62
57
56
54
52
48
47
40
35
33
29
24
21
14
12
6
1
3
-6
-9
-10
-15
-17
-21
-25
-31
-34
-36
-36
-37
-37
-41
-43
-40
-44
-45
-47
-47
-49
-47
-48
-45
-44
-46
-46
-45
-44
-44
-42
-42
-43
-41
-41
-40
-37
-36
-34
-33
-32
-35
-32
-31
-33
-29
-30
-29
-29
-30
-28
-28
-31
-24
-25
-24
-25
-21
-17
-23
-20
-20
-17
-17
-15
-13
-11
-7
-6
-5
-3
-1
1
0
8
8
10
11
16
16
14
20
17
23
21
24
27
26
31
32
32
35
35
36
36
38
38
38
38
38
38
39
39
36
37
37
38
38
38
37
35
39
34
36
37
34
37
36
36
32
36
35
32
33
31
32
29
29
31
29
29
27
27
25
23
23
18
19
14
12
13
6
7
7
4
-1
-3
-4
-11
-10
-17
-20
-20
-26
-27
-31
-37
-36
-37
-37
-36
-38
-40
-45
-48
-49
-48
-47
-46
-49
-50
-46
-45
-46
-44
-41
-43
-40
-35
-38
-34
-29
-28
-22
-16
-19
-18
-13
-15
-8
-6
-6
-2
0
3
5
5
5
7
7
10
12
10
10
11
9
12
9
11
10
8
9
11
11
8
9
9
10
9
10
6
5
5
5
6
6
4
5
5
3
4
4
7
9
8
6
8
6
8
7
8
9
11
12
11
12
12
11
12
11
8
12
14
12
10
10
11
8
9
8
5
4
7
6
3
5
1
1
1
3
1
1
2
-1
-4
-4
-2
-5
-5
-3
-6
-6
-8
-7
-9
-11
-14
-14
-13
-15
-15
-13
-15
-17
-14
-17
-19
-19
-20
-21
-23
-23
-26
-23
-24
-25
-26
-26
-24
-21
-21
-25
-23
-22
-21
-18
-18
-17
-16
-14
-10
-10
-7
-2
-1
3
7
5
8
12
12
13
17
18
19
24
25
26
28
30
29
32
31
32
31
32
32
32
37
31
30
33
31
31
28
28
24
24
24
20
22
22
20
17
15
15
14
13
11
10
11
8
7
5
4
5
5
3
2
2
0
1
0
2
-1
-6
1
-3
-8
-8
-10
-12
-12
-15
-15
-18
-15
-18
-21
-20
-19
-19
-21
-25
-25
-25
-31
-30
-31
-34
-35
-32
-33
-34
-34
-35
-37
-40
-40
-39
-38
-37
-34
-35
-34
-30
-31
-30
-24
-24
-22
-20
-20
-17
-17
-14
-14
-12
-4
-3
-1
2
9
6
9
11
11
15
13
17
18
19
22
24
24
27
28
31
31
31
32
30
32
31
34
33
32
35
34
33
36
34
34
34
35
34
35
37
36
36
33
36
35
34
35
36
34
35
33
36
31
29
33
26
27
29
30
27
28
27
23
28
26
23
23
23
21
20
19
19
16
12
13
13
12
12
10
10
6
5
7
2
1
1
0
-4
-5
-7
-12
-9
-15
-16
-17
-22
-18
-21
-23
-22
-27
-29
-28
-30
-33
-36
-38
-38
-41
-44
-44
-47
-48
-51
-53
-54
-56
-59
-60
-60
-61
-62
-66
-66
-65
-67
-68
-68
-70
-69
-66
-67
-65
-61
-61
-59
-53
-53
-50
-47
-46
-41
-38
-34
-32
-27
-18
-14
-9
-6
-1
7
11
10
15
21
21
24
30
31
33
38
39
43
46
48
49
51
53
53
56
57
54
55
56
54
56
52
53
50
48
49
45
45
46
42
40
39
33
29
28
28
27
21
20
18
15
15
10
12
8
10
11
10
8
4
5
5
7
3
3
-1
-4
-1
-4
-4
-5
-5
-5
-10
-7
-6
-7
-10
-8
-7
-11
-7
-7
-11
-10
-12
-14
-13
-13
-13
-15
-19
-18
-19
-21
-19
-20
-23
-23
-22
-23
-22
-21
-23
-23
-24
-28
-24
-25
-28
-26
-30
-32
-26
-27
